5331   281613  
5338   281638 281639 281640 281641  
5339   281663 281671 281674 281680 281685 281686 281689 281691 281693  
5340   281707 281726 281727  
5345   281797  
5351   281974 281975 281976  
5352   282033 282034 282035 282037  
5355   282092  
5391   282707 282708 282709 282710 282711 282712  
5393   282730 282731 282732 282733 282734 282735  
5394   282799 282800 282807 282814  
5395   282842  
5401   282917 282918 282919 282920 282921 282922 282923 282924  
5405   283040 283041 283042 283043  
5406   283049 283050 283052 283059 283067  
5416   283270 283283  
5418   283305 283306 283307 283308  
5421   283353 283358 283359  
5423   283407 283408 283413 283414 283415 283416  
5424   283453  
5427   283478 283481  
5433   283548 283549 283550 283551 283553 283560  
5437   283672 283675 283676 283680 283681 283682 283685  
5439   283820 283830 283834 283835  
5441   283863 283865  
5442   283876 283877 283878  
5443   283884 283885  
5446   283933 283934  
5448   283946 283964  
5450   284006 284014  
5451   284025 284029 284035 284036 284037 284038 284039 284040 284041 284042 284043 284044  
