281613
281639
281641
281686
281691
281693
281707
281726
281727
281797
281975
281976
282033
282034
282035
282037
282092
282708
282710
282712
282730
282731
282732
282733
282734
282735
282800
282807
282814
282842
282917
282918
282919
282922
282923
282924
283042
283043
283049
283050
283052
283059
283270
283283
283305
283306
283307
283308
283353
283358
283359
283407
283408
283416
283453
283478
283548
283680
283681
283682
283685
283820
283830
283834
283835
283865
283876
283877
283884
283885
283933
283934
283946
283964
284006
284014
284025
284029
284035
