1167.93
1172.17
1106.98
1073.13
918.693
1164.89
1148.3
1314.69
1133.18
817.663
1068.98
1168.09
1320.34
1473.33
955.741
1126.45
1038.49
1253.14
1457.26
1097.28
987.176
1141.25
777.612
880.092
973.642
1094.23
1492.36
1094.11
1044.78
752.597
1353.23
1374.65
1162.64
1451.85
1371.78
1239.66
1228.18
1408.03
1044.4
1485.83
1005.42
1074.15
1447.79
1255.97
1433.72
1177.1
632.55
856.702
1203.12
1129.17
1056.75
921.502
1432.8
1261.89
1195.03
1181.84
1394.14
812.871
1225.83
1409.9
1120.76
1424.23
1167.25
1200.31
870.967
1282.55
1005.77
720.124
1155.21
1091.53
1338.02
1048.95
971.815
991.196
991.381
1135.35
1141.31
1031.55
749.603
1092.54
794.753
1003.73
1061.45
735.62
1383.84
1412.62
1191.45
941.747
849.81
989.407
1418.75
1129.04
1247.18
926.683
937.472
1091.6
904.033
1138.56
1163.42
1058.28
1106.79
1220.73
981.849
896.198
1058.11
1053.4
793.562
1022.8
1377.25
1087.39
1373.11
985.538
1143.61
1267.64
941.441
1267
974.538
858.62
904.517
956.396
941.413
1211.78
1179.81
1210.51
1221.61
1348.96
750.136
849.21
1099.45
946.172
1318.01
969.882
1036.86
1292.9
919.392
900.391
1193.37
1097.59
1185.69
1305.9
1160.65
1281.27
1150.58
1018.78
1412.5
1026.73
813.81
1450.67
1356.03
1335.05
1343.67
1155.56
1022.37
1350.86
997.119
1298.49
1159.41
1096.31
1426.4
1383.03
895.131
953.396
945.01
949.954
1150.53
983.205
1252.06
1006.66
1201.83
917.28
1008.98
1462.69
961.975
989.356
1252.6
955.517
722.554
990.549
908.692
912.207
1156.18
1109.92
1131.59
1129.55
1135.16
1102.99
990.155
1043.45
1170.14
1413.13
1207.37
1095.27
898.966
1322.11
1156.61
1224.47
987.432
1217.48
1016.84
1143.67
1159.09
948.16
1455.96
1416.88
951.306
1375.42
1163.73
761.538
1284.13
1130.75
1139.01
868.504
1051.52
1206.8
955.145
1185.92
896.5
860.235
1468.36
876.895
1018.75
1076.82
1188.3
1280.08
872.977
758.169
944.22
791.759
642.177
1114.17
828.163
954.795
962.089
1003.22
1469.07
1398.05
1234.69
1147.69
1484.28
1020.79
1091.47
1190.48
841.034
1071.71
961.059
921.409
1155.49
1003.66
1154.4
1211.54
1450.7
1287.46
1346.16
1144.29
1143.84
1363.43
1209.58
1026.09
906.529
1477.76
983.633
998.735
1029.95
875.437
1228.8
1004.01
943.016
980.667
1027.32
1498.61
979.521
1311.11
1011.88
1410.04
877.573
998.542
1043.56
1143.92
1015.44
1346.6
1009.22
1344.66
1044.33
1019.56
1073.02
1099.85
1103.07
1010.51
1429.69
923.593
1018.4
811.066
1213.97
1280.38
994.487
1175.16
819.211
921.48
1022.26
1282.49
888.68
904.278
869.053
1110.45
901.01
1106.23
1073.85
1139.24
856.314
1339.49
1183.57
1138.18
1034.48
941.205
1161.9
1335.88
1300.72
1194.92
1050.89
1223.63
897.265
1246.4
1202.41
820.337
976.313
1401.12
1118.21
1407.57
987.402
1215.63
1073.06
1418.3
1364.42
1357.89
1306.53
1364.39
1039.9
1122.8
1487.29
1044.34
935.498
1336.2
948.302
1441.16
992.474
1262.36
1290.93
1150.6
979.274
962.152
867.575
1275.8
1192.21
1138.4
1014.27
1059.71
1109.63
1029.61
1166.27
1109.85
1069.59
921.857
644.713
1124.02
999.26
1451.83
1058.96
1268.82
1017.81
878.293
1149.36
1101.1
1093.1
1350.99
991.849
1360.46
1271.2
959.384
1442.86
1409.91
1287.73
1069.12
1417.45
1011.4
999.612
978.857
1466.81
1405.63
1329.64
941.611
1387.8
991.936
1125.54
1087.09
1347.69
1109.87
1121.84
1358.88
1067.68
1066.37
1209.2
1324.16
1042.41
975.022
1321.24
988.87
1314.32
1327.12
1365.95
1467.12
1021.93
1482.2
1101.08
1247.85
790.02
1478.67
1349.16
1016.69
931.933
1335.38
1240.86
1059.47
1370.97
1321.49
1236.6
1191.82
1458.61
1077.55
1075.66
1104.04
1080.57
1049.12
1079.38
1379.9
1091.94
1132.86
779.506
1431.54
1085.39
1233.97
1028.15
1226.56
1349.21
1305.89
1318.62
922.559
1075.73
955.49
1211.84
1233.08
1021.02
876.08
1072.29
1122.12
1010.8
869.655
1213.78
1408.56
1305.91
935.398
1404.87
1280.11
1230.31
955.417
1395.98
1461.3
1459.17
1045.19
749.363
1297.89
1235.38
1070.83
1087.38
1288.75
1108.39
1461.09
1264.72
1209.74
1190.06
1310.43
1194.66
996.359
1498.34
1379.85
994.017
1480.05
1319.1
1112.35
1220.09
1267.66
1298.32
960.656
1306.57
1095.82
1061.63
1113.13
1240.71
893.864
1071.56
1160.43
1178.49
1230.02
1231.94
1049.45
1039.28
1425.75
1139.77
1147.24
744.662
772.578
1486.15
1426.9
1487.02
1325.23
1481
1174.05
1013.25
919.544
1132.98
1395.44
1065.73
1089.72
1288.65
1033.09
822.979
970.874
1313.63
1060.69
1157.82
1269.58
939.385
1243.33
1091.88
1098.17
989.642
1036.67
910.234
1270.9
1380.53
1107.02
1021.66
1281.11
1232.52
1277.27
1406.84
922.109
1146.17
1038.21
1025.11
952.784
1301.58
1243.28
1321.97
889.379
1173.89
1256.61
1020.13
1162.42
892.379
1462.7
918.14
1131.81
854.72
1402.72
1125.84
1180.53
756.214
981.489
1107.26
1015.06
1080.23
1372.8
1177.58
1171.74
1106.18
1180.24
1473.16
963.628
920.614
1056.05
1361.88
1191.52
1113.19
885.798
1039.25
1485.88
1487.42
1156.64
912.536
1484.93
1223.46
1175.89
1131.2
1435.58
1247.83
1415.4
1255.55
925.727
1171.87
1074.26
961.815
852.554
1150.55
991.421
1035.19
957.096
1492.88
797.131
881.821
907.541
1345.32
982.817
1054.18
1036.95
1026.69
1431.78
734.648
1259.17
1051.34
1062.54
1470.95
1287.94
1042.54
1319.31
1192.17
1125.16
1286.7
1475.12
1146.16
1101.11
1114.31
1347.25
1411.42
1301.29
993.822
1161.88
1376.43
977.436
834.135
1323.14
1178.82
1437.7
990.23
1251.13
932.563
1214.34
918.037
925.694
1187.97
1181.34
1355.28
1267.5
1372.16
1382.91
1223.78
1482.68
1392.79
752.623
1281.19
952.593
915.491
1038.4
1116.89
1205.46
1251.25
1123.48
1129.65
1314.75
1171.86
1198.3
1003.94
1159.12
1422.55
1188.92
1162.97
1479.78
1051.02
1122.09
929.557
1086.46
1370.36
1005.2
1227.13
1218.14
1158.94
1081.88
956.703
1033.56
923.318
1027.38
1401.48
1276.84
1205.45
1243.55
1438.18
984.126
1286.7
1490.58
1469.96
1103.27
1433.4
983.973
931.699
1351.57
1198.21
1262.22
927.502
1458.73
1103.93
1280.42
1373.56
912.39
1092.29
1335.56
968.586
1390.25
1436.49
1190.84
1370.12
1426.99
1321.69
1113.93
1236.43
1463.12
1215.61
1216.03
1270.68
1426.55
1136.31
1232.88
911.936
1282.84
1415.16
1096.53
1012.81
1033.43
1116.65
1104.8
1227.6
1034.15
1052.83
963.854
1419.54
1004.49
1156.54
1014.09
1197.22
1268.02
1018.92
1065.94
1038.7
871.556
1420.57
1381.02
1267.85
887.078
931.464
1493.32
991.671
1220.39
1469.58
1439.31
956.428
1141.97
933.937
848.822
1237.51
985.778
904.838
987.719
1229.55
1149.66
1180.38
997.493
1311.98
1154.83
1436.27
1228.56
1039.55
811.687
1214.03
1004.44
905.758
815.444
985.267
1035.14
1150.1
1219.24
992.418
1254.46
832.463
952.975
1028.22
1104.38
999.457
862.403
1105.25
1029.81
1033.9
1180.59
1170.85
1219.94
1133.35
1278.84
932.701
1142.05
1093.54
1378.19
1099.66
1499.73
1231.31
1333.32
962.943
945.937
984.691
896.413
1170.22
1048.83
829.937
879.603
1202.73
1023.84
1043.6
1096.68
991.954
1170.64
1043.75
1252.35
733.54
1047.12
1181.04
1072.49
853.053
1422.19
1093.41
1081.01
933.695
829.212
1163.2
1220.19
966.971
1410.47
830.112
1062.95
1231.58
1062.96
1083.35
879.27
1098.89
1402.49
1394.6
1201.7
972.728
1094.25
1164.42
1376.86
1088.03
903.696
1126.45
1156.77
1210.27
1088.64
979.308
983.547
1121.74
1114.56
1092.09
1080.67
1160.03
1093.03
1256.71
1316.96
1118.26
1079.34
1214.35
1117.53
1282.1
894.412
1160.3
967.851
1389.06
1223.9
1214.62
1133.94
1004.22
974.324
996.078
1116.49
1441.32
1199.02
973.202
975.128
893.232
1100.49
789.176
1115.91
899.133
958.137
909.118
895.03
1189.04
1138.67
819.416
1125.63
1110.71
755.996
941.489
825.704
1173.22
1090.2
1326.63
939.72
1305.78
869.36
930.873
1463.87
1458.14
1202.96
995.765
850.028
1424.09
1444.19
1294.41
1265.66
1128.31
971.794
1142.92
1268.02
1184.38
905.22
947.213
1094.22
1003.61
1318.98
1002.59
1286.26
1152.75
987.955
1176.99
983.772
1146.14
946.8
912.06
1044.87
1161.78
903.146
1139.93
950.411
1434.58
1000.08
1354.29
1380.2
956.309
1388.41
949.809
885.628
892.44
869.942
1446.84
1073.3
1020.67
1345.76
1496.45
1029.17
1150.02
1426.31
1421.84
1415.02
1044.66
886.98
1012.09
981.7
1085.83
1212.82
1080.79
1342.84
920.531
1126.83
1263.23
1459.56
1149.17
1179.78
1244.46
1485.27
1274.12
1298.67
1382.43
1013.23
1160.75
1366.03
1260.76
1164.31
974.675
1388.82
950.068
1201.78
1279.82
839.21
940.707
1159.61
1174.55
1363.21
835.709
868.436
915.102
1103.87
1007.91
1173.52
1110.17
1030.92
1437.48
1451.88
1308.87
1280.71
1029.84
1273.74
1454.97
1099.38
1236.36
1213.93
1467.9
1094.55
982.315
1288.99
1247.78
984.447
932.396
1028.63
1339.4
1226.83
1004.98
1090.77
1238.54
920.008
1460.71
967.334
1089.89
764.327
1229.52
1069.6
1167.52
891.958
828.519
960.772
1050.76
1269.25
953.208
1441.59
1275.68
1266.46
1282.94
1391.25
1360.8
1349.92
1407.91
1202.09
1177.47
1286.16
1100.68
899.08
1231.82
1039.39
1444.49
1297.48
1265.1
859.448
1496.36
1208.61
1459.58
1084.86
934.708
1295.46
1193.75
1222.44
1021.08
1207.73
1394.18
1035.81
1222.16
1429.3
1457.13
1124.25
1181.66
708.156
1155.59
1349.91
968.091
1167.23
1495.17
1048.76
1106.9
1278.94
1059.76
1494.88
1313.55
1353.1
1104.65
1277.12
1204.14
1283.31
1349.01
1021.33
933.964
1376.56
1156.16
1197.05
1084.43
1161.19
1323.41
875.326
1172.01
1423.54
1149.63
1266.87
847.666
1276.82
978.624
1192.03
1336.89
1079.7
936.852
949.648
1393.09
1129.32
1394.03
1006.34
1152.32
1110.38
891.892
1272.9
1110.61
844.483
976.364
1245.73
1323.97
1376.5
990.376
1487.5
1374.62
1223.83
986.997
902.664
1052.45
955.645
1182.32
1495.82
1136.31
1022.89
1458.27
1062.87
976.764
955.468
921.297
1217.31
1231.84
1163.24
987.147
1363.28
1183.59
1441.16
1154.35
1095.87
1343.13
1075.44
1321.22
1162.84
1238.96
1113.49
945.452
1073.52
1230.13
1444.42
1418.75
1248.33
978.064
883.121
882.956
1229.16
858.608
1327.96
1099.66
1141.38
1105.03
1211.88
1218.14
1112.73
1082.02
1085.8
1360.18
1199.54
874.743
909.145
984.591
904.042
1203.21
974.209
1146.31
969.956
1202.47
1216.84
972.273
1084.48
1118.64
1381.33
1030.8
1360.16
875.737
1330.06
956.289
947.403
959.991
1039.15
1234.88
1126.54
1288.04
1073.44
1269.15
912.735
1088.02
1136.7
987.463
1227.53
1147.35
1503.33
1293.06
1103.18
1271.71
1367.91
870.262
1375.33
1238.89
1063.34
1167.69
1025.22
1313.69
1134.01
1279.73
1046.66
1101.52
1054.12
973.974
1127.03
1224.66
1000.6
1091.61
1417.75
1123.41
1100.05
1080.03
1031.13
1380.98
1064.57
1209.77
1096.93
1075.89
1214.11
1184.38
1093.01
1372.57
1106.97
1231.28
991.22
1304.43
1154.21
1316.35
1060.97
932.013
1080.23
1377.56
1284.98
1127.63
1143.86
1216.55
1243.1
778.601
1476.57
1021.68
938.961
1007.13
1406.49
1032.88
1237.32
856.153
1247.04
1218.34
1062.05
1063.65
1075.36
1371.08
907.851
1315.03
961.252
1173.75
1063.07
827.894
1149.28
935.828
1199.04
1055.03
1235.38
997.115
1112.73
1052.14
928.482
1233.61
933.439
1164.5
1304.44
960.533
1023.94
1188.57
895.995
1107.71
1403.05
1315.61
1104.08
929.421
575.505
1261.87
1068.07
788.573
1106.61
986.976
1300.49
1150.46
1075.14
965.903
1205.14
877.465
986.28
1305.67
1115.54
1054.4
1189.92
859.567
861.025
1214.28
1359.03
1246.08
1107.96
1178.54
1320.69
1081.97
1122.31
959.642
1282.87
953.483
1003.97
1208.24
1252.11
1009.51
1167.86
985.294
1134.84
1233.38
1032.19
967.87
1409.01
979.572
1295.89
1466.77
1017.66
1057.87
980.262
1131.57
907.24
965.73
1035.31
1381.84
1060.99
1375.65
1075.49
1455.85
1412.17
951.566
1286.88
1240.2
1276.14
892.974
1099.74
1002.11
1233.8
1136.47
1155.57
1307.02
1105.46
1004.58
1068.4
1040.29
1096.06
1335.53
1176
1397.68
1238.04
1178.06
940.329
910.238
1163.92
990.988
1062.54
1040.24
1157.27
773.391
1405.18
995.481
1121.28
1480.2
1241.02
1201.67
1045.31
951.007
1388.17
1273.82
1252.83
1198.92
829.677
979.222
1352.3
1211.65
1054.05
1136.25
882.231
1311.49
1183.68
1174.2
1126.96
1167.38
1192.89
612.077
1072.19
1071.58
1378.69
902.93
1198.8
956.797
1055.3
990.696
1071.54
1328.52
1149.89
1001.42
1109.54
1054.86
1289.27
1118.13
1082.06
960.042
1210.02
1311.24
1196.45
852.123
649.468
1157.85
1107.07
1165.48
1010.91
1213.5
962.428
1017.08
859.601
1091.73
979.974
1192.24
1068.92
1118.22
1090.02
1080.18
766.722
1111.49
978.996
1299.15
1091.61
1024.26
1435.4
868.612
1299.04
1157.37
1045.42
988.945
1098.06
986.274
1181.34
1139.64
929.037
975.196
1242.91
1067.54
1108.45
1149.1
1295.02
1095.38
1140.05
1127.61
1054.38
804.021
970.576
904.147
1240.92
1158.69
1234.31
1127.05
832.325
1342.44
1361.87
1112.18
995.702
1005.92
1425.19
909.7
1033.8
941.823
1128.96
992.369
1384.62
1105.16
1337.93
1315.8
1171.43
1067.1
1104.87
1246
1327.69
1028.5
1492.69
1301.96
1093.23
843.5
1007.05
940.257
1159.27
1030.47
1090.81
1311.69
989.392
985.364
820.008
1379.55
1159.12
1099.41
1391.78
935.535
697.802
1006.47
766.268
1357.34
1365.36
1232.95
1142.69
1039.05
1087.84
1411.41
1146.27
1086.21
1079.84
1081.35
954.136
1161.26
1038.81
1064.03
1168.57
1056.87
965.256
921.6
1479.74
1133.34
1196.81
1203.49
903.714
1090.2
1116.85
919.195
1036.87
1164.78
986.161
864.774
1265.77
893.819
1091.56
964.741
1064.45
1083.95
1170.08
1178.33
1182.69
1084.28
765.318
918.608
1375.03
824.193
941.365
1400.72
1198.43
880.411
1205.01
1365.07
973.855
1035.03
1073.74
934.312
1036.76
1202.42
1454.6
1107.04
938.477
1054.17
1340.27
1040.92
1023.15
1134.67
1149.96
1008.23
1041.37
1094.69
948.44
992.702
1057.66
1375.96
1223.18
1159.65
1062.52
972.016
1244.87
1158.33
1262.7
1291.59
1249.96
1059.39
1003.69
1028.78
1374.01
1019.88
1276.5
1089.52
1230.59
893.438
1160.69
1441.4
1054.28
1009.86
1143.69
993.928
1076.1
1050.54
982.671
1232.92
1135.34
1140.62
1284.31
1159.5
1007.49
949.721
1255.68
933.232
1041.5
1296.31
1068.57
902.768
1148.26
1440.23
1198.32
1450.74
1454.91
935.294
1065.44
1215.26
1199.64
1292.23
1372.29
1126.34
1327.09
1397.56
1136.23
963.136
1006.62
1214.67
1189.22
1080.56
1166.12
1211.82
1408.68
788.293
1086.44
970.889
1402.75
1078.65
1454.96
1177.84
937.919
1308.76
1405.62
994.058
943.462
1052.43
939.446
1417.2
1468.75
896.088
895.23
1040.74
1269.05
1051.52
1382.99
806.969
1395.8
1160.97
1109.79
1080.92
932.89
968.063
853.364
1394.05
1005.06
1037.99
1073.19
1365.06
1495.17
1319.47
1102.39
1418.85
1118.51
1124.02
1362.84
1442.95
1421.01
1364.81
1263.84
954.769
977.355
1078.84
1415.79
766.161
748.175
1070.55
1303.04
1061.78
892.463
996.376
808.4
650.492
891.542
1074.89
1179.2
1120.56
1011.83
1164.23
1408.41
884.873
906.468
1117.91
1165.98
1183.77
1061.81
1245.43
1421.97
1133.47
974.249
1066.28
1184.87
1344.69
1000.96
868.187
1147.15
915.485
1310.74
1173.47
963.772
1113.97
1329.5
1000.72
1297.7
980.986
1345.88
1357.5
1027.31
1299.52
1263.83
1266.22
1311.81
1117.74
1392.01
1101.08
1060.65
1333.09
1212.08
1370.29
1115.92
1443.87
1374.16
1069.42
780.141
1068.04
1030.44
994.615
1152.83
1352.12
1293.73
1389.33
1389.8
1490.99
1171.86
939.679
943.306
1119.13
992.854
996.7
1075.8
1273.54
902.304
1008.45
1049.28
962.64
1283.21
1312.37
1087.19
1290.61
1406.26
934.26
1256.51
1491.3
1421.55
1301.47
1494.67
1305.3
1034.97
820.372
1315.7
1385.94
858.1
1372.52
1066.27
1281.94
1073.47
1212.15
1190.01
985.129
1311.66
1360.5
1343.57
979.669
1128.83
952.844
1049.42
1274.55
1305.77
1264.07
1313.15
1419.54
993.127
1398.58
1074.26
1180.5
1235.83
1473.9
1295.89
1168.35
893.095
1180.42
1333.74
1067.35
1185.51
1169.15
1449.02
1122.8
1044.07
921.847
1194.73
1025.84
1146.35
1359.58
1045.15
1267.74
1225.88
1016.18
1268.28
1007.01
1117.66
1147.15
930.524
1210.99
1384.62
1033.2
982.377
1194.39
979.409
1317.8
1141.35
1168.16
962.503
1236.29
1145.2
1431.88
1071
968.366
1037.83
1193.71
1218.89
1229.3
1209.16
1007.33
1207.92
977.147
1500.23
1154.62
1069
1002.88
1157.11
1040.67
1285.98
1140.86
763.816
1200.47
1485.81
1012.47
1313.53
1028.22
794.657
1015.46
1338.5
1451.42
1161.81
1282.89
1003.49
1013.64
1136.48
1365.56
1450.62
957.129
1125.87
1362.91
1328.36
993.936
1332.06
1147.4
1269.46
1326
1259.69
890.866
875.352
909.467
824.084
766.007
1159.04
803.185
1061.16
1271.96
1201.61
1236.05
1098.57
1268.74
1131.82
1261.93
1326.19
844.04
1441.66
1073.26
811.657
1127.5
1275.28
1039.65
1495.32
889.293
951.84
1320.3
925.954
1059.86
1357.25
1428.42
1081.14
1050.76
1041.16
1128.89
1075.24
1029.64
1036.89
803.649
1342.07
1048.65
1473.53
1278.55
860.129
1244.45
997.968
1039.56
784.002
1242.36
1164.74
951.607
975.88
785.279
1338.31
1285.44
917.121
887.073
1235.97
996.038
1281.45
805.657
1494
1184.77
1073.12
947.273
1218.54
944.253
1113.51
846.592
870.053
990.845
1069.62
1286.18
1026.9
964.922
1365.21
1042.98
1120.39
973.256
1107.83
1012.89
1020.73
1072.83
1014.48
1258.5
1329.63
1046.56
1159.56
1233.72
1133.12
971.522
1154.09
1073.81
1326.53
1135.74
1026.78
1380.52
1004.75
993.901
1470.84
1162.55
1370.02
1265.68
986.309
964.007
1443.13
995.415
1184.01
1179.01
812.551
1074.96
1162.64
1130.76
1144.75
995.913
858.567
1354.69
1087.21
1007.77
1034.95
1145.97
1329.55
1153.39
1127.53
1032.12
1073.46
1141.24
965.829
1070.19
1078.05
