0.000854473
0.000851597
0.000902144
0.000929391
0.00108667
0.000856735
0.000869947
0.000759355
0.000881205
0.00122016
0.000933777
0.00085491
0.000756092
0.000677588
0.00104463
0.00088605
0.000959143
0.000796638
0.000685088
0.000909747
0.00101101
0.000875116
0.00128413
0.00113472
0.00102564
0.000912688
0.000668971
0.000912582
0.000955578
0.00132299
0.00073769
0.000726092
0.000858709
0.000687319
0.000727414
0.000804966
0.000813206
0.000709015
0.000955655
0.000671784
0.000992769
0.000927633
0.000689435
0.000794707
0.000696147
0.000848216
0.0015768
0.00116559
0.000829563
0.000884468
0.000944539
0.00108256
0.000696686
0.000790807
0.000835815
0.000845089
0.000716382
0.00122828
0.000814716
0.000708354
0.000890971
0.000700621
0.000854991
0.00083191
0.00114647
0.000777843
0.000991496
0.00138588
0.000864133
0.000914945
0.000745369
0.000951757
0.00102492
0.00100752
0.00100741
0.000879426
0.00087505
0.000967847
0.00133185
0.000914093
0.00125347
0.000993517
0.000938836
0.00135394
0.000721045
0.000706842
0.000838343
0.0010605
0.00117495
0.00100942
0.000703834
0.000883126
0.000800766
0.00107759
0.00106527
0.000914304
0.00110461
0.000877103
0.000856693
0.000942492
0.000902052
0.00081323
0.00101526
0.00111277
0.000942023
0.000947732
0.00125678
0.000976531
0.000724937
0.000917481
0.000727082
0.00101253
0.00087293
0.000787826
0.00105908
0.000787393
0.00102304
0.00116265
0.00110373
0.00104251
0.00106046
0.000823817
0.000846598
0.000825073
0.000816573
0.00074008
0.00132858
0.00117423
0.000908524
0.00105528
0.000757638
0.00102845
0.0009613
0.00077146
0.00108363
0.00110749
0.000835892
0.000908453
0.000841029
0.000763995
0.000860552
0.000778767
0.000866978
0.000979157
0.000706451
0.000971292
0.00122602
0.000687639
0.000736133
0.000747951
0.000742964
0.000864265
0.000976874
0.000739108
0.00100158
0.000768326
0.00085965
0.000911004
0.000699861
0.000721386
0.00111566
0.0010475
0.00105685
0.00105136
0.000867722
0.00101567
0.00079746
0.000992123
0.00083121
0.00108868
0.000989886
0.000682432
0.00103705
0.00100897
0.000796746
0.00104394
0.00138165
0.00100806
0.00109904
0.00109479
0.000864001
0.000899661
0.000882787
0.000884332
0.000879524
0.000905595
0.00100722
0.000957193
0.000853384
0.000706423
0.000826685
0.000911944
0.00110908
0.00075503
0.00086267
0.000814819
0.00101088
0.000818791
0.000982165
0.000872473
0.000861818
0.00104756
0.000685378
0.00070419
0.00104941
0.000725591
0.000857972
0.00131026
0.000777675
0.000883302
0.000876748
0.00114904
0.000949832
0.000827605
0.0010442
0.000841979
0.00111326
0.00115695
0.000676626
0.00113873
0.000980373
0.00092606
0.000839289
0.000779309
0.00114326
0.00131604
0.00105754
0.00126097
0.00155326
0.000896499
0.00120527
0.00104522
0.00103804
0.000995111
0.000679583
0.000714378
0.000808648
0.000870347
0.00067248
0.000973728
0.000915004
0.000838779
0.0011874
0.000931936
0.00103707
0.00108365
0.000864419
0.000995126
0.00086363
0.000824518
0.000688024
0.00077452
0.000741837
0.000872931
0.000872849
0.000731999
0.000825839
0.000973423
0.00110072
0.000675247
0.00101528
0.00099882
0.000968721
0.00113971
0.000812935
0.000994327
0.00105827
0.00101787
0.000971849
0.000666232
0.00101924
0.00076192
0.000986639
0.000708075
0.00113784
0.000998842
0.000957108
0.000872675
0.000982709
0.000741314
0.00098945
0.000742508
0.000956452
0.000979617
0.00093092
0.00090804
0.00090446
0.000988335
0.000698225
0.00108129
0.000980622
0.00123109
0.000822802
0.000779802
0.00100404
0.000850014
0.00121879
0.00108373
0.000976876
0.000777467
0.00112354
0.00110446
0.00114911
0.000898617
0.00110843
0.000902047
0.000929906
0.000876732
0.00116594
0.000745585
0.000843582
0.000877225
0.000965453
0.00106083
0.000859585
0.000747391
0.000767799
0.000835876
0.000950388
0.000815928
0.00111269
0.000801185
0.000830781
0.00121717
0.00102307
0.0007127
0.000893208
0.000709412
0.00101141
0.00082153
0.000930402
0.000704022
0.000731826
0.00073573
0.000763206
0.000731267
0.000959845
0.000889096
0.000671476
0.000956208
0.00106765
0.000746309
0.00105158
0.000691515
0.000999837
0.00079112
0.000773232
0.000867929
0.00101965
0.00103791
0.00115074
0.00078246
0.000837728
0.000877428
0.000984697
0.000941998
0.000899967
0.000969771
0.000856301
0.000899008
0.000933694
0.00108295
0.00154742
0.000888514
0.000999354
0.000687745
0.000942998
0.000786491
0.00098122
0.00113709
0.000868813
0.000906743
0.000912401
0.00073905
0.00100683
0.000733806
0.000785593
0.00104041
0.000692096
0.000707449
0.000774432
0.000930543
0.000704135
0.000987592
0.000996942
0.00102043
0.000680073
0.00070964
0.000750086
0.00106037
0.000719027
0.00100672
0.000886281
0.000918415
0.000741178
0.000899804
0.000890022
0.000734867
0.000935497
0.000936047
0.000825827
0.000752938
0.000958143
0.00102427
0.000754845
0.00100974
0.000758777
0.000751463
0.000730201
0.00067993
0.000976933
0.000673043
0.000907241
0.000799743
0.00126036
0.000675108
0.000738866
0.000982328
0.00107152
0.000746462
0.00080504
0.000942647
0.000727652
0.000755543
0.000807224
0.000836779
0.000684076
0.000926937
0.000928228
0.000904355
0.000923951
0.000951834
0.000925132
0.000723727
0.000914593
0.000881306
0.00128056
0.000697302
0.000919957
0.000809054
0.000971425
0.000814444
0.000739831
0.000764788
0.000757216
0.00108228
0.000928318
0.00104495
0.000823524
0.000809372
0.000977929
0.00113935
0.000931235
0.000890167
0.000987946
0.00114791
0.00082301
0.000708663
0.000764605
0.00106695
0.000709655
0.000778587
0.000811791
0.00104175
0.000714924
0.000682852
0.00068375
0.000955632
0.0013301
0.00076889
0.000807986
0.000932495
0.000918461
0.000774926
0.000901146
0.00068347
0.000789371
0.000825567
0.000839017
0.000761343
0.000835498
0.00100187
0.000666597
0.000723279
0.00100424
0.000674726
0.000757106
0.000894511
0.000818662
0.000787779
0.000769123
0.00103954
0.000764625
0.000911203
0.000940384
0.000897119
0.00080497
0.00111671
0.000931634
0.000860185
0.000847467
0.000811861
0.000810507
0.000951648
0.000960235
0.000699912
0.000876001
0.000870628
0.0013385
0.00129194
0.000671738
0.000699229
0.000671373
0.000752817
0.000674145
0.000850414
0.000985233
0.00108534
0.00087812
0.000715363
0.000937136
0.000916203
0.000774916
0.000966395
0.00121182
0.00102803
0.000760013
0.000941572
0.000862495
0.000786229
0.00106229
0.000802856
0.000914681
0.000909093
0.00100819
0.00096306
0.00109617
0.000785774
0.000723189
0.000902146
0.000977511
0.00077918
0.00080942
0.000781843
0.000709549
0.0010829
0.000871496
0.000961117
0.00097408
0.00104819
0.000767154
0.000802868
0.000755313
0.00112102
0.000850307
0.000794456
0.000977798
0.000859122
0.00111891
0.000682722
0.00108769
0.000882148
0.00116487
0.000712222
0.000887099
0.000846087
0.00131751
0.00101764
0.000901729
0.000980819
0.000924663
0.000727474
0.000845577
0.000852468
0.000903041
0.000844512
0.000677918
0.00103642
0.00108251
0.000945781
0.000732885
0.000838387
0.000897144
0.00112735
0.000960619
0.000671238
0.000671473
0.000863592
0.00109419
0.000672056
0.000816126
0.000846074
0.000882895
0.000695201
0.000799789
0.00070524
0.00079556
0.00107874
0.000852435
0.000929597
0.00103835
0.00117107
0.000868211
0.0010072
0.000964545
0.00104344
0.00066864
0.00125234
0.00113177
0.00110023
0.000742265
0.00101596
0.000946917
0.000963182
0.000971105
0.000697557
0.00135543
0.00079245
0.000949948
0.000939584
0.000678715
0.000775049
0.000957439
0.000753057
0.000837731
0.000887608
0.000775563
0.000676772
0.000871367
0.000905826
0.000896389
0.000740423
0.000707356
0.000767132
0.00100494
0.000859607
0.000724843
0.0010219
0.0011936
0.000754024
0.000846835
0.000694484
0.00100853
0.000797761
0.00107087
0.000821333
0.00108713
0.00107859
0.00084047
0.000845015
0.000736879
0.000787824
0.000727357
0.000722312
0.000816133
0.000673677
0.00071711
0.00132396
0.000778201
0.00104734
0.00109004
0.000961201
0.00089352
0.00082785
0.000796982
0.000888886
0.000882791
0.000758514
0.000852047
0.000833034
0.000994441
0.000860474
0.000701396
0.000835868
0.000856272
0.000674705
0.000950253
0.000889962
0.00107441
0.000919332
0.000728111
0.00099358
0.000813852
0.00081937
0.00086161
0.000923258
0.00104315
0.000966109
0.00108005
0.000972123
0.000712642
0.000781051
0.000827359
0.000801381
0.000693706
0.00101475
0.000774993
0.000669419
0.000678833
0.000904967
0.000695908
0.00101471
0.00107165
0.000738389
0.000830959
0.000791413
0.00107463
0.000684588
0.000904662
0.00077964
0.000726799
0.00109404
0.000910535
0.00074734
0.00103101
0.000718063
0.000695045
0.000838478
0.000728106
0.00069916
0.000754777
0.000894921
0.000807215
0.000681965
0.000821163
0.000821244
0.000786189
0.000700017
0.000878386
0.000809909
0.00109506
0.00077863
0.000705407
0.000910455
0.000984924
0.000966247
0.000893848
0.000904123
0.000812134
0.000965792
0.000948458
0.00103304
0.00070326
0.000994314
0.000861904
0.000984753
0.000834066
0.000787724
0.00098023
0.000937027
0.00096107
0.00114562
0.000702466
0.000723001
0.000787306
0.00112571
0.00107207
0.000668831
0.00100634
0.000817233
0.000679386
0.000693507
0.00104399
0.000874695
0.00106824
0.00117626
0.00080288
0.00101286
0.00110299
0.00101113
0.000812284
0.000868805
0.000846136
0.0010009
0.000760564
0.000864589
0.000694586
0.000813185
0.000960311
0.00122967
0.000821958
0.000993578
0.00110235
0.00122373
0.0010135
0.000964799
0.000867768
0.000819288
0.0010064
0.000796394
0.00119949
0.00104661
0.000971082
0.000904489
0.000998809
0.00115578
0.000899387
0.000969771
0.00096605
0.000846165
0.000851899
0.000818383
0.000879872
0.000780727
0.00107068
0.000874029
0.00091328
0.00072431
0.000908318
0.000665818
0.000811124
0.000748661
0.0010371
0.00105574
0.00101395
0.00111397
0.000853192
0.000952357
0.00120254
0.00113496
0.000830524
0.000975538
0.000957094
0.000910802
0.00100682
0.000853298
0.000956914
0.000797361
0.00136097
0.000953817
0.000845648
0.0009313
0.00117059
0.000702162
0.000912445
0.000923966
0.00106955
0.00120411
0.000858081
0.000817715
0.0010328
0.000707794
0.00120291
0.000939703
0.000810845
0.000939494
0.000921029
0.0011286
0.00090788
0.00071141
0.000715879
0.000831223
0.00102507
0.000912645
0.00085787
0.000725497
0.00091754
0.00110486
0.000886369
0.000862922
0.000825477
0.000917197
0.00102005
0.0010153
0.000890229
0.000893831
0.000914461
0.000923521
0.000859118
0.000913296
0.000792988
0.000758242
0.000891095
0.00092502
0.000821335
0.00089163
0.000778186
0.00111642
0.000851101
0.00103029
0.000718717
0.000815379
0.000821458
0.000879708
0.000993404
0.00102467
0.00100255
0.000894674
0.000692646
0.000832416
0.00102595
0.00102393
0.00111801
0.000907339
0.00126507
0.000894601
0.00111059
0.00104215
0.00109849
0.00111567
0.000839995
0.000877234
0.00121289
0.000885559
0.000898801
0.00131998
0.00105842
0.00120671
0.000849975
0.000916036
0.000751648
0.00106039
0.000764431
0.00114655
0.00107251
0.000682014
0.000684043
0.000828946
0.00100305
0.00117422
0.000700352
0.000691005
0.000770851
0.00078862
0.000884939
0.00102723
0.000873747
0.000786934
0.000843338
0.00110309
0.00105437
0.000912802
0.000995111
0.000757025
0.000996108
0.000776609
0.000866392
0.00100937
0.00084797
0.00101465
0.000871163
0.00105476
0.00109482
0.000955847
0.000859705
0.00110571
0.000876296
0.00105055
0.000696026
0.000998683
0.000737316
0.00072321
0.00104415
0.000718966
0.00105074
0.00112741
0.00111883
0.00114786
0.000689967
0.000927545
0.00097791
0.000741422
0.000667145
0.000970026
0.000868417
0.000699641
0.000701635
0.000705178
0.000955525
0.00112566
0.000986326
0.0010169
0.000919244
0.000823336
0.000923826
0.000743393
0.0010849
0.000886265
0.000790096
0.000683471
0.000867948
0.000845172
0.000802349
0.000671843
0.000783516
0.000767959
0.000721565
0.000985242
0.000860449
0.000730998
0.000792413
0.000857899
0.00102446
0.000718834
0.0010509
0.000830222
0.000779918
0.00118941
0.00105945
0.000861308
0.000850222
0.000732272
0.00119496
0.00114992
0.00109122
0.000904705
0.000989525
0.000850498
0.00089969
0.00096875
0.000694569
0.000687199
0.000763165
0.000779011
0.000969708
0.000783799
0.000686264
0.000907811
0.000806922
0.000822745
0.000680187
0.00091221
0.0010164
0.000774783
0.000800082
0.00101415
0.00107105
0.000971084
0.000745833
0.000813817
0.000993762
0.000915518
0.00080656
0.00108433
0.000683382
0.00103206
0.000916396
0.00130626
0.000812326
0.000933767
0.000855603
0.00111749
0.00120477
0.00103904
0.000950519
0.000786628
0.00104746
0.000692593
0.00078236
0.000788546
0.000777654
0.000717075
0.000733188
0.000739471
0.000708976
0.000830877
0.000847908
0.000776383
0.000907426
0.00111051
0.000810179
0.000960478
0.000691145
0.00076934
0.000789191
0.00116185
0.000666887
0.000825804
0.000684059
0.000918383
0.00106824
0.000770637
0.000836328
0.000816862
0.000977929
0.000825625
0.000716169
0.0009637
0.000816898
0.000698576
0.000685229
0.000888095
0.000844862
0.00140871
0.000864373
0.000739993
0.00103131
0.000853811
0.000667699
0.000950346
0.000901674
0.000780975
0.000942025
0.000667855
0.000759719
0.000737689
0.00090192
0.000781399
0.000827916
0.000778272
0.000740007
0.000977764
0.00106794
0.00072477
0.000863548
0.00083345
0.000920888
0.00085976
0.000754206
0.00113678
0.000851494
0.000701235
0.00086813
0.000787805
0.00117572
0.00078207
0.00102014
0.000837583
0.000747172
0.000924697
0.00106566
0.00105176
0.000716699
0.000883185
0.000714728
0.000991798
0.000865474
0.000899221
0.00111977
0.000783481
0.00089934
0.00118187
0.00102254
0.00080124
0.000754249
0.000725158
0.00100808
0.000670976
0.000726208
0.000815962
0.00101185
0.00110608
0.000948651
0.00104458
0.00084462
0.000667513
0.000878816
0.000976144
0.000684678
0.000939708
0.00102202
0.00104469
0.00108359
0.00081948
0.000810247
0.000857853
0.00101009
0.000732234
0.000843547
0.000691834
0.00086384
0.000911212
0.000743357
0.00092817
0.00075461
0.000858084
0.000805025
0.000896046
0.00105609
0.000929975
0.000811753
0.000689935
0.000703699
0.000799087
0.00102032
0.00113066
0.00113079
0.000811689
0.00116159
0.000751458
0.000907897
0.000875125
0.000903717
0.000823824
0.000817752
0.000897528
0.000922696
0.000919473
0.000734217
0.000832193
0.00114094
0.00109795
0.0010144
0.00110463
0.000829908
0.00102485
0.000871
0.00102931
0.00083034
0.000820528
0.00102637
0.000920869
0.000892482
0.000722948
0.000966221
0.000734011
0.00113984
0.000750521
0.00104121
0.00105407
0.00104006
0.000960945
0.000807443
0.000886489
0.000773896
0.000928384
0.000786494
0.00109354
0.000917878
0.00087874
0.00101119
0.000813689
0.000870467
0.00066416
0.000772195
0.000905183
0.000785148
0.00072963
0.0011474
0.000726336
0.000804914
0.00093871
0.000855012
0.000973611
0.00076036
0.000880658
0.000780498
0.000953784
0.000906641
0.000947521
0.00102532
0.000886247
0.000815218
0.000998139
0.000914947
0.000703901
0.000886645
0.000907134
0.000924535
0.000968419
0.000722294
0.000938216
0.000824581
0.000909088
0.000927985
0.000822533
0.000843046
0.000913114
0.000727338
0.000902293
0.000810776
0.00100704
0.000765754
0.000864889
0.000757948
0.000941205
0.00107138
0.000924448
0.00072446
0.000777392
0.000885654
0.000872016
0.00082115
0.000803042
0.00127848
0.000676182
0.000977084
0.00106293
0.000990937
0.000709502
0.000966292
0.000806873
0.00116513
0.000800621
0.000819348
0.000940003
0.000938963
0.000928321
0.000728381
0.00109951
0.000759467
0.00103891
0.000850999
0.0009395
0.0012052
0.000868804
0.00106707
0.000833063
0.000946602
0.000808438
0.00100158
0.000897182
0.000949282
0.00107504
0.000809781
0.00106915
0.000857639
0.000765736
0.00103967
0.000975433
0.00084021
0.00111439
0.000901751
0.000711236
0.00075936
0.00090462
0.00107406
0.00172959
0.000791456
0.000934006
0.00126584
0.000902153
0.00100994
0.000768213
0.000868131
0.000928436
0.00103387
0.000827558
0.00113782
0.00101253
0.000764598
0.000895343
0.00094676
0.000839401
0.0011617
0.00115919
0.000821204
0.000734358
0.000800598
0.00089992
0.000847324
0.000754551
0.000922787
0.000889897
0.00104023
0.000778521
0.00104738
0.000994813
0.000826357
0.000797581
0.000989336
0.000855267
0.0010137
0.000880221
0.000809963
0.00096759
0.0010319
0.000708617
0.00101778
0.000770657
0.000679639
0.000981454
0.00094408
0.00101845
0.000882608
0.00110071
0.00103416
0.000964611
0.000722394
0.000941045
0.000725572
0.000928752
0.000685822
0.000706928
0.00104938
0.000776146
0.000805343
0.000781807
0.00111576
0.000908284
0.000996557
0.000809408
0.000878331
0.000864353
0.000763702
0.000903532
0.000994175
0.000934816
0.000960123
0.00091132
0.000747473
0.000848856
0.000714233
0.00080621
0.000847972
0.00106168
0.0010963
0.000858151
0.00100782
0.000939884
0.000958905
0.000862726
0.00128986
0.000710621
0.00100333
0.000890757
0.000674595
0.000803793
0.000831072
0.000955588
0.00104867
0.000718211
0.000783803
0.000796606
0.0008329
0.00120254
0.00101884
0.000738071
0.000824169
0.000947407
0.000878525
0.00113156
0.000760888
0.000843608
0.000850196
0.000886358
0.000855052
0.000836907
0.00162819
0.000931592
0.000931654
0.000723876
0.00110564
0.000832662
0.00104377
0.000946032
0.00100824
0.000931656
0.000751782
0.000868094
0.000996854
0.000899949
0.00094677
0.000774402
0.000892975
0.00092305
0.00103875
0.00082448
0.000761401
0.000834707
0.0011713
0.00153711
0.000862586
0.000900266
0.000856893
0.000986001
0.000822832
0.0010377
0.00098015
0.00116037
0.000914914
0.00101836
0.000837086
0.000934233
0.00089313
0.000916113
0.000924619
0.00130204
0.000898574
0.00101939
0.000768809
0.000914402
0.00097445
0.000695938
0.00114914
0.000768586
0.000862514
0.000954664
0.00100969
0.000909469
0.00101192
0.000844434
0.000875983
0.00107498
0.00102148
0.000803586
0.000935269
0.000900771
0.000869229
0.000771123
0.000911799
0.000875371
0.000885276
0.000946963
0.00124171
0.00102712
0.00110343
0.000804642
0.000861688
0.000809019
0.000886165
0.00119977
0.000744065
0.000733344
0.000897765
0.00100194
0.000992396
0.000700315
0.00109583
0.00096429
0.00105907
0.000884537
0.00100548
0.000721235
0.000903209
0.000746476
0.000758975
0.000852345
0.000935469
0.00090276
0.000801387
0.000749687
0.000969504
0.000668991
0.000766106
0.000912105
0.00118315
0.000990469
0.00106032
0.000860228
0.000968999
0.000915423
0.000760573
0.0010094
0.00101167
0.00121651
0.000723507
0.000861774
0.000908363
0.000717173
0.00106611
0.00143046
0.000990517
0.00130287
0.000735729
0.000731344
0.000809864
0.0008733
0.000960967
0.000918056
0.000707529
0.00087133
0.000918224
0.000923645
0.00092255
0.00104512
0.000858972
0.000961199
0.0009371
0.000854556
0.000943815
0.00103325
0.00108357
0.000674596
0.000880934
0.000834454
0.000830073
0.00110517
0.000916158
0.000894143
0.00108636
0.000963145
0.000853162
0.00101232
0.00115428
0.000788355
0.00111419
0.000913935
0.00103474
0.000938225
0.000921294
0.000852883
0.000846664
0.00084356
0.000921119
0.00128928
0.00108699
0.000726102
0.0012114
0.00106059
0.000712261
0.000833588
0.00113433
0.000828483
0.000731348
0.00102411
0.00096462
0.000930163
0.00105862
0.000963205
0.000830717
0.000685001
0.00090161
0.00106332
0.000947076
0.00074433
0.000957523
0.000975953
0.000879439
0.000862902
0.000990537
0.000959193
0.00091219
0.00105225
0.00100577
0.000944087
0.000725963
0.000816435
0.000861056
0.000939702
0.00102635
0.000801458
0.000861529
0.000790984
0.000773246
0.000798025
0.000942023
0.000994893
0.000970568
0.000726553
0.000978743
0.000781738
0.000916115
0.000811376
0.00111598
0.000860112
0.000692716
0.00094685
0.000988684
0.000872096
0.0010034
0.000927981
0.00095063
0.00101583
0.000809731
0.000879122
0.000875388
0.000777327
0.00086054
0.000990612
0.00105069
0.000794792
0.00106999
0.000958589
0.000770338
0.000934467
0.00110606
0.000868951
0.000693057
0.00083343
0.000687843
0.000686059
0.00106698
0.00093595
0.000822001
0.000832037
0.000772793
0.000727293
0.00088621
0.000752252
0.000714278
0.000878822
0.00103499
0.000992005
0.000820888
0.000839508
0.000924201
0.000856485
0.00082391
0.00070815
0.00126177
0.000919128
0.00102681
0.000711619
0.000924475
0.000686214
0.000847963
0.00106286
0.000762393
0.000710168
0.00100287
0.00105637
0.000948781
0.00106252
0.000703744
0.000679705
0.00111372
0.00111446
0.000958986
0.00078675
0.000948925
0.000721491
0.00123643
0.000715112
0.000859254
0.000898481
0.000922646
0.00107039
0.00103106
0.00116866
0.00071589
0.000993701
0.000960656
0.000928256
0.00073085
0.000667759
0.000756632
0.000904753
0.000702763
0.000892741
0.000888673
0.000732967
0.000692132
0.000701801
0.000731029
0.000789408
0.00104489
0.00102153
0.000925749
0.000705576
0.00130243
0.00133178
0.000932232
0.000766006
0.000940629
0.00111889
0.00100227
0.00123432
0.00152684
0.00112006
0.000928541
0.00084707
0.000890877
0.000986892
0.000857803
0.000708894
0.00112744
0.00110062
0.000891717
0.00085631
0.000843355
0.000939488
0.000801413
0.000702247
0.000881133
0.0010251
0.000935293
0.000842207
0.000742766
0.000997293
0.0011495
0.0008701
0.00109046
0.000761534
0.000850865
0.00103541
0.000896623
0.000750839
0.000996605
0.000769055
0.00101781
0.000741767
0.00073485
0.000971847
0.000767844
0.000789482
0.000787678
0.00076137
0.000893414
0.000716676
0.000906321
0.000938371
0.000748874
0.000823402
0.000728618
0.000894967
0.000691464
0.000725961
0.000933862
0.00127355
0.000934573
0.000968381
0.00100275
0.000864478
0.000738234
0.000771355
0.000718016
0.000718328
0.000669524
0.000851806
0.00106128
0.00105714
0.000891071
0.00100342
0.00100159
0.000927404
0.000783181
0.0011053
0.000989501
0.000950693
0.00103717
0.000778172
0.000760782
0.000918295
0.000773885
0.00070954
0.00106785
0.000793896
0.000669623
0.000702
0.000767215
0.000668052
0.00076489
0.000965052
0.00121658
0.000758718
0.000720316
0.00115998
0.000727146
0.000936618
0.000778888
0.000929063
0.000823373
0.000838853
0.0010135
0.000761404
0.000733185
0.00074318
0.00101874
0.000884516
0.00104596
0.000951013
0.000783635
0.00076456
0.000789807
0.000760302
0.000701847
0.00100469
0.000713752
0.000928365
0.000845682
0.000807951
0.000677521
0.000770219
0.000853234
0.00111694
0.000846011
0.000748743
0.000935657
0.000841605
0.000852329
0.000689032
0.000889578
0.000956645
0.00108309
0.000834179
0.00097333
0.000869249
0.000734493
0.000955365
0.000787689
0.000813888
0.000982003
0.000787448
0.000991399
0.000892875
0.000870258
0.00107183
0.000824766
0.000720652
0.000965126
0.00101647
0.000836253
0.00101859
0.000757784
0.000875041
0.000854888
0.0010368
0.00080762
0.000871634
0.000697141
0.000932066
0.00103022
0.000961361
0.000836654
0.00081906
0.000812598
0.000826152
0.00099059
0.000827026
0.00102201
0.00066506
0.000865094
0.000934038
0.000993622
0.00086138
0.000959116
0.000775816
0.000874885
0.00130258
0.000831754
0.000671428
0.000986231
0.000759148
0.000970836
0.00125652
0.000983538
0.000745761
0.00068787
0.000859669
0.000778
0.00099494
0.000985001
0.000877615
0.000731047
0.000688071
0.00104267
0.000887314
0.00073226
0.000751355
0.00100493
0.000749022
0.00087051
0.000786363
0.000752978
0.000792008
0.00112081
0.00114014
0.00109753
0.00121099
0.0013013
0.000861519
0.00124309
0.000939293
0.000784921
0.000830861
0.000807988
0.000908583
0.000787082
0.000882271
0.000791022
0.000753025
0.00118163
0.000692462
0.000929847
0.00122996
0.000885762
0.000783258
0.00095894
0.000667918
0.00112147
0.00104916
0.000756196
0.00107778
0.000941948
0.000735579
0.000699058
0.000922446
0.000950552
0.000959122
0.000884827
0.000928189
0.000969583
0.000961782
0.00124136
0.000743989
0.000952398
0.000677802
0.000780825
0.0011603
0.000801773
0.00100078
0.000960368
0.00127321
0.000803803
0.000857227
0.00104774
0.00102344
0.00127102
0.000745804
0.000776175
0.00108881
0.00112545
0.000808141
0.00100269
0.000779233
0.00123838
0.000668243
0.000842883
0.000930681
0.00105414
0.000819762
0.00105754
0.000897014
0.00117875
0.00114402
0.00100786
0.000933743
0.000776737
0.000972453
0.00103475
0.000731153
0.000957391
0.000891354
0.00102508
0.0009013
0.00098527
0.000978276
0.000930428
0.000984404
0.000792633
0.000750181
0.000954007
0.000861177
0.000808927
0.000880899
0.00102792
0.000863946
0.000929458
0.000752905
0.000879173
0.000972434
0.000723411
0.000993905
0.00100433
0.00067884
0.000859262
0.000728411
0.000788829
0.00101032
0.001036
0.000691994
0.00100343
0.000843233
0.000847125
0.00122763
0.000928824
0.000859116
0.000881918
0.000871974
0.00100212
0.00116225
0.000737055
0.000918179
0.000990729
0.000964564
0.00087149
0.000750837
0.000865903
0.00088589
0.000966482
0.000930487
0.000874791
0.00103329
0.000933259
0.000920922
