58518
58715
55425
53800
46015
58365
57476
65849
56744
40981
53547
58487
66132
73794
47865
56433
52132
62767
72987
54961
49459
57138
38939
44065
48752
54783
74744
54791
52326
37795
67781
68864
58260
72749
68739
62116
61486
70523
52322
74431
50366
53903
72525
62920
71826
58948
31711
42898
60274
56533
52937
46189
71771
63229
59824
59168
69797
40709
61372
70587
56120
71370
58482
60106
43613
64284
50429
36080
57864
54650
67083
52536
48786
49628
49633
56858
57141
51661
37543
54700
39891
50329
53258
36931
69345
70738
59643
47148
42556
49535
71040
56618
62441
46401
46938
54688
45266
57008
58367
53051
55432
61485
49251
44934
53080
52760
39785
51203
68974
54499
68770
49383
57279
63467
47214
63503
48876
43006
45302
47963
47151
60696
59063
60602
61233
67563
37636
42582
55035
47382
65998
48618
52015
64837
46145
45149
59819
55041
59454
65448
58103
64205
57674
51066
70780
51479
40784
72715
67925
66852
67302
57854
51186
67651
49922
65082
58166
54886
71445
69313
44818
47734
47312
47559
57628
49229
62701
50398
60154
45928
50512
73270
48214
49556
62757
47896
36190
49602
45496
45672
57871
55578
56640
56541
56851
55213
49643
52238
58591
70781
60485
54829
45084
66225
57963
61367
49464
61068
50909
57311
58018
47730
72954
71006
47647
68911
58278
38161
64298
56613
57030
43516
52642
60417
48025
59389
44916
43220
73899
43910
51003
53994
59576
64162
43736
37995
47280
39653
32192
55774
41486
47942
48168
50248
73576
69992
61838
57450
74353
51349
54646
59612
42110
53653
48214
46141
57843
50246
57897
60642
72676
64559
67401
57279
57285
68309
60545
51366
45427
74050
49248
50060
51615
43874
61507
50287
47249
49124
51450
75051
49058
65624
50678
70616
43944
50064
52242
57299
50881
67451
50535
67341
52278
51041
53711
55065
55284
50591
71612
46242
50990
40616
60770
64121
49800
58825
41025
46138
51188
64314
44503
45273
43513
55645
45111
55431
53770
57031
42886
67063
59272
56999
51790
47134
58169
66900
65123
59818
52611
61283
44938
62409
60185
41080
48873
70157
55979
70483
49437
60863
53742
71024
68325
67961
65515
68377
52094
56238
74465
52292
46833
66999
47549
72307
50010
63204
64666
57610
49038
48175
43452
63917
59686
56986
50778
53079
55559
51559
58392
55618
53552
46171
32313
56276
50034
72704
53023
63575
50958
43973
57551
55145
54804
67657
49662
68143
63647
48060
72246
70679
64566
53735
71013
50630
50161
49001
73524
70460
66661
47156
69541
49668
56417
54443
67462
55569
56180
68042
53448
53416
60546
66409
52186
48816
66241
49519
65898
66539
68476
73539
51182
74292
55114
62523
39674
74064
67673
50901
46663
66985
62109
53043
68716
66179
61945
59756
73093
53942
53867
55290
54117
52532
54049
69088
54670
56737
39047
71706
54352
61803
51473
61393
67584
65378
66034
46200
53862
47851
60716
61778
51130
43886
53693
56172
50610
43558
60754
70557
65398
46865
70459
64222
61594
48000
69940
73224
73128
52322
37593
65033
61883
53621
54440
64524
55486
73159
63346
60566
59595
65675
59850
49908
75012
69134
49791
74107
66043
55897
61076
63472
65011
48099
65392
54874
53173
55735
62115
44776
53671
58131
59000
61592
61691
52542
52072
71440
57079
57431
37356
38703
74437
71509
74483
66454
74173
58796
50752
46071
56947
69900
53356
54574
64524
51740
41262
48637
65790
53104
57972
63596
47070
62279
54666
55001
49595
51919
45614
63633
69141
55424
51155
64173
61778
63955
70469
46177
57374
52025
51333
47702
65177
62279
66200
44603
58803
62939
51136
58200
44688
73239
45974
56681
42926
70204
56365
59097
37952
49134
55451
50979
54075
68732
59134
58655
55369
59208
73757
48244
46190
52869
68227
59639
55735
44353
52051
74500
74465
57899
45697
74401
61267
59098
56633
71923
62520
70901
62850
46351
58657
53789
48154
42697
57591
49644
51839
47920
74783
39927
44180
45446
67363
49215
52806
51912
51490
71681
36890
63098
52637
53216
73672
64512
52226
66398
59685
56332
64471
73883
57386
55201
55780
67532
70688
65180
49756
58168
68983
48930
41892
66313
59057
71998
49579
62678
46692
60879
45994
46359
59493
59172
67856
63471
68744
69223
61266
74221
69726
37767
64253
47742
45872
52020
55959
60399
62740
56251
56641
65919
58684
60025
50282
58109
71289
59821
58394
74109
52618
56184
46539
54388
68674
50324
61438
61025
58033
54157
47933
51755
46296
51435
70164
64018
60435
62395
72079
49274
64519
74694
73676
55253
71851
49278
46657
67718
60173
63180
46529
73047
55271
64134
68797
45703
54913
66906
48496
69634
71939
59634
68673
71516
66247
55873
61944
73319
60893
60884
63599
71430
56926
61741
45661
64217
70887
54919
50766
51748
55940
55303
61571
51772
52718
48401
71099
50287
58014
50776
59949
63475
51009
53361
52027
43646
71180
69163
63511
44418
46640
74759
49686
61184
73598
72102
47895
57164
46808
42509
62277
49367
45334
49451
61557
57552
59093
49961
65743
57834
71988
61488
52067
40662
60833
50324
45359
40860
49335
51825
57623
61030
49683
62783
41685
47775
51490
55282
50061
43262
55597
51560
51758
59092
58695
61097
56829
64045
46701
57208
54749
69033
55048
75101
61644
66788
48212
47360
49314
44885
58608
52502
41580
44056
60204
51255
52243
54898
49663
58597
52253
62708
36739
52422
59127
53690
42714
71213
54800
54116
46750
41526
58271
61150
48412
70644
41567
53210
61665
53222
54288
44305
55076
70285
69846
60153
48786
54787
58285
68920
54494
45257
56413
57947
60572
54515
49018
49249
56168
55942
54678
54144
58201
54749
63054
65944
56113
54054
60879
56080
64254
44787
58750
48533
69569
61322
60870
56841
50335
48797
49874
55887
72190
60098
48737
48832
44724
55108
39525
55892
45022
47981
45518
44820
59525
56998
41224
56480
55649
37880
47252
41436
58828
54584
66534
47166
65410
43610
46621
73315
73098
60320
49849
42583
71395
72361
64881
63404
56503
48676
57226
63554
59290
45329
47423
54778
50246
66050
50196
64384
57712
49537
58967
49282
57396
47405
45670
52313
58161
45221
57060
47598
71840
50067
67817
69137
47887
69547
47604
44351
44690
43560
72469
53907
51132
67440
74949
51549
57578
71468
71264
70907
52328
44423
50694
49185
54399
60730
54124
67279
46089
56418
63284
73159
57609
59162
62320
74426
63817
65126
69297
50751
58110
68401
63099
58283
48807
69559
47579
60227
64124
42039
47207
58052
58810
68307
41845
43481
45822
55267
50535
58793
55576
51614
71989
72762
65519
64187
51563
63794
72859
55081
61966
60773
73511
54814
49195
64535
62497
49304
46685
51490
67041
61440
50315
54617
61993
46115
73167
48447
54563
38278
61553
53547
58439
44745
41503
48123
52604
63565
47735
72199
63912
63409
64298
69730
68197
67618
70526
60179
58970
64404
55103
45026
61716
52059
72346
64993
63359
43036
74978
60549
73096
54446
46807
64883
59793
61211
51129
60564
69821
51884
61209
71579
72973
56300
59184
35512
57847
67570
48483
58562
74888
52613
55455
64026
53080
74869
65816
67782
55438
63990
60395
64247
67569
51139
46823
68990
57901
59994
54300
58159
66296
43985
58722
71306
57596
63471
42529
63936
49014
59697
66920
54073
46920
47540
69765
56615
69959
50415
57774
55605
44653
63820
55598
42308
48900
62407
66294
68962
49601
74521
68853
61279
49416
45207
52707
47867
59199
74909
56895
51224
73030
53209
48923
47870
46144
61016
61711
58287
49502
68288
59276
72278
57883
54873
67265
53873
66265
58272
62112
55804
47345
53766
61598
72472
71056
62575
49008
44224
44218
61601
43046
66539
55073
57135
55329
60696
61147
55709
54192
54381
68101
60084
43824
45541
49292
45265
60250
48789
57406
48577
60218
60939
48719
54298
56025
69165
51750
68121
43878
66623
48023
47436
48075
52034
61938
56404
64611
53859
63576
45725
54476
56901
49448
61449
57442
75285
64754
55240
63686
68535
43577
68844
62123
53266
58481
51357
65761
56777
64063
52425
55151
52770
48766
56419
61335
50095
54648
71035
56404
55122
54083
51631
69227
53294
60639
55006
53881
60789
59310
54760
68747
55415
61671
49652
65297
57812
65968
53125
46670
54087
69020
64319
56456
57339
60891
62264
39111
73947
51174
47042
50463
70474
51747
61969
42916
62456
61027
53193
53252
53863
68647
45476
65837
48131
58757
53221
41489
57552
46858
60021
52822
61849
49922
55734
52672
46511
61746
46769
58301
65297
48094
51260
59511
44870
55449
70303
65846
55273
46553
28910
63176
53534
39501
55424
49511
65087
57596
53854
48364
60439
43944
49383
65396
55846
52813
59567
43041
43135
60890
68105
62459
55562
59012
66267
54186
56187
48068
64226
47739
50262
60508
62691
50540
58462
49326
56805
61731
51676
48455
70564
49128
64881
73571
50946
52963
49095
56655
45426
48350
51835
69217
53134
68913
53836
72908
70731
47649
64422
62086
63957
44814
55050
50173
61775
56928
57847
65474
55339
50294
53487
52077
54867
66894
58904
70007
62020
58965
47096
45610
58266
49613
53199
52143
57959
38766
70363
49835
56132
74122
62207
60165
52325
47684
69621
63794
62769
60032
41581
49077
67749
60673
52779
56917
44188
65715
59271
58813
56411
58480
59747
30711
53672
53669
69075
45224
60052
47904
52856
49592
53674
66510
57600
50161
55560
52812
64569
55993
54170
48136
60654
65671
59902
42691
32530
57967
55542
58354
50712
60767
48185
51014
43093
54651
49100
59734
53521
55983
54580
54077
38403
55645
49050
65037
54702
51312
71847
43512
65080
57971
52376
49521
54978
49414
59213
57080
46513
48952
62222
53462
55510
57523
64844
54838
57121
56482
52802
40268
48681
45315
62141
58028
61804
56424
41675
67200
68183
55697
49904
50386
71399
45628
51854
47214
56528
49729
69327
55360
66983
65880
58663
53450
55387
62394
66695
51575
74743
65269
54820
42262
50485
47156
58130
51601
54622
65742
49536
49427
41104
69111
58022
55045
69720
46900
34956
50481
38378
67961
68369
61740
57255
52033
54464
70673
57387
54454
54134
54199
47846
58210
52020
53358
58512
52978
48394
46144
74125
56761
59923
60237
45243
54578
55921
46026
51916
58613
49394
43320
63425
44877
54710
48322
53293
54273
58625
59057
59274
54283
38783
46000
68865
41275
47144
70201
59983
44080
60353
68370
48826
51836
53754
47233
51912
60190
72994
55458
47025
52796
67176
52222
51234
56856
57950
50480
52128
54815
47518
49714
52962
68875
61245
58069
53209
48717
62388
58039
63214
64664
62658
53081
50257
51518
68822
51087
63962
54580
61624
44805
58134
72182
52808
50573
57336
49832
53883
52602
49223
61750
56876
57119
64326
58106
50475
47589
62911
46730
52161
64908
53507
45206
57543
72146
59994
72694
72883
46864
53423
60828
60095
64702
68749
56423
66469
70005
56898
48312
50404
60915
59570
54101
58379
60687
70609
39629
54403
48695
70265
54086
72867
58966
47057
65585
70409
49859
47334
52701
47060
71051
73564
44896
44866
52140
63556
52693
69304
40441
69922
58191
55651
54194
46713
48496
42785
69844
50318
52050
53866
68417
74880
66086
55266
71150
56008
56265
68217
72242
71248
68399
63349
47970
48948
54011
70866
38392
37546
53656
65279
53157
44688
49888
40510
32749
44642
53849
59029
56125
50665
58289
70535
44350
45431
56076
58393
59289
53222
62392
71209
56747
48777
53461
59370
67319
50138
43501
57468
45854
65660
58765
48294
55766
66593
50172
65017
49127
67409
68044
51450
65119
63335
63481
65671
55967
69769
55171
53285
66769
60725
68628
55869
72313
68877
53542
39262
53501
51633
49865
57840
67730
64825
69639
69608
74681
58701
47115
47299
56114
49831
49930
53916
63844
45239
50533
52598
48210
64255
65724
54451
64611
70470
46825
62982
74671
71227
65173
74847
65371
51812
41100
65902
69417
43106
68764
53385
64196
53819
60729
59608
49335
65671
68211
67280
49083
56530
47804
52577
63807
65400
63308
65764
71244
49770
70054
53860
59127
61886
73801
64921
58604
44770
59102
66783
53440
59413
58664
72568
56209
52268
46167
59943
51370
57525
68078
52338
63479
61439
50920
63498
50435
56002
57456
46651
60626
69391
51810
49191
59792
49090
65983
57143
58489
48227
61913
57364
71726
53646
48536
52011
59763
61051
61532
60523
50477
60459
48925
75184
57798
53532
50331
58048
52134
64450
57155
38388
60116
74469
50699
65866
51503
39794
50838
67049
72691
58162
64271
50255
50765
56982
68397
72669
47956
56351
68284
66549
49756
66756
57440
63586
66406
63133
44612
43856
45559
41290
38425
58040
40224
53233
63702
60181
61883
55032
63529
56674
63230
66401
42317
72209
53775
40653
56455
63838
52143
74861
44636
47658
66121
46393
53083
67974
71526
54206
52602
52132
56509
53891
51571
51988
40280
67207
52501
73769
64036
43094
62364
49963
52083
39272
62206
58331
47723
48856
39339
67044
64422
45923
44428
61872
49867
64168
40377
74826
59321
53725
47435
60996
47281
55744
42421
43707
49611
53549
64373
51421
48322
68386
52228
56096
48781
55477
50749
51113
53741
50792
63083
66652
52412
58061
61815
56763
48644
57876
53796
66411
56873
51418
69120
50307
49785
73659
58191
68646
63387
49491
48263
72258
49834
59297
59024
40730
53833
58200
56697
57343
49896
43021
67838
54458
50469
51838
57375
66594
57745
56441
51736
53737
57157
48391
53577
54295
