4294.55
3041.32
3082.75
2777.06
3298.32
3301.88
2960.71
3969.29
3250.77
2595.14
3210.71
3596.01
3424.17
4026.04
2412.38
3040.58
2896.98
4126.79
4607.91
3148.2
2625.63
2835.02
2265.12
2389.91
2995.52
2710.46
4165.29
2910.86
2728.34
2302.65
4352.81
4014.32
2880.11
3786.77
4003.01
3211.81
3086.08
4225.88
5351.44
3709.97
2726.22
3820.75
4378.83
4323.44
4608.84
3392.84
2304.54
3175.55
2864.1
3080.59
2873.46
2899.74
4568.79
3544.64
3278.73
3730.17
4889.17
2119.05
3251.56
4216.04
3020.69
4573.16
3122.32
2660.1
2604.62
3804.98
2294.7
1669.86
3768.98
3323.87
4069.98
3235.98
2875.69
2698.87
3271.02
2922.14
2743.54
2655.58
2214.62
2528.99
2050.54
2899.04
3372.48
1832.14
4079.61
4245.62
2795.63
2263.29
2325.7
3134.75
4571.93
3185.46
3420.05
2569.65
2819.73
3018.61
2347.39
3474.74
3119.26
3262.03
3282.31
3297.22
3281.71
1910.23
2346.84
2755.77
2696.31
3596.27
2984.92
3203.18
4214.7
2979.87
2769.95
3006.32
2944.46
3271.88
2917.45
2488.98
2525.8
2552.84
2671.21
3316.79
2726.17
2729.76
3963.45
4614.91
2602.7
2602.82
2784.92
3290.05
4451.74
3629.03
2911.85
4172.18
2450.04
2975.46
3274.94
3000.7
3226.79
3494.25
2911.81
4337.4
3762.82
2484.73
4309.57
3015.14
2598.85
3495.58
3989.46
3574.04
4132.57
4512.41
2961.42
3315.71
2703.77
4144.5
5491.5
2401.77
3119.51
3449.04
3579.12
2562.47
2110.26
2028.39
3788.97
2609.43
4084.86
2458.47
2996.48
3521.76
2137.1
4548.47
1982.63
2409.82
4200.67
3824.98
2219.53
3003.34
2049.35
2417.45
3146.65
3268.74
2985.37
3757.4
3537
2972.23
3544.78
2485.88
3246.01
4639.87
3332.1
2916.56
3013.9
3828.93
2894.37
4625.73
2919.87
3678.85
2520.18
3333.94
3678.51
2676.76
4866.63
3588.63
2848.44
4341.78
2412.98
2961.35
3559.71
4463.48
3736.67
2562.71
2754.83
2937.27
5296.96
4362.81
2432.41
2130.48
3670.67
2982.87
3240.19
2754.79
3604.56
3764.8
3197.26
2262.73
4032.35
2331.48
2064.4
3323.17
2517.33
4791.75
2656.1
2960.13
4469.02
3586.53
4549.03
2641.88
3459.23
2841.95
3725.74
3604.99
2372.49
3219.44
2860.32
3486.11
3272.11
3150.2
3267.68
3497.77
4085.28
3471.2
3543.25
3046.2
3624.8
5348.34
3859.63
2895.72
2146.81
5289.01
2646.76
2324.72
2975.39
2845.72
3761.33
2520.45
2311.98
2646.79
3065.43
3566.22
3365.72
4152.33
2163.17
4300.61
2685.61
2938.09
2466.71
2455.84
3369.67
3521.14
2722.84
3847.71
2571.94
2958.22
3035.38
3425.51
2977.5
2360.08
4051.75
2909.55
2656.95
2590.54
3430.7
3205.96
3245.72
2649.92
2393.6
2272.06
3432.6
3945.66
2870.57
2321.47
2783.52
2659.82
2889.11
3476.59
3199.52
3646.43
2256.24
3664.89
3279.86
3754.84
2892.05
3750.23
3688.09
3039.02
3235.5
2997.86
2916.28
4881.44
2322.92
4302.38
2691.73
2433.09
3434.77
3735.38
3367.76
5038.92
3058.48
3687.24
3128.29
3943.77
3882.77
3654.8
5081.01
3764.1
2457.13
3870.25
3883.27
3110.66
2637.06
4366.18
2898.71
3605.53
3090.28
3292.14
3613.44
2531.6
2395.04
2566.46
2759.31
3058.77
3719.35
2783.23
3079.24
2536.66
3119.98
3651.08
3068.82
2437.67
3917.6
2337.77
1852.26
3014.56
2943.31
4248.01
2908.56
3256.54
3528.17
2521.89
3348.48
3412.3
3693.53
3613.43
2777.58
3131.57
3512.79
2089.23
3541.56
3715.14
3045.01
3376.56
4097.99
2495.29
3717.08
3186.71
4046.83
5852.19
4873.9
2414.59
3943.34
2588.39
3279.01
3577.82
4161.65
2893.02
4093.68
4044.66
2544.13
3137.59
3483.23
3423.67
3009.57
2600.46
4752.66
3040.5
4776.12
4406.25
4599.93
3642.31
2914.02
4516.53
2939.25
4548.32
2221.66
4101.3
3248.36
3173.15
2764.21
3744.79
3551.43
4521.07
4025.9
3662.82
3445.87
4048.96
3683.57
2515.18
2903.45
3299.76
2250.76
3419.61
2894.45
4780.91
2841.78
3031.81
1946.68
5149.78
2439.02
3539.99
3286.83
2850.29
3771.06
4218.03
4680.54
2781.92
2936.07
2907.85
3565.49
4710.85
3033.68
2218.08
3402.77
2649.7
2746.16
3009.87
4356.22
2960.91
3354.37
3219.61
4811.21
3657
3973.93
2491.79
4402.99
4354.5
4818.58
3047.85
1932.66
4131.55
4430.23
2825.38
3237.14
3445.47
3032.54
3381.83
4553.3
3013.92
2994.05
3393.68
2904.51
3216.62
3626.4
3616.2
2515.03
4850.89
5194.07
2678.07
3471.09
3589.38
4258.44
2619.9
3087.97
2526.29
3804.88
2419.62
3761.45
2515.81
3072.32
2838.27
3123.42
4023
3444.24
3331.11
2725.64
3362.99
3292.8
3331.65
3183.6
3084.76
4125.34
4022.96
4382.94
4355.37
4862.01
2794.83
2712.95
3053.81
3488.35
4776.85
2490.2
2620.96
3846.06
2500.13
3288.99
2860.35
3635.4
3338.53
3508.7
2771.11
3866.11
3936.24
2705.23
2738.91
2810.25
2755.4
2536.2
3241.99
3553.92
2733.75
2775.16
3844.35
3400.27
3007.96
4173.59
2707.95
3114.27
2867.68
3280.64
2600.03
3012.79
3193.42
3238.24
2314.13
3076.59
3241.16
2852.9
3017.06
2535.01
3426.76
2598.79
3682.71
2180.64
3754.52
3201.28
3557.2
2272.11
2973.54
4108.31
2609.03
3300.01
4034.43
3141.78
2882.06
3277.17
3049.59
3487.87
2796.55
2734.53
2789.25
4075.65
3556.46
2882.93
2475.52
3286.19
4848.39
3943.88
3010.53
2837.15
4257.26
3578.63
2888.25
3249.38
4019.9
3615.54
3741.66
3093.88
2779.63
2939.14
2540.59
2936.93
2455.88
3315.24
2950.28
4043.41
2678.02
4795.19
2461.19
2407.68
2844.28
5020.56
2548.19
3273.18
3714.96
2870.65
4670.34
2213.41
3771.24
3264.32
2544.94
4430.46
3702.54
2866.28
3209.13
3670.99
3330.82
4666.03
3619.56
3121.9
3143.31
2969.55
5150.2
3468.93
3534.19
2516.28
3086.97
4070.99
2602.26
2044.34
4060.86
3368.61
4365.85
2166.7
4363.1
3475.46
3764.77
3209.62
2490.67
2833.68
3866.31
4911.07
4099.19
3101.69
4549.18
2877.09
5066.91
4009.98
2679.36
3385.79
1910.03
3363.82
3470.18
3722.26
4035.1
3507.74
3560.47
3883.15
3542.25
2930.79
3495.81
3458.75
3265.44
3813.95
3978.19
2849.52
3680.28
3115.18
3386.09
3048.96
2895.79
2985.97
2280.13
3488.82
4162.23
3034.68
4156.47
3041.65
3012.64
3025.66
2951.12
3886.94
4140.25
4591.76
4359.22
4671
2183.67
3610.49
3357
3867.04
2821.36
3246.72
3350.31
2411.62
5038.03
4592.08
3269.84
2005.96
3942.59
2689.13
3385.58
5389.64
2475.95
2556.79
3498.69
2635.65
4186.77
3517.91
3471.23
3317.04
4701.38
3437.7
2247.08
4271.06
3823.33
4188.7
3089.8
3363.11
4351.41
3974.2
4425.24
3490.8
3906.42
3954.84
2449.13
3420.71
2760.16
3206.91
3107.03
3373.49
4380.26
3633.09
3041.86
4794.43
3129.67
4318.12
3159.2
3418.31
3212.93
3617.36
4311.25
2921.82
2819.88
4048.56
3530.2
3428.91
2569.25
2608.23
4906.82
2572.66
3394.78
4760.13
4151.87
3506.01
4709.33
2945.53
2476.96
3728.64
2546.57
4118.43
2675.76
3268.08
2930.63
3971.8
2706.2
4638.96
2476.95
4800.7
4755.21
2594.07
1737.7
4253.45
2585.17
2742.73
2638.19
4117.86
2436.17
2894.01
3486.07
2999.18
3693.61
3038.93
2650.23
3084.14
2812.67
2687.42
2844.64
3417.39
3392.9
2889.87
2524.2
3755.75
4461.46
3589.36
3923.26
2301.72
3935.13
2865.39
3279.79
2537.54
3929.62
3946.45
4968.07
2473.3
3061.55
3170.9
2754.45
3448.97
3202.21
2360.59
2157.44
2925.89
3406.33
3268.49
4002.66
3526.63
3102.2
2644.3
3354.96
3124.27
2523.09
3044.14
3184.39
2494.91
3382.62
2352.98
2782.08
2643.89
2458.95
3351.13
3277.39
2913.86
3747.68
2329.18
3517.02
3838.31
2787.09
3260.55
3100.32
3936.82
4798.51
3547.8
3814.22
2764.58
3320.26
3670.87
4376.48
2895
2682.93
2969.7
3552.2
3129.38
3541.87
2990.9
3385.71
3605.4
4669.3
2973.81
3248.94
3310.48
2782.92
4981.59
4262.5
3404.29
2730.3
3132.82
3729.8
3678.01
3162.16
3030.93
3019.52
4319.61
3118.45
3056.93
3535.71
2379.36
4017.96
3546.38
2691.59
4392.53
2893.24
2553.61
2883.29
2331.47
3438.52
2311.91
3096.35
2338.55
3318.88
2544.97
2268.53
3518.36
2789.29
2579.77
5956.93
3076.77
2071.5
4348.95
2333.04
3826.95
2569.82
6689.21
4036.7
3467.74
2496.03
2238.02
4300.89
3838.74
3862.91
2385.28
2610.5
4957.19
3132.87
3072.32
3854.02
3203.47
2731.21
2797.18
2761.89
3678.68
2910.19
3392.04
2751.09
3207.16
3610.07
2525.28
4093.48
4694.21
2547.38
3755.05
3132.54
3627.65
2266.86
2786.49
2756.79
2526.02
2293.43
3062.01
2802.23
4590.06
2991.12
4697.05
3704.91
2415.7
4103.12
2869.17
2631.7
2521.77
2537.81
3640
3082.56
2585.78
4171.07
4282.21
3592.41
3527.91
4069
4158.83
3665.68
2731.6
3351.46
2839.6
7494.49
2738.35
4312.25
3036.93
5214.63
2642.81
3509.74
4618.96
4505
3551.86
3706.08
3040.99
4896.82
5102.44
3741.02
4211.88
2910.62
3963.32
3880.11
3308.16
3180.41
3004.67
4002.46
2989.41
3812.01
3516.83
2662.19
7247.77
2790.8
2993.4
4218.5
2449.45
2138.27
3230.13
3057.11
2884.66
3781.39
2880.22
3117.1
3994.27
3628.08
2982.64
3873.79
3038.39
3102.08
3821
3384.82
5248.59
4312.34
4378.85
3684.8
3906.07
3029.32
2962.74
2762.27
2761.27
2676.72
4398.75
2865.79
3211.37
2634.68
3364.42
2462.21
3872.27
2430.18
3747.92
2797.01
3650.94
2985.85
2681.36
2435.16
3212.85
3078.39
3141.95
3783.61
2219.28
4205.54
4165.47
3008.39
3969.94
3139.9
4230.32
3192.38
3487
3927.37
3878.6
3953.28
2979.83
2396.76
4059.94
2671.36
4000.24
4229.11
3719.22
2322.82
4304.57
3705.05
3331.16
2890.48
3249.36
4022.52
3178.29
4313.91
2823.14
3861.36
3709.29
3180.62
2798.66
5383.75
4001.57
2963.08
3305.01
4014.41
3136.51
3510.72
3100.26
3426.25
4379.29
3274.87
3525.69
4505.61
3269.48
4100.55
4247.8
4433.79
2954.05
4530.2
3333.63
5316.65
3322.14
2909.23
3335.29
5252.91
3017.6
3778.31
2943.41
3271.84
3918.86
2661.23
3648.46
4453.93
3192.74
3150.41
2403.87
3153.58
3040.78
4051.2
4446.75
3173.81
2431.13
4173.74
3832.06
2868.63
3749.38
3294.28
3014.85
4273.35
2531.08
3532.09
2847.44
2245.21
2340.69
4293.13
3971.27
4013.34
2436.55
3485.1
5713.43
4132.84
3191.5
2997.56
2503.45
3026.61
3503.4
3589.13
2932.84
2622.9
5965.9
2596.77
2567.1
2233.36
2510.33
3558.52
3267.43
3291.02
2863.68
4646.91
3621.46
3609.84
3716.75
3375.04
4827.81
3585.42
4016.74
3427.93
2786.82
3366.39
2945.88
2634.76
3923.31
4246.35
3609.63
2864.74
3661.55
3243.52
2949.19
3757.79
1988.34
4196.63
3376.35
2420.72
3143.59
3873.12
4013.4
3147.2
3230.72
3355.51
4147.7
3800.33
3145.71
2681.77
3379.59
3025.67
4111.85
2879.15
3148.93
2424.6
3337.86
3735.47
3092.78
3325.98
3645.54
3725.15
4565.69
3615.08
2497.37
3906.76
2575
2599.07
3350.68
2758.04
3758.28
3529.21
4481.76
3073.68
3121.22
2658.38
3976.92
2333.64
2819.25
3457.62
3180.86
3728.87
2899.33
3425.26
3408.55
3125.94
2457.31
4132.79
4107.05
2801.36
2841.72
3884.08
3245.53
4031.65
4815.25
3314.89
3801.48
2446.39
3409.88
4111.89
4146.12
2532.03
2753.58
3903.3
4629.74
3084.92
2121.68
2776.63
3540.16
2517.29
4361.88
4116.32
3366.08
4434.16
3136.26
3173.85
4081.73
3278.34
4047.14
2669.08
3304.52
3114.87
3100.4
2710.6
2799.81
2478.75
4981.82
3199.81
2905.15
4302.48
2920.69
3926.59
2286.17
4823.69
3995.87
2582.87
3361.76
4851.14
2976.61
2917.78
3077.93
3491.34
3561.64
3378.2
3029.74
3075.86
3568.99
3479.66
3606.75
2619.52
3205.87
2380.8
2987.34
2898.94
3241.11
3793.91
3844.89
3302.61
3413.86
4475.53
3135.66
2863.26
3299.68
2373.42
3754.42
3019.46
2502.41
3216.21
3085.95
2647.9
2681.37
3648.94
3049.48
3379.27
3290.84
1754.16
3123.53
3979.05
2063.03
3006.82
3269.85
3231.56
3512.92
3014.05
2887.63
2858.3
2344.27
2910.09
4532.63
3996.76
2974.87
3231.63
3210.04
3637.09
4141.92
3542.43
3871.13
3295.64
3223.13
3793.91
3057.23
3477.29
3242
3361.53
2503.12
3129.24
3347.89
3299.71
3372.29
4204.07
3382.6
3165.69
3198.18
3230.15
3749.28
3264.85
3151.51
3212.98
4109.93
3038.9
3482.28
2616.15
2963.37
3160.25
2967.18
3490.34
4134.9
4039.41
4755.86
3155.36
4302.99
3721.78
3396.38
2558.08
2785.3
4136.32
2638.9
2434.84
2505.68
3589.66
3811.11
4961.56
4142.8
2769.85
2954.64
2541.57
3307.17
2924.8
4169.69
3548.6
3525.64
3749.83
3861.93
2098.15
3050.42
4402.03
2731.13
2786.62
3021.85
3528.93
2597.36
4284.61
2700.55
2905.94
4320.38
3082.2
3120.97
2916.18
2715.29
4812.96
4853.47
4015.25
3172.58
3640.6
3148.7
2988.49
3565.23
3055.3
3575.79
2601.56
3245.05
3079.93
3372.63
3295.55
3372.66
3101.97
2032.93
2996.31
2808.36
3909.38
2599.84
5151.12
2783
3763.43
2896.08
3295.54
4154.84
3133.09
2537.63
3143.65
2471.75
3673.18
4093.28
4268.77
3002.71
2949.36
3571.35
3428.4
2899.45
2159.05
3473.35
2933.16
3296.45
2530.44
3744.22
2871.44
2280.4
2315.68
2515.61
2584.71
3468.32
2845.39
3461.96
3372.39
2607.27
2191.38
3908.32
2933.3
4208.46
4130.93
2624.31
3615.95
2338.31
3665.09
4259.66
3067.03
2718.92
3121.97
2476.52
4579.1
3241.28
2885.42
2539.98
3780.93
4160.97
3520.45
3729.03
3446.37
2961.17
2999.77
3187.24
4561.69
2079.73
3093.03
3063.15
4076.43
2861.68
2912.37
3363.67
2926.76
4604.99
4079
2781.46
2557.41
4437.5
4549.69
2991.44
3415.92
2265.49
2478.65
4370.61
4372.38
3097.23
4591.55
3852
2816.38
3911.58
2500.01
3160.61
3371.57
3475.11
5921.44
4153.72
2977.81
3044.83
3562.54
2160.27
2905.25
2948.83
3373.54
3020.51
2904.23
3328.4
3039.97
3897.97
3093.27
2984.68
4662.96
2858.96
2476.47
3262.62
1837.63
3845.61
3865.54
3401.52
3820.36
2517.7
3374.28
3388.83
3948.98
2725.38
2554.06
3269.91
3130.81
3473.67
2374.35
3070.98
3138.56
2738.91
3443.8
3429.67
4307.05
2640.82
3902.98
3504.38
2166.89
2848.79
3106.49
2539.69
3701.06
3399.61
2433.75
2669.73
3456.1
2389.12
2981.7
2759.33
2810.48
3208.39
2811.31
3712.41
2921.3
3032.34
3665.07
2750.88
5215.44
2106.22
2648.53
3876.56
4131.68
2048.62
3220.46
3106.01
2915.72
2542.98
3237.13
2266.12
3509.78
3587.8
4667.95
3489.89
2455.65
3004.67
3586.5
2539.72
3699.49
3390
3260.06
2770.19
2398.05
2721.5
2969.16
3504.31
3875.83
3997.44
3397.56
3029.32
3423.05
2277.71
3947.72
3240.12
3986.37
4345.76
4222.87
3136.93
2270.39
2787.17
4045.83
2713.63
3910.62
3594.45
3377.26
2653.88
3915.59
3880.38
3497.57
3211.85
3801.26
3404.8
3061.63
3117.39
2561.55
4126.63
3119.01
4302.73
3241.66
3064.73
3274.58
2130.95
3398.07
2548.77
2269
4204.37
3420.04
2557.71
3631.65
4164.69
3539.4
4494.52
4155.81
2523.58
3260.28
2991.69
4044.37
3949.61
4292
3254.36
4252.71
3172.19
2881.42
2324.95
2578.94
3371.96
3029.89
3436.31
4015.09
3645.48
4304.07
2325.37
2839.69
3266.25
4810.4
4109
5240.66
2826.53
3769.85
3175.59
4519.86
2780.61
2708.98
3171.83
2936.22
3446.06
3765.99
2124.26
3003.17
3187.06
3375.74
2464.44
3325.2
2743.88
3728.64
2718.12
3078.64
4009.59
2894.77
2589.95
2830.26
3393.27
3751.27
3311.45
3356.2
3619.13
4222.18
3996.15
3796.18
4222.15
3179.39
2918.83
4139.99
3272.94
4790.63
3791.08
3388.22
2745.23
2792.2
2459.64
3556.78
1922.96
3275.41
4646.59
5864.84
3000
2548
2730.59
2649.48
1848.5
2821.45
2713.96
2794.61
4763.55
2626.86
3475.23
3720.91
2622.36
3343.66
4041.41
4936.72
3145.89
3221.76
3836.4
5106.68
2548.71
2813.37
2861.61
2734.06
3594.88
2497.68
3044.15
2257.36
2580.83
3478.19
3423.16
3269.03
3037.32
3466.75
2811.57
4042.63
3437.56
3197.1
3463.79
3105.3
3684.48
4301.31
3183.15
3361.75
2610.4
3721.77
2949.4
3426.04
3519.56
3466.41
3491.54
2680.39
3621.47
4110.88
2656
2176.72
3194.94
3322.78
2393.74
3166.37
3298.67
4006.4
4272.8
3529.8
4221.51
3076.65
3235.18
2250.19
2648.62
2786.6
5820.67
3217.31
3957.32
2681.29
2832.06
2914.8
3309.98
3172.65
4545.4
3563.47
2932.57
3557.87
2828.6
4097.8
4332.95
4711.42
4044.66
3936.24
3885.6
2556.11
2282.45
3346.81
4638.99
3118.74
4734.07
3075.02
3813.01
3273.53
2985.05
3695.2
3279.46
3343.66
3680.19
3570.44
3045.14
3301.42
3255.6
2375.04
3499.49
4431.91
3456.2
3561.53
3763.77
2729.43
3751.19
3316.51
3220.25
3891.34
4607.71
4609.86
3164.49
3831.14
4043.14
3414.38
2615.52
4091.35
3785.2
4174.86
2523.64
2721.42
2766.26
3613.1
2657.94
3229.78
3348.43
3241.02
3813.58
3791.84
3332.77
4232.15
2880.29
2573.47
3319.23
2318.54
2632.52
3443.08
3206.7
2646
3719.53
3557.47
3684.93
3179.28
2728.7
2866.65
3627.79
2789.67
3288.91
3448.04
3461.94
3448.56
4360.75
3191.52
3211.65
2937.59
2396.16
3417.96
3112.02
3686.09
3075.31
3248.24
3381.97
3297.45
4585.38
4578.73
3952.82
2516.47
3954.68
4242.13
2830.91
3754.37
2775.54
2233.93
2840.07
4851.74
4430.4
3356.43
4721.86
3306.13
2759.44
3312.67
5250.27
3691.63
3257.74
3623.02
4109.52
2975.05
3131.8
4279.45
3084.95
3838.56
3703.46
3565.75
2841.63
3227.04
2528.49
2564.21
2812.1
4039.78
2019.26
2774.7
3604.23
2917.34
3557.58
2889.46
3051.95
3896.34
6237.33
3078.23
2453.76
4551.18
3054.86
1952.21
2346.42
3468.86
2746.74
3272.86
2827.67
2225.32
3846.98
2751.17
2882.87
3199.07
4088.09
2885.57
2353.01
2793.42
3025.76
3001.17
3011.66
3963.73
2280.35
3745.43
2344.22
3963.78
3129.15
2643.74
2860.88
3343.46
3148.9
2267
3429.86
3401.76
3073.45
2451.71
2649.8
3240.82
5919.86
2606.39
3549.23
3054.8
3281.5
4501.58
2610.93
4143.92
3754.83
3261.04
3140.75
3262.66
2379.24
3228.71
2418.65
2546.2
2926.81
2846.87
3382.36
3895.89
2834.16
3392.6
3647.55
3644.6
2872.68
2838.67
2653
3329.58
3180.82
3244.52
3660.17
3302.79
3672.79
2893.18
3739.67
2965.55
2853.12
4221.93
2850.1
3376.89
3123.45
2459.77
4269.88
3112.96
3472.82
4261.45
3845.48
3484.56
3336.41
2897.11
2536.49
4351.42
2607.45
3339.56
3637.5
2338.24
3716.84
2761.38
3813.92
2837.63
3822.03
2890.21
3692.92
3647.76
3134.16
2702.72
3101.18
3428.74
3355.56
3308.28
3081.79
2776.5
4178.43
2484.34
3841.58
2672.58
