0.318318
14.9587
5.14271
1.68571
0.277771
8.80786
4.61597
2.35891
3.59674
12.3243
2.88899
0.314052
1.63232
20.4725
0.132433
2.2275
158.881
53.4332
0.099488
1.38779
39.7711
0.0427561
0.0587451
85.2246
3.10137
0.325142
9.79506
0.967849
42.59
15.2852
128.709
2.46416
11.707
0.099663
0.505644
3.63268
0.096395
0.18799
80.5878
3.01436
0.205675
6.29873
34.7386
12.2889
1.53233
3.38912
0.0909152
0.0567551
15.6251
0.701258
0.469224
0.890606
10.9066
79.5651
0.51598
0.271507
81.9031
0.0446699
0.53495
0.547247
0.191371
0.261479
24.7306
3.28515
0.183887
14.4873
0.115502
0.048558
0.045902
7.46522
98.0643
0.141712
0.0820222
2.20734
0.635878
50.5289
90.99
42.7812
0.053808
4.09798
0.06706
0.105701
1.21787
0.436494
0.123892
96.9369
5.13577
0.736589
2.57242
5.50592
5.41297
46.3939
8.05412
0.0741959
1.66052
13.253
10.6793
5.87306
8.58071
20.8079
0.065196
21.9559
16.964
0.0581141
1.92128
12.2752
0.063519
0.211432
30.9541
0.127705
0.194906
6.43457
34.8439
3.40036
9.43168
6.4271
8.05821
0.047754
2.5066
0.0605361
0.90183
1.86405
1.43203
0.393412
9.8398
0.301654
4.19905
0.0946078
4.50792
2.08251
1.10942
1.50737
3.3435
0.043355
1.75398
2.11275
108.462
15.8896
1.21196
1.32003
0.161389
2.02969
51.211
3.5566
15.6632
1.70537
4.17701
16.4152
7.49259
0.973987
15.9691
1.8291
0.0534809
13.632
9.29301
1.09688
21.6112
5.08094
7.64471
6.89447
0.781932
0.261124
0.0360661
102.28
3.73912
35.771
9.53047
0.0527101
0.187032
5.85109
1.30051
8.25623
56.6544
5.19193
1.33986
0.101915
1.37761
84.8208
0.162857
6.3364
0.051194
0.0698762
4.71248
20.5245
0.107929
4.26217
2.4353
0.472327
1.33804
0.0897629
1.95212
0.488192
0.0622008
15.8696
14.5785
9.10261
1.22282
37.4962
0.0766301
0.482877
0.228116
112.141
25.1459
0.178069
0.0683758
0.140875
0.322123
1.43476
14.7105
4.63753
50.209
0.093379
1.69907
0.0752809
13.7754
0.569295
0.055768
140.605
0.101195
0.111971
7.14438
7.21827
13.4041
84.5376
0.278361
1.29246
0.584844
0.296037
3.82841
18.8462
5.11798
0.80006
15.0321
3.65293
7.54741
0.451953
3.6816
17.8802
5.89273
21.3663
0.563017
0.404069
0.983827
0.122241
0.149819
10.1453
109.757
2.56285
1.84915
5.85761
0.202096
36.7868
0.263979
43.3147
1.88476
19.9972
12.1662
37.8315
0.267356
4.33664
2.64381
237.828
60.6634
9.98806
0.115335
0.13799
2.80955
2.90644
0.0431082
9.01745
0.838309
2.09835
58.7338
0.18195
1.99744
0.749714
0.147935
48.6563
0.568676
0.0911961
0.095876
3.33018
1.91427
1.72641
0.419371
1.79855
0.0553429
0.057574
3.17168
3.01362
2.42817
0.146059
0.693495
5.55467
6.45238
0.041651
4.40517
0.0450292
156.412
0.098341
0.0552661
1.4083
0.0559959
6.18962
0.876559
0.125373
25.4746
7.33853
1.16019
0.063545
37.7511
4.48551
12.4085
1.89205
0.045609
96.5375
2.28806
0.088546
0.503681
0.053977
0.384027
158.472
99.7481
4.39546
8.29601
11.1348
17.1837
0.577025
1.41632
91.3628
0.19285
3.98035
29.9486
68.3011
10.9883
0.163375
0.904977
0.133749
18.1044
2.26488
5.85501
0.33202
5.33542
1.68193
0.914704
2.48372
0.078285
52.7566
11.7438
0.0787561
4.2441
25.8305
189.16
5.63489
4.03733
0.0852079
40.4769
0.047375
8.92611
4.99039
4.34941
17.8614
1.70867
1.81271
0.676814
2.13921
5.92328
10.9979
0.757221
3.06648
3.05683
0.0754938
4.91373
0.0951951
10.5342
0.0858972
3.91889
0.153259
110.709
10.9261
13.8395
41.5444
13.5155
0.053617
0.0999141
0.069448
110.511
12.8035
4.43962
5.43161
3.01147
6.8862
35.4963
5.63638
82.6725
197.774
0.268778
4.05268
33.6081
0.386279
11.7157
7.01242
0.108225
0.125415
1.20465
0.748839
0.408791
1.26014
0.682529
0.250871
0.366097
0.480863
39.8408
0.851737
0.677846
26.5192
0.102084
10.0369
7.10078
1.45324
9.57822
3.24099
10.6281
1.03434
0.814353
88.1787
8.3292
0.258013
5.04555
33.1537
71.6934
0.0640562
0.099678
18.3195
44.4457
1.11849
2.04465
1.07073
8.77367
23.4092
6.78573
0.373032
201.771
0.171158
0.139828
0.703635
4.13306
2.91303
0.606629
15.5214
0.058311
1.07755
89.8474
0.0256488
0.179866
2.71414
0.519456
221.31
56.9696
0.27008
0.190151
2.71462
5.99748
16.8555
0.314515
58.0352
0.242486
3.53251
7.64913
3.89529
16.4077
104.437
16.1744
5.22858
152.238
65.9069
1.05218
17.9564
157.514
2.63671
202.41
7.42643
0.0704741
5.78995
0.066952
0.124731
0.254749
0.0430191
110.896
2.2019
20.1007
0.0972869
2.141
0.089921
0.39106
0.0616379
3.31159
2.88837
3.05313
12.3937
93.5685
40.0748
40.1735
11.4701
3.20896
114.779
0.357089
3.96308
2.09296
3.54009
1.83801
0.219383
56.8722
0.123143
91.3649
1.43281
1.9146
0.0881832
168.377
0.404702
0.0673721
74.0233
0.990995
0.0826831
5.81272
0.674518
0.090152
15.5291
7.02008
2.25033
0.810781
1.14312
1.02998
7.64563
0.945174
3.31505
2.7021
0.0768309
3.83181
0.868868
1.77556
9.35852
67.115
288.376
6.6862
5.32376
6.02956
27.374
2.04072
2.90108
0.106835
0.116558
73.8977
0.336486
11.4771
3.97118
9.92817
0.0917051
0.473379
1.56847
3.55793
0.0631499
0.0544581
3.44231
4.73756
1.36318
5.54282
0.28091
17.2138
0.286474
0.076812
72.8956
26.6491
3.13147
1.47862
9.01328
52.7065
1.15154
1.32236
0.0541971
24.5948
14.4846
0.114271
0.0624249
53.0213
3.58007
3.21256
37.9486
1.05749
43.9142
0.0824161
9.63824
0.578846
132.27
4.45469
18.1455
0.703121
0.271156
0.261044
26.3872
0.0372829
1.55606
0.069382
0.037627
0.713563
1.37136
3.01498
0.0523989
2.75836
0.059479
0.374614
6.05842
85.398
81.4616
3.38976
14.8042
0.05585
8.94397
0.649153
41.0797
1.11804
3.14129
39.227
79.0145
0.381192
1.65576
3.44066
1.57174
0.07515
5.93817
8.50055
11.8428
4.46407
5.29466
0.202423
48.3446
0.15666
0.158811
0.110001
0.0813529
4.35628
0.127453
10.3881
0.902797
0.856607
2.09364
1.72534
3.78131
1.10445
0.0883858
5.73227
18.2421
0.123624
5.26637
2.64131
3.50597
0.128334
0.0512829
22.3544
5.98572
15.8525
17.8395
0.26568
132.209
0.41611
1.21338
1.01294
0.07392
0.316549
108.104
5.32032
129.433
2.46177
0.425443
0.271053
9.00504
0.836143
2.58179
8.63199
12.2588
0.928669
0.335105
0.0976222
3.67893
9.63875
0.0555489
6.43303
1.32773
11.4567
23.1812
0.548743
0.196902
0.298232
18.6474
25.8072
0.468364
5.42839
25.9348
212.203
13.0034
0.349337
55.1084
153.635
9.90789
8.8194
10.0184
8.0615
231.324
73.4221
7.08165
0.169778
0.176462
0.665728
8.43673
31.1974
32.5861
5.21136
0.075249
9.48281
1.11916
0.729656
0.0862951
23.7272
0.432592
0.727696
3.59228
0.103006
0.486642
80.1714
19.7067
0.0495448
1.08857
4.10443
3.26515
0.196606
0.104324
13.0699
0.0472951
8.99917
0.0676179
0.204089
0.958364
3.42778
11.7141
0.790695
16.9534
6.57424
235.877
5.1643
16.9485
2.15787
0.238126
0.161602
4.52891
0.134091
0.717415
4.44735
1.30437
38.5836
6.62061
8.09985
101.714
2.26349
6.87301
0.055522
7.0395
2.5299
17.6641
7.5239
0.0776238
5.66158
0.122404
46.7141
77.0899
3.58179
19.9338
2.93891
0.0817189
114.263
8.09265
96.3939
1.38574
0.257665
5.68044
0.075655
8.42061
21.9262
0.085892
0.168177
1.15384
15.2807
12.8379
6.10545
4.60028
0.122147
3.8616
1.09735
3.61769
39.4753
2.64703
2.2938
0.139229
0.784132
6.9001
57.2481
0.902162
28.973
0.106408
0.175573
7.36721
1.54838
39.1651
1.21291
7.04603
12.5271
4.73334
51.5486
0.137177
0.474943
0.419379
1.31578
7.12497
0.973774
0.0596809
20.1461
14.7027
4.00176
0.926636
0.701913
2.18081
11.5364
0.0598159
7.72862
79.8716
0.0699482
7.32685
0.238564
0.202651
3.8592
105.773
134.855
0.262739
0.125298
7.67093
1.34747
0.048496
0.532739
21.2868
0.209892
0.195667
23.5787
0.497121
13.904
9.56191
0.117095
12.1323
0.076828
0.482949
1.14753
2.72596
1.51908
2.28229
2.68581
15.8291
0.545546
1.05951
0.099493
0.276648
26.8765
4.70144
0.178288
11.9647
2.59278
7.42092
0.24606
27.7047
0.194867
0.053993
4.14912
1.02052
0.486279
7.15283
2.56803
2.84185
26.0228
14.9148
2.06308
5.34819
0.0993099
60.3422
31.0442
0.117174
5.32004
1.67456
3.8731
0.215913
0.0632899
8.08914
6.36251
0.549097
1.9815
13.8592
4.68681
2.79809
3.90018
2.59723
2.06632
2.28936
34.9244
0.195853
94.6806
52.8985
26.9271
0.051204
64.273
0.820375
6.55735
2.14918
33.5718
0.077255
90.9674
209.456
1.10141
4.44254
91.9663
0.113058
0.786709
1.8896
3.81525
0.388872
2.57568
5.69824
119.732
1.66445
55.4592
0.765306
22.7038
49.94
38.304
0.55156
31.3181
63.08
0.0856202
9.2101
22.5101
2.69546
60.6987
0.136388
11.9266
1.02029
0.0450001
2.97991
6.81722
0.0871739
0.819158
0.279375
0.0931771
17.5419
0.168867
20.0342
6.48368
0.088367
1.99205
5.68536
118.906
0.140253
15.3578
2.39503
2.3579
1.18289
193.064
17.2383
0.700598
0.0486979
3.59674
0.121319
0.0833771
4.91258
0.444597
5.50316
0.15179
2.34851
2.70616
0.0919261
0.505003
9.20078
0.124935
0.170884
1.84286
3.62124
4.79747
23.0027
1.00198
0.106672
3.77153
0.0950239
18.5153
8.0546
9.84882
0.157512
5.03131
0.0569069
81.3998
0.604289
0.138648
4.21586
3.86465
13.1679
3.14908
0.0606151
0.266153
1.25827
0.193563
0.822025
0.165288
11.788
1.85377
55.3124
16.2731
1.19764
1.01648
16.0024
5.15667
9.02339
0.618425
0.101695
0.04421
18.127
15.92
6.53364
16.7068
9.82966
3.87024
0.0576191
0.153685
0.131918
0.0920801
0.0623341
0.808488
39.5364
27.6628
0.871579
2.24645
0.0901189
0.0419791
1.22954
15.2755
0.0751939
2.57161
20.291
0.650867
84.935
0.639724
1.97108
64.4137
0.082335
2.112
1.95348
90.3674
0.111255
19.2968
0.147833
9.45382
2.57696
1.35763
1.75485
14.2212
3.28912
0.085397
5.74353
3.84535
0.525012
0.192929
17.9275
0.100394
0.081089
0.252691
0.158397
8.10101
0.593789
1.05773
3.08621
14.2928
0.202034
0.048661
1.26738
0.909905
63.7237
65.5701
0.0668569
0.898066
0.248125
0.0498371
11.7212
0.180185
4.38549
0.200218
0.0896211
1.42998
35.4366
0.091902
8.90276
0.487127
2.45308
0.0613141
1.30549
46.6701
1.52804
0.0595009
0.643348
0.521125
0.257711
6.71439
8.69391
2.59527
180.272
5.03263
0.790727
2.43154
0.173803
3.18634
2.41547
11.9784
7.84904
2.42661
1.14386
61.1614
0.0633209
3.3906
10.1978
167.355
0.096426
1.90652
5.66896
0.133387
23.0564
68.9283
76.7902
1.29215
1.04946
0.0394878
3.32911
0.569479
6.5014
1.44067
2.02345
4.80196
0.049341
0.815203
0.179416
10.0939
0.166382
1.47448
4.57621
57.2285
20.411
0.102171
0.318979
28.4008
0.7814
43.8593
0.489175
0.0807669
12.2572
8.14599
0.421889
0.266887
1.44051
1.67483
0.128988
46.7808
0.0890341
13.6994
0.079566
13.9036
19.5286
10.1919
0.594366
1.30599
1.21283
3.97619
0.077924
1.23495
7.96234
2.45244
10.3099
0.073164
37.1538
1.10378
0.0923319
0.045789
0.511013
3.80259
94.8076
0.183985
0.205628
0.0736282
1.43548
8.01956
4.47525
0.103543
0.0486422
0.092674
0.464175
0.400951
0.478696
0.484775
6.81015
6.19355
63.1438
12.4014
0.796816
5.1571
0.0866439
1.89163
0.159857
0.0809078
0.186571
39.7643
0.0954812
2.91692
0.187438
5.52022
12.9838
52.7809
0.119805
0.425812
0.149476
1.98497
1.23687
10.8208
11.5976
3.24431
0.0914781
1.92692
38.7456
1.72998
9.70869
0.0812089
9.21228
0.691745
42.0926
0.0595651
1.40962
0.117745
0.274091
0.996443
0.0923069
1.90341
3.02476
1.98649
35.3556
1.14165
7.39909
3.54004
6.50296
13.0395
38.4414
93.6411
78.5739
2.64307
0.0609391
0.69032
0.794543
119.92
0.615078
0.241871
4.62679
1.69775
9.33652
0.080821
41.5703
11.8234
64.4344
126.28
3.11452
1.55938
1.16841
62.5015
0.167868
0.279503
0.0753379
0.487804
6.56625
39.116
0.251185
0.0842381
20.8685
51.725
2.78018
1.31179
0.555203
0.991527
1.2305
0.29981
29.9944
0.128625
3.89361
6.12865
0.208357
5.7206
3.55429
0.0475662
0.868076
81.8046
0.282625
11.9861
41.6749
0.314427
3.76072
106.613
5.79015
1.27085
0.306303
5.57088
12.7266
7.65489
0.408298
1.43781
6.60704
5.08211
13.6437
28.4444
43.8427
0.0664179
1.3579
28.043
3.9843
0.431831
0.175548
13.4312
0.0531719
61.8277
7.23666
3.32964
0.0820789
0.844398
5.61809
0.118238
1.96786
6.27733
0.092638
7.82776
2.16211
1.04214
11.6062
0.0650971
0.0471411
0.106893
12.9515
3.50876
3.2398
1.66644
25.0386
7.27518
0.154109
0.247377
21.2974
3.06448
169.634
63.9902
3.33763
0.11249
3.84418
5.60648
6.31162
37.0072
2.0583
11.5262
1.39492
1.47684
0.244561
3.37857
203.869
49.6379
1.66355
27.0499
64.0399
10.9756
4.90759
0.88747
2.74529
15.3895
0.207369
4.81989
0.0522208
0.0843558
0.439889
13.4573
65.0289
10.1866
0.896389
0.207956
2.32764
0.0759809
7.9971
3.37442
0.318918
6.01625
3.79698
0.133425
0.0631402
0.0515921
0.241881
0.110414
1.46548
22.6962
6.16966
102.079
1.92907
0.0864379
0.124035
11.2264
3.31202
2.60407
1.88599
2.33439
11.0979
27.2968
7.87015
3.25074
5.34546
0.144272
93.146
1.13273
0.0564921
0.101953
0.105375
0.266084
10.3595
0.957404
0.33445
0.130244
1.10315
3.37591
41.7689
5.54482
1.63801
4.2967
0.855659
0.102713
7.89207
0.0929451
3.61818
10.2039
12.43
3.79806
0.527283
82.3428
150.022
3.35188
9.24589
13.0656
4.67309
0.251601
0.053205
1.8665
5.01981
0.219338
1.03312
0.445321
2.45367
9.70122
1.50185
117.564
28.8868
4.74229
0.161784
103.019
0.0680239
9.54384
0.0650439
0.050204
0.109246
12.1082
2.90058
15.0342
3.78331
7.29737
13.2632
14.742
2.74375
0.064971
0.811602
29.2237
53.3905
0.820636
0.637137
1.96231
55.7607
0.13029
3.90031
0.050127
0.450988
18.0154
0.655455
1.17851
3.14729
12.0708
7.15284
1.70029
0.59054
0.0891781
0.244666
3.19652
0.849972
8.25012
7.68827
0.103672
1.15911
14.3429
0.635323
6.91914
23.01
4.33892
120.231
1.00666
0.187765
0.727631
38.2707
19.3349
0.147168
4.46495
37.9013
6.04021
0.325939
1.39295
0.0537429
4.73217
5.11616
19.0827
0.2657
2.53851
83.8572
0.259683
0.131565
0.098165
91.0041
1.99314
64.9579
0.0513539
0.928917
0.382379
37.8761
0.0964608
0.23024
1.86351
0.336627
8.87939
23.7909
3.76409
0.171426
3.978
4.42028
61.4025
29.0948
1.51007
3.24641
5.35607
2.64552
9.34027
0.100676
3.90064
0.048146
3.044
0.076916
41.6964
1.19257
0.0581291
0.0796652
2.31804
0.0748069
66.8616
3.84273
0.754737
187.347
1.73642
1.28925
0.0501981
0.439566
8.64421
6.95811
0.072541
5.77807
13.3983
0.237237
4.34824
2.13785
0.131194
4.2744
0.139357
3.19989
6.77834
17.5673
0.171363
0.529253
2.66057
0.413258
5.82124
1.92493
0.072706
1.39573
0.051729
1.45664
0.530384
7.73897
1.0706
14.1435
16.7638
10.3089
0.275706
0.53585
0.47447
0.965763
0.771926
0.0629501
1.44051
1.26401
1.23222
4.17356
0.594847
0.04968
0.0881591
0.115827
0.057287
35.8525
11.6088
0.0560012
3.56282
2.63741
0.0548861
7.67586
9.02556
1.79658
1.06149
2.63159
0.086463
0.082556
54.4068
0.043566
5.75642
90.7012
1.63064
0.067909
6.53544
4.39938
13.3443
69.8505
4.22166
17.279
4.10436
2.73636
0.161506
1.39584
55.1301
56.7692
2.73506
2.20694
0.232719
0.0542028
1.17829
0.137835
0.0986378
0.087853
9.26907
0.634248
6.91471
0.184138
0.295978
2.59201
0.490242
9.4983
7.64686
0.78545
7.1797
0.0708179
187.987
1.88397
0.431688
2.55207
77.4373
54.0795
3.89415
20.4765
3.90294
7.19707
42.5457
0.757842
3.61236
7.48742
3.37885
0.5296
0.130592
0.0489509
117.507
8.30826
4.38967
0.0488482
0.16948
1.04028
60.2085
182.236
0.812852
3.25907
8.1381
51.2317
0.242457
0.045573
2.93188
0.0605149
10.5042
0.330682
1.70515
1.15474
2.1833
2.34965
29.6331
9.14983
161.877
13.4923
3.99305
2.83519
17.5251
1.21474
59.3844
135.903
5.97912
5.53126
122.235
39.4494
1.63831
0.0334709
6.52589
0.935361
0.106469
1.95185
4.75669
11.7506
4.78356
1.11202
4.23293
0.331428
0.878526
0.051826
112.424
9.54227
0.885038
0.625813
21.0827
1.39165
1.9184
127.504
0.277688
42.5502
0.0825729
8.65612
0.0913181
75.8301
188.516
0.571764
1.30945
2.86556
8.38161
41.3508
1.34568
0.949137
0.118577
61.0069
1.10738
0.095294
0.117221
0.170417
0.136042
1.46228
0.429227
0.192578
0.088994
1.15297
16.5906
2.31359
0.238939
3.05448
7.09237
0.065973
3.57553
8.01611
0.248495
64.1173
6.7345
9.33064
1.98824
6.46259
111.253
0.489615
39.4527
6.51788
0.947514
1.65585
9.93948
13.1156
1.62484
88.4307
0.136301
12.8752
2.82051
89.48
1.25616
11.467
0.0521381
16.8262
0.859832
6.35797
3.31041
0.200979
28.0648
110.162
0.100449
11.0221
5.02073
0.106822
1.29377
115.899
0.448581
0.208087
1.9278
198.34
11.9214
0.354971
1.326
0.932699
2.17909
15.1156
25.3667
1.41304
0.130771
16.2967
0.675002
3.38797
12.3002
0.181782
3.47709
0.410269
0.0512578
6.0822
13.9428
0.83933
1.1866
1.47619
2.94217
7.99281
2.62326
3.28178
81.5347
1.23433
0.519705
36.3293
167.879
0.09147
15.8163
82.5354
19.4454
4.89794
0.064321
0.264364
3.99249
9.74191
20.7459
3.57474
0.094172
1.18111
55.1657
4.47795
0.0811191
1.0011
5.83116
4.79696
0.325068
3.59965
0.844095
1.28516
9.25216
0.0861759
0.18586
1.7648
23.0169
13.0279
30.1648
2.75988
91.315
70.2226
0.233881
2.33877
7.33233
0.567683
1.06936
3.34449
10.0166
6.24966
0.154713
0.142239
41.9822
0.162273
15.1394
9.58617
106.394
0.0698931
4.39616
14.732
17.1593
0.818023
70.8828
1.97335
6.45136
129.282
9.17485
4.45011
2.20593
1.93576
76.7696
6.09753
0.737904
0.051033
6.65257
0.108603
0.126297
0.0917721
0.16526
88.1473
0.671125
1.08096
0.0797632
7.39156
6.07334
8.23964
9.65162
52.3454
0.335935
22.6257
13.8096
0.043788
2.84937
0.112827
0.147909
0.434747
24.3431
170.555
27.3234
0.0653172
132.81
0.585226
1.71784
0.102389
1.46945
0.346023
0.07143
2.48208
1.73604
21.9721
82.7858
2.22592
1.1133
7.37506
7.87283
52.2244
7.06928
9.27475
208.832
29.9453
18.0287
8.95171
1.03362
14.3081
0.0949261
7.95891
0.0594299
37.5508
0.262266
0.893498
0.529839
0.454374
77.2469
5.58146
4.80254
0.776744
1.56364
0.380758
0.064615
3.60032
0.35965
1.08354
1.88919
0.0673602
0.0640349
1.1473
9.25023
0.61277
2.99812
8.82493
129.175
25.6212
1.57783
125.001
26.006
7.53984
35.4658
1.04547
1.24943
1.62613
43.7794
8.98393
0.230288
1.467
13.7131
0.133483
3.64782
0.0699298
8.5783
120.392
0.117037
2.065
0.2639
10.9736
1.01014
4.58164
0.638474
2.95931
0.0481579
2.58283
0.375587
0.0829439
6.55684
0.117277
0.134506
0.815093
71.0884
1.55991
12.7554
9.02736
6.37964
0.131716
0.314665
5.87177
7.0032
1.41579
12.2522
1.03013
9.51942
79.4384
0.113688
2.88492
1.29866
1.08377
14.3571
18.82
20.2073
4.61296
5.39786
3.25209
117.032
0.0550761
7.83738
7.1103
1.86749
0.621407
3.56886
0.052537
