58145.7
58655.2
55413.2
53642.8
45977.8
58290.7
57436.8
65744.4
56567.3
40914.6
53493.2
58423.9
66046.7
73633.1
47832.4
56333.6
51876
62435.7
72836.9
54905.6
49290.3
57101.6
38867.2
44052.4
48733.9
54797
74582.2
54729.5
52262.4
37607.8
67645.9
68675.3
54958.5
72438.7
68370.1
61578.7
61348.2
70345.2
51877.1
74258
50251.9
53636.4
72351.2
62769.4
71634.2
58817.3
31677.4
42885.4
60168.7
56500.2
52855.4
46120.8
71568.3
63081.4
59718.6
59013.5
69591.8
40601.6
61355.1
70563.5
56029.5
71046.2
58377.1
59841.1
43602.1
63695.9
50315.9
36049.1
57566.2
54592.8
66880.5
52251
48565.9
49617.6
49549.4
56718
56920.8
51514.8
37514.2
54674.7
39562.1
50069.1
52982.9
36807.5
69123.5
70716.1
59405.2
47148.9
42334.2
49254.2
70906.2
56432.5
62383.3
46386.5
46938.7
54637.9
45251.5
56981
58140.3
52837.8
55236.2
60879.5
49111.9
44855.3
52948.3
52472.9
39682.4
51203.7
68996
54396.3
68632.1
49277.2
57199.8
63281.2
47091.9
63384.8
48766
42850.7
45270.2
47868.6
46867.9
60345.3
59006.8
60567.1
61109.4
66987.3
37546.8
42509.9
55062.9
47315.4
65527.7
48537.6
51883.5
63776.3
46014.1
45051.6
59648.8
54914.3
59280.2
65308.7
58069
64104.2
57563.8
50967.5
70562.5
51375
40707.8
72419.2
67828.9
66601
67114.8
57600.7
51135
67413
49902.7
64624.5
57880.9
54766.1
71290.3
69087.9
44760.7
47381.7
47312.8
47544.8
57536.5
49203.1
62398.6
50355.6
60063.7
45711.1
50494.7
73023.9
48128.9
49544.2
62300.9
47846
36104.9
49567.9
45323.6
45375
57765.4
55438.6
56623.1
56542.7
56783.4
55215.5
49518.5
52216.6
58557.8
70632.3
60333.2
54831.1
44828.3
66069.8
57794.6
61174.7
49408.1
60853.9
50910
57087.7
58016.7
47438.3
72663.1
70780.7
47608
68724.5
58219.1
38062.4
64047.7
50575.4
56871.9
43450.6
52623.9
60288.2
43878.4
59144
44866.4
42928
73314.5
43908.1
51001.6
53876
59456.4
63882.3
43699.6
37897.9
47247.1
39571.3
32105.8
55741.3
41389.6
43914
48039.1
50176.1
73335.8
69913.4
61630
57453.1
74133
51057.6
54514.1
59546.6
42006.8
53648.3
48098.5
46069.4
57757.6
50143.4
57787
60520.3
72131.6
64279.7
67377.9
57209.3
57246
68045.4
60564.2
51333.3
45228.4
73837.6
49243.8
49904.4
51375.5
43774.9
61439.6
50183.1
47189.7
49063.7
51293.2
74567.9
48962.9
65550.5
50643.1
70230.6
43782.9
49638.4
52207.2
57211.6
50805.7
67307.4
50444.6
66596.2
52201.9
50983.4
53686.6
55018.6
55069.9
50360.3
71151.5
46211.7
50861.9
40596
60659
63759.2
49781.3
58704.4
40925.6
46036.7
51091.2
64037.2
44418.9
45187.9
43450.3
55431.7
45037.6
55354.3
53734.9
56978.6
42781.1
66686.8
58666.6
56199.3
51692
47020.6
58044.3
66847.8
64282.2
59786.3
52525.4
61001.7
44828
62342.5
60051.8
41003.2
48810.4
69833.1
55928
70138.9
49417.7
60584.2
53422.7
70916.1
68007.5
67902.7
65307
68140.4
51974.6
56112.9
74043.8
52259.7
46708.6
66785.4
47354.2
72067
49615.2
63033.5
64388.7
57575.2
49016.6
48155.8
43247.5
63757.6
59654
56967.6
50644.6
52889.8
55467.2
51451.4
58149.6
55164
53457.6
46119.4
32076.8
56237.7
49975.5
72467.7
53024.4
63385.8
50857.2
43898.3
57462.4
55106
54584.9
66921.6
49648.4
68064.8
63496.6
47994.4
72169.4
70496.7
64399.2
53449.2
70792.5
50533.4
42080.5
48924.7
73336.6
70290.1
66491.5
47005.5
69363.7
49634.3
56286.9
54154.9
67263.1
55288
55341.1
67730.3
53429.3
53344.8
60261
66183.1
52160.1
48789
66081.2
49491.9
65688.6
66355.1
68294
73341.2
50866.7
74080.1
55025.6
62356.5
39521.3
73889.1
67463.9
50883.2
46496.2
66773.4
62055.2
53036.8
68438.2
65971.6
61720.2
59601.4
72922.8
53926.3
53696.6
55175.4
53874.1
52519.3
53972.2
68938.3
54574.5
56657.7
39036.1
71634.8
53840.8
61748.3
51391.9
60869.4
67470.8
65343.2
65899.5
46028.1
53760.2
47440
60467.3
61566.6
51096
43454.5
53375.3
56007.6
50606.7
43529
60651.6
70271.9
65082.6
46707.7
70245.4
64012.6
61386.1
47693.3
69709.4
73063.2
72864.6
52324.3
37507.2
63164.3
61638.2
53586.3
54369.6
64234.1
55381.8
72578.9
63145.7
60457.9
59538.5
65502.5
59466.4
49803.8
74791.7
68939.6
49622.4
73725.4
65711.3
55434.4
60978.3
63269.3
64808.2
48066.8
65365.9
54741
53140.6
55626.9
62034.9
44626.7
53519
57895
58862.6
61293.6
61552.5
52461.2
52024.2
71218.7
56948
57227.6
37178.4
38683.5
74260
71216.5
74316.8
66011.8
73702.2
58626.8
50590.2
45951.2
55108.4
69747.5
53340.7
54181.1
64329.6
51364.2
41054.6
48476.6
65442.6
53064.4
57820.3
63375.7
46947.9
61893.6
54482.9
54862.9
49465.7
51783.1
45478.8
63574.7
68832.2
55396.2
51119.5
63941.7
61550.9
63863.8
69858.7
46147.3
57338.8
51867
51245.9
47702.7
65049.7
62175.2
65704.8
44420.7
58720.8
62709.8
50834.6
58012.7
44674.5
72815.2
45954.5
56616.3
42684.3
68836.7
56316.2
59031.4
37844.8
49136
55368.3
50669.4
54046.3
68492.9
58843.5
58566.3
55370.5
58883.7
73531.5
48243.9
45968.6
52865.2
67579.6
59638.6
55691.7
44352.6
52050.8
73738.7
74233.6
57897.3
45695.1
74211.4
61076.6
58600.9
56543.4
71783.2
62385.9
70675.6
62839.8
46350.3
58642.4
53735.6
48179.9
42603.5
57575.1
49629.4
51746.2
47918.3
74465.2
39829
44138.4
45431.9
67270.8
49216.9
52613.2
51826.5
51380.7
71429.7
36669.8
62937.4
52612.3
53169.1
73415.1
64080.9
51953.1
65974.8
59687.9
56245.6
64314.5
73729.3
57147.8
55000.1
55762.6
67370.8
70556.7
65048.1
49726.7
58173.4
68814
48842.7
41563.5
65673.6
58728.1
70683.3
49553.7
62538.4
46673
60568.5
45952.4
46374.6
59333.4
59096.1
67550.4
62564.2
68586.9
69086.4
61050.6
73916.9
69444.2
37604.3
64123.2
47590.5
45802.5
51984.1
55541.5
60214.1
62370.1
55983.5
56418.1
65714.5
58603.8
59832.4
50224
57978.8
71017.8
59268.3
58222.1
73966.2
52649
55790.9
46472.8
54373.1
68519.1
50103.5
61419.5
60895.4
57929.5
54128.4
47798.1
51774.4
46158.8
51316.7
69878.6
63478.7
60126.4
62134.2
72029.2
49185.3
64355.1
74476
73487.2
55062.7
71593.5
49228.3
46677
67463.4
59889.6
62978.6
46292.9
72763.9
55121.1
63765.7
68628.5
45476.1
54490.5
66750.3
48521.8
69495
71768.1
59563.6
68479.9
71327.5
65870.5
55718.5
61818.1
73130.1
60820.1
60606.4
63605.7
70976.8
56620.7
61592.9
45648.2
64108
70215.4
54746.2
50606.7
51662.8
55835
55286
61403.9
51687.3
52556.9
48138.8
70932.8
50263.9
57796.6
50713.8
59875.6
63408.3
51029.1
53257.6
51959.8
43655.4
71022.6
68848.7
63370.5
44411.6
46620.5
74544.4
49597.5
61032.5
73454.5
71859.3
47893.5
57150.2
46708
42495.2
61901.4
49007.4
45143.8
49443.8
61443
57330.7
58997.4
49947.7
65746.3
57606
71765.6
61455.3
51764.8
40552.5
60686.4
50197.3
45266.9
40805.2
49343.2
51811.2
57498.3
61003.5
49435.9
62595.1
41641.1
47580.2
51351
55280.4
50017.4
43098.5
55271.6
51570.8
51259.2
58671.7
58561.4
60526.3
56329.5
63678.6
46689.5
57163.2
54729.7
68840.3
54969.8
74914.1
61569.5
66597.7
48202.3
47349.1
49296.8
44871.1
58430.6
52503.9
41540.9
43982.8
60130.8
51256.2
52167.8
54869.2
49627.9
58576.5
52248.7
62067.6
36726.7
52407.8
59104.7
53674.4
42715.4
71015.3
54583.1
54112
46736.4
41515.2
57330.1
61001.9
48401.1
70499.3
41568.2
53190.8
61644.9
53109.5
53562.8
43929.1
54941.4
70088.5
69703.6
60124.7
45065
54800.6
57717.5
68909.2
54326.1
45183.2
56281.5
57643
60484
54415.8
48941.9
49132.4
56021.5
55643.3
54687.3
54070
57834.4
54465.9
62632.2
65546.6
55715.5
53784.2
60686.6
55825.4
64022.9
44716.6
57916.2
48382.8
69364.2
61221.9
60713.7
56621
50212.6
48434.1
49871.3
55889.8
72028.8
59958
48704.9
48800.1
44710.9
54947.1
39515
55765.6
45010.3
47752.8
45503.1
44803.5
59505.3
56985.1
40958.4
51480
52435.4
37740.9
39320.1
41268.6
58666.5
54556.3
59057.5
41314.1
65270.1
43446.5
46596.7
73167.1
72885.5
60156
49553.4
42445.9
71173.8
72196.2
64519.3
63206.2
56443.5
48631.5
57168.7
61509.7
58929
45242
47368.8
54661.7
50014.3
65850
49742.4
64061.5
57458.5
49310.7
58404.2
49136
57074.7
47258.5
45534.6
52215.5
58028.5
45209.4
57062.6
47489.8
71453.9
50062.8
67699.2
68993.7
47881.1
69398.4
43371.8
44260.6
44599.6
43547.5
72307.2
53553.1
50873.6
67277.3
74774.8
51455.7
57544.4
71299.7
71072.5
70735.1
52279.3
44342
50657
43235.1
54099.8
60663.8
54053.1
67049.7
46076.5
56377.8
63123
72855.4
57475.4
58467.5
62207.5
74222.6
63699.6
60204.7
69082.2
50720.6
58062.8
68366.5
63033.1
58218.9
48764.9
69422.6
47589.6
60088.8
63923.9
42014.2
42063.8
58041
58710.7
67944.2
41835.8
43469.1
45760.8
55276.6
49730
58544.3
55554.6
51584.5
71863.3
72579.5
65266.7
64015.3
51444
62666.2
72588.6
55050.1
61631.3
60709
73533.9
54488.5
48925.5
64476.3
62310.4
49217.5
46587.5
51122.8
66832.5
61265.5
50244.7
54476.4
61963.8
45697.6
73075.9
48294.8
54049.3
38109.9
61166.8
53408.2
58393.4
44650.6
41385.6
48010.1
52439.4
63221.8
47617.3
71941.9
63773.8
63315.6
64161.4
69549.5
68040.7
67610.4
70385.6
60138.2
58185
64227.4
54989
44962.6
61572.4
52006.9
72205.3
64852
63263.8
43027.1
74814
60282.2
72839.7
54101.1
46761.4
64827.2
59526
60998.1
51093.7
60382.9
69270.7
51752.3
61020.6
71396.1
72726.9
56294
58987.8
30157.9
57706.3
67387.3
48446
58350.4
74614
52486.6
55278.5
63646.9
53044.7
74720.5
65668.4
67619.5
54848.5
63843.6
60212.6
64155.3
67429.5
51086.8
46696.7
68657.5
57783
59865.7
54242
58026.2
66141.3
43713.8
58615.7
71152.9
57437.1
63323
42323.7
63592.3
48904.3
59674.9
66611.3
53925.8
46883.6
47074.5
69535.7
56514.7
69114.1
50343.4
57657.7
55471.1
44555.9
63441.8
55570
42203.7
48837
62286.3
65975.5
68777.8
49336
74528.5
68718.9
61070.3
49417.1
45119.5
52172.2
47748.2
59159.8
74337.4
56847.7
50852.9
72890.1
53089.2
48764.8
47798.3
46066.5
60775.2
61564.2
58134.2
49356.4
68109.3
59195.5
71883.9
57694
54840.8
67143.4
53752.2
65890.2
58102.9
61826.7
55604.6
47207.3
53470.9
61419.7
72228.4
70902.5
62455.8
48914.6
44180.3
44189.2
61541.4
42905.3
66484.4
54872
57143.6
55224.8
60487.2
60839.3
55711.2
54097.1
54183.9
67771.7
59904.7
43616.1
45477.9
49266.6
45248.7
60008.4
48715.1
57374.8
48576.6
60211.7
60780.8
48437.8
54322.7
55856.3
69001.1
51521
67993.3
38935.3
66473.8
47770.6
47448.3
48084.2
52008.4
61630.6
56386
63307.3
53652.5
63444.4
45690.9
54412.8
56905.1
49450.9
61454.4
57447.6
75091.7
64483.5
55092.2
63628.5
68301.1
43488.4
67197.8
61698.5
53081.6
58331.7
51192.4
65519.8
56765.1
64048.2
52411.1
55042.8
52762.6
48743.7
56383.4
61274.6
49984.5
54637.7
70806.3
51646.1
55015.3
54042.9
51604.7
69048.1
53165.9
60497.4
46608.4
53594.8
60691.7
59191.2
54676.5
68614.1
55315.8
61603.3
49637.8
64704.5
57743.9
65794.3
53111.5
46660
54073.2
68762.6
64293
56427.2
56957
60885.1
62184.7
38848.1
73699.2
51081.6
47008.1
50282.2
70216.5
51583
61892.7
42866
62173.7
60940.7
52965.1
53256.3
53718.2
68560
45265.4
65770.5
48103.3
58731.5
53212.7
41441.4
57373.9
46814.1
59850.5
52815.6
61549.8
49823.1
55536.9
52594
46449.6
61640.6
46707.4
58271.3
65314.5
48062
51260
59450.6
44822.6
55464.2
70089.2
65870.5
55274.1
46542
28805.5
62875.5
53365.4
39366.1
55280.7
49275.9
65121.7
57607
53647.1
48342.1
60211.8
43947.3
49302.6
65263.5
55833.4
52718.9
59519.9
43060.3
43122.2
60669.5
67707.7
62254
55361.5
58633.7
66041.4
54150
55994.2
47969.5
64180.3
47755.7
50284.6
60398.8
62572
50520
58484.7
49273.3
56765.9
61743.5
51696.4
48485.5
70331.4
48984.9
64182.8
73339.1
50902
52896.7
48926.2
56537.8
45408.5
48309.5
51817.8
69019.7
53045.2
68497
53814.6
72769.6
70509.5
47637.3
64371.3
62023.9
63733.1
44711.8
55076.1
50165.3
61530.3
56850.5
57863.5
65177.3
55351.8
50261
53424.5
52023.3
54837.9
66749.8
58850.4
69853.7
61959.6
59006.3
47025.7
45431.6
57950.2
49610.6
53213.9
52028.8
57890.9
38542.3
70247.3
49812.1
56145
73913.3
62073.7
60096
52284.1
47417.2
68988.5
63693.9
62574.4
59821.7
41459.8
48948.3
67549.2
60578.8
52455.8
56784.3
44076.2
65569.6
59062.2
58717.4
56421.7
58290
59635.4
30618.5
53697.6
53670.4
68896.4
45107.6
59868.1
47903.3
52545.5
49525.2
53547.5
66448.3
57455.7
50027.3
55470.8
52701.9
64488.2
55952.9
54132.8
48049.4
60065.8
65484.7
59880
42564.6
32506.2
57911.6
55305.1
57796.2
50542.1
60562.6
48170.7
50849.3
42965.8
54655.6
49053
59542
53224.4
55986.9
54453.9
54014.3
38366.5
55570.8
49041.3
65000.3
54555.8
51181.6
71770.5
43358.6
64829.9
57922
52260.1
49483.8
54804.9
49330.9
59032.4
57022.3
46504
48672.2
62224.3
53421.5
55364.7
57233.2
64724.8
54769.1
56858
56397.5
52682.4
40223
48564
45056.3
61617
57674
61721.8
56383.7
41605.3
67028.2
67742.3
55632.6
49851.9
49862.4
71241.4
45531.6
51623.7
47115.8
55869.5
49286.4
69084.5
55187.9
66949.8
65826.9
58081.8
53185.4
55207.9
61713
66413.6
51394.6
74289.7
65091.7
54722.4
42132.8
50297.5
47051.9
57339.1
51469.1
54571.8
65610.8
49422.3
49316.3
41017.1
68818.6
58015
55011.5
69418.1
46814.5
34858
50369.5
38375.7
67912.6
68246.1
61667.2
57131
51937
54398.4
70375.3
57284.1
54347.9
54034.8
54022.7
47728.8
58004.6
52003.9
53235.8
58473.4
52807
48179.2
46059.7
73890.9
56470.1
59654.3
60204.7
45107.7
54473.2
55833.2
45908.5
51825.5
58067.6
49278
43245.1
62886.9
44581
54518.8
48088.3
53266
54221.6
58460.3
58937.3
58404.2
54247.6
38247
45974.7
68730.7
41253.6
47121.3
70042.1
60025.1
43978.7
60232.6
68148
48636.5
51809.6
53773.8
46670.2
51860.3
60168.5
72409.5
55102.3
46823.9
52690.3
66807.5
51815.7
51198.8
56667.2
57247.3
50298.6
52059.1
54756.4
47508.8
49134.2
52910.8
68750.3
60923.4
58065.3
53216
48545
61110.7
57769.5
63176.1
64580.8
62483.6
52989.4
50265.4
51465.1
68605.3
51039.2
63698.8
54507.9
61484.8
44616.8
58086.7
72045.2
52771.3
50497.6
57244
49630.8
53844.4
52360.1
49183.5
61672.8
56805.1
57079.6
64232.3
57971.8
50423.1
47455.7
62821
46629.3
52092.4
64851.6
53403.4
45165.9
57370.1
71984.7
59962.7
72528.5
72720.4
46745.4
53338.9
60678.4
59856.2
64521.3
68625.8
56404.7
66343.9
69789.3
56756
48188.2
50419.1
60692.4
59245.1
54118.3
58142.6
60649.1
70428.2
39302.2
54292.2
48599.5
70120.8
53958.5
72708.4
58872.5
46917
65423.4
70020.8
49740.8
47208.8
52653.2
46985.3
70838.8
73176.7
44816.2
44747.2
51961.3
63482.5
52603.5
69078.9
40368
69755.9
58019.6
55472.6
54026.2
46605.3
48340.8
42701.8
69656.9
50293.5
51767.1
53679.9
67649.2
74675.2
65903.5
55159.9
70271
56010.3
56247.3
67882.3
72150
70482.5
68136.8
62694.4
44466.6
48918.3
53985.8
70709.9
38296.2
37396.6
48619.2
65134.6
53142.5
44706.7
49857.7
40397.7
32554.1
44601.9
53803.7
59012.8
56081.6
50556.7
58271.3
70264.4
44281.9
45367.7
55731.4
58364.3
59278.1
53155.3
62315.5
70915.6
56756.4
48758.4
53252.6
59222.5
67102.1
49928
43409.6
57418.8
45812.6
65518.7
58650.1
48222.5
55762.1
66511.4
50102.6
64876.7
49090.1
67285.5
67869.1
51399.2
64900.5
63189.2
63314.6
65667.3
55910
69334.2
54962.4
52922.4
66641.8
60560.6
68523.6
55834.3
72176.2
68701.7
53491.5
38989.3
53375
51569.2
49678
57665
67569
64578.4
69437.5
69468.6
74611.9
58623.8
46962.2
47135.3
54896.9
49562.9
40911.6
53711.8
63016
45126.4
50344.7
52391
48197.5
64130.6
65355.6
54206.2
64363.9
69999.5
46478.3
62532.5
74272.9
71074.9
64977.6
74708.2
64950.6
51798.6
41068.1
65683.7
69150.7
42858.3
68621.2
53360.1
64124.3
53681.1
60520.2
59452.7
49294.4
65407.3
67166
67093
48933.3
56399.1
47706.7
52509.8
63778.2
65169.6
63125.9
65600.3
70972.8
49609
69787
53678.9
58939.6
61729.9
73630.9
64767
58428.1
44456.5
58741.5
66610.4
53392.5
59203.5
58418.3
72437.8
56142.9
52218.1
46080
59713.1
51328.2
57064.8
67723.1
52282.8
63203.9
60846.9
50825.4
63277.3
50196.2
55916.4
57397.3
46570.6
60534.2
68728.9
51668.4
49111.9
59718
49014.2
65851.9
56868.4
58391
48172.7
61864.1
57318.5
71546.8
53601.3
48453.2
51847.7
59615.7
60959.8
61446.2
60302.9
49960.4
60419.6
48860.2
74961.1
57782.6
53476.1
42746.2
57581.8
51824.9
64321.3
56921.4
38138.5
60000.5
73497.9
50671.8
65610.5
51458.9
39770.3
50641
66749.2
72515.5
58188.7
64038.1
50248.2
50321.9
55929.4
67755.5
72383.6
47833.3
56201.1
68115.8
66399.4
49754.5
66624.6
57413.4
63479.8
65880.8
63012.1
44550.2
43761.9
45494.4
41249.2
38315.6
57872.6
40211
53086.5
63575
60112.8
61857.4
54911.5
63227
56646.6
59229.1
66253.5
42170
71381
53641.3
40627.2
56434
63361.4
51952.2
74765.2
43637.4
47642.1
66023.1
46326.3
52743.9
67816.8
71435.3
54102.1
52455
52123.2
56504.3
49630.7
51526.5
51886.5
40218
67081.8
52487.2
73728.8
63894.4
42991
62201.9
49926.7
47473.3
39188.2
62156.6
58153.6
47630.1
48840.7
39307.3
66704.8
64412.4
45920.3
44418.1
61779
49864
64086.4
40329.3
74667.7
59300.5
53605.9
47404.1
60800.2
47262.2
55643.6
42287.1
43527.7
49590.6
53523.6
64288.4
51346.4
48293
68283.5
51846.4
56000.7
48674.8
55420.6
50643.6
51065.6
53675.9
50738.8
62739.9
66571.8
52342.1
57947.3
61644.8
56681.7
48621.2
57769.8
53561.7
66198.3
56812.1
51377.6
68826.1
50329.9
49596.3
73505.3
57893.4
68500.2
63245
49325.1
48291.9
72243.8
49750.5
59235.1
59004.3
40709
53752.3
58161.9
56461.1
57150.7
49809.7
42980.4
67326.4
54361.2
50476.7
51788.5
57331.7
66123.3
57618.6
56475
51498.3
53726.7
57127.2
48306.1
53561.1
53727.4
