58515.6
58713.2
55423.5
53798.7
46012.3
58361.1
57474.8
65845.3
56740.5
40978.3
53546
58485.7
66129.5
73791.1
47863.7
56430.2
52129.9
62763.7
72983.4
54960.3
49455.4
57135.3
38936.9
44063.6
48749.9
54783.2
74741.7
54789.6
52324.3
37793.3
67779.2
68861.8
58226.9
72746.4
68736.6
62114.4
61485.1
70520.4
52320.1
74428.7
50364.2
53900.7
72523.1
62916.2
71824
58947.3
31709.9
42896.7
60272.7
56531.2
52935.9
46186.8
71768.3
63226.5
59821.9
59165.4
69795.2
40707.4
61371.1
70586.2
56118.5
71365.3
58480.2
60102.7
43612
64280.4
50428.9
36078.2
57861.5
54648.1
67080.9
52534.4
48784.1
49626.6
49632.2
56855.3
57139.6
51661.1
37541.6
54699
39889.4
50326.3
53257.4
36929.4
69343.8
70737.1
59641.5
47147.7
42554.9
49533.3
71039.5
56617.1
62440.2
46399.7
46936.6
54686.4
45264.8
57005.9
58363.9
53050.9
55429.1
61483.3
49248.2
44932.8
53077.3
52757.6
39784.1
51201.7
68971.5
54497.1
68768
49381.3
57278.3
63465.8
47210.7
63500.7
48874.1
43005.2
45301
47961
47149.5
60693.1
59059.9
60600.7
61231.5
67560.2
37634.3
42581
55034.3
47380.8
65994.6
48617
52012.9
64812.2
46141.3
45147
59816.3
55038.6
59451
65445.4
58102.3
64204
57671.6
51064.4
70776.3
51477.8
40782.5
72712.6
67922.5
66849.3
67298
57852.6
51183.7
67649.1
49920.9
65076.5
58163.2
54884.5
71442.7
69311
44816.6
47732.7
47310.3
47557.6
57622.1
49228.4
62699.1
50397
60153.3
45927
50510.8
73267.4
48213.5
49555.3
62755.3
47895.3
36188.6
49600.3
45494.4
45670.8
57870.3
55576.5
56638.8
56539.8
56849
55212.3
49641.4
52236.1
58590.3
70779.1
60482.5
54828
45082.3
66222.6
57959.6
61363.3
49461.9
61065.6
50908
57308.4
58016.9
47729.7
72952.5
71003.6
47646
68909.4
58277
38160.4
64294.2
56605.8
57028.9
43514.5
52640.9
60415.3
47883.4
59383.9
44913
43217.1
73896
43908.7
51001
53992.2
59574.3
64159.4
43734.6
37992.6
47279.3
39651.9
32190.5
55772.5
41484.5
47836.8
48167.6
50245.6
73574.6
69991
61831.6
57448.4
74351.7
51349
54644.5
59610.5
42108.9
53651.8
48212.6
46140.4
57842.3
50244.9
57895.1
60641.5
72671.9
64556.1
67400.2
57278.3
57283.7
68306.1
60544.5
51365.1
45424.9
74046.9
49247.3
50059.1
51614.4
43870.8
61505.5
50285.3
47246.8
49122.4
51448.3
75048.9
49056.2
65623.7
50677.1
70614
43942.8
50057.9
52240.7
57295.1
50879.8
67447.8
50533.1
67339.3
52276.5
51040.3
53710.3
55063.7
55281.6
50590.1
71610.1
46241
50988
40614.4
60767.9
64118.8
49798.8
58822.6
41024.3
46136.8
51183.6
64311.4
44502.2
45271.2
43511.8
55641.1
45108.8
55429.5
53768.9
57030
42883.8
67061.5
59271
56997.9
51789.2
47132.8
58167.6
66899.4
65121.2
59817.5
52610.1
61279.9
44936.3
62407.6
60184.3
41079
48872.4
70155.7
55978
70480.9
49435.9
60862
53740.2
71020.5
68322.3
67959.7
65513.1
68374.4
52091.7
56236.9
74462.8
52289.9
46831.6
66996.4
47547.3
72305
50008.1
63201.5
64663.7
57608.4
49036.5
48173.5
43450.3
63901
59685.2
56984.7
50777.1
53078.7
55557.6
51558.6
58390.7
55616.8
53550.8
46170.4
32311.9
56273.7
50032.3
72701.3
53022.4
63573.5
50957
43971.8
57549.8
55142.4
54800.4
67654.4
49660.8
68137.9
63646.2
48058.2
72244.3
70676.4
64563.4
53732.1
71009.1
50628.2
50153.4
48999.2
73521.5
70458.3
66659.1
47153.6
69538.4
49666.4
56415.5
54441.6
67460.2
55567.7
56178.4
68039.6
53447.5
53416.1
60545.3
66406.5
52184.3
48815.3
66238.8
49517.9
65895.5
66536.8
68474.3
73537
51180.6
74289.4
55112.1
62520.1
39671.3
74062.2
67671.3
50899.5
46662.6
66982.6
62108.7
53042.1
68714.2
66177.6
61940.7
59752.9
73091.3
53941.1
53866.1
55288
54115.4
52530.2
54046.3
69086.8
54669.1
56734
39045.5
71705
54350.4
61800.6
51470.8
61391.6
67583
65377.6
66031.4
46199
53860.9
47849.4
60714.7
61776.3
51128.5
43884.8
53692.1
56169.2
50610
43557.3
60752.6
70555.4
65393.2
46862.6
70456.8
64218.9
61592.2
47996.2
69937.5
73222.3
73126.1
52321.4
37591
65028.8
61882.3
53619.6
54438.9
64522.3
55484.9
73156.1
63341.6
60564.5
59593.6
65673.4
59844.6
49906.6
75007.8
69129.6
49788.8
74104.1
66040.9
55896.5
61075.3
63469.6
65009.1
48098.1
65391.6
54872.5
53169.8
55734
62114.2
44774.4
53669.1
58127
58999.3
61586.9
61689.8
52540.5
52070.6
71437.6
57077.6
57429.8
37355.2
38701.6
74433.8
71507.3
74474.3
66417.2
74168
58794.9
50749.4
46068.3
56939.9
69894.6
53354.1
54573
64523.1
51738.7
41260.4
48636.8
65788.3
53102.7
57971.4
63594.7
47068.2
62277.7
54663.9
54999.9
49593.6
51917.9
45613.2
63631.5
69138.2
55423.4
51150.3
64170.1
61772.6
63951.5
70467.3
46172.3
57372.6
52022.8
51330.5
47701.2
65176
62276.8
66197.7
44602.1
58802.3
62936.1
51135.3
58199
44686.3
73236.2
45968.8
56679.8
42923.1
70202.9
56363.5
59095.5
37950.5
49133.5
55449.1
50977.8
54073.7
68731
59131.3
58653.2
55368.5
59205.8
73755.3
48243.1
46188.8
52866.4
68223.5
59638.3
55732.4
44351.6
52049.8
74489.2
74463.2
57897.7
45695.9
74398.5
61265
59096.5
56631.9
71921.6
62516.5
70897.8
62848.8
46350.6
58655.5
53786.8
48153.2
42696.1
57589.7
49642.3
51837.9
47918.6
74778.6
39925.4
44178.5
45444.8
67361.4
49214.5
52802.9
51911.2
51487.8
71678.7
36888.8
63095.4
52634.5
53215.1
73668.6
64512
52222.7
66396.1
59685.1
56331.2
64469.3
73880.1
57381.1
55198.3
55779.3
67529
70685.8
65177.8
49754.1
58166.1
68980.5
48928.5
41890
66310.9
59043.4
71995.9
49577.2
62675.4
46691.1
60876.6
45992.5
46356.9
59490.5
59170.6
67853.7
63465.9
68742
69222.2
61264.5
74219.5
69724.3
37765.5
64250.8
47740
45869.8
52018.3
55958.5
60397.4
62736.7
56250.2
56638.5
65918.4
58682.2
60021.5
50279.5
58107.5
71286.4
59818
58392.6
74106.4
52617.6
56182.2
46537.2
54387.3
68670.8
50323.1
61436.2
61022.5
58030.9
54156.1
47931.7
51754
46294.1
51433.8
70161.5
64016.3
60433.2
62392.3
72076.7
49273
64516.7
74691.7
73655.9
55250.6
71848.6
49275.4
46657.1
67715
60171.5
63178.1
46527.6
73036.6
55269.3
64132.1
68794.8
45702
54912.7
66904
48496
69631.7
71937.8
59631.8
68671.3
71514.4
66244.7
55870.8
61941.4
73317.6
60889.3
60883.3
63597.9
71426.9
56922.6
61735.3
45659.6
64215.3
70881.1
54917.6
50765.4
51746.6
55937.9
55302.2
61566.2
51771
52717.2
48400.7
71097.4
50285.9
58011.1
50774.1
59947.3
63474
51008.4
53360.3
52025.3
43644.5
71177.8
69156.2
63507.7
44416.6
46638.7
74757.3
49684.8
61182.1
73595.8
72097.3
47893.3
57162.8
46806.2
42507.5
62275.8
49365.3
45331.4
49449.6
61554.8
57550.3
59092.1
49954.8
65740.7
57831
71985.3
61486.6
52066.4
40661.2
60830.4
50323.2
45357.5
40858.7
49334.2
51824.3
57619.1
61028.6
49682
62783
41684.4
47773.5
51489
55279.8
50059.6
43260.9
55593.4
51558.5
51757.2
59090.1
58692.4
61096.1
56826.4
64042.9
46699.3
57206.3
54747.7
69031.2
55046.8
75095.6
61642.8
66785.9
48211.4
47360.2
49312.2
44884.5
58603.4
52501.3
41578.5
44054.4
60203
51253.8
52241.5
54896.7
49661.4
58596.2
52251.3
62706.8
36738.4
52420.9
59126.3
53688.4
42713.5
71208.7
54797.9
54114.5
46748.5
41524.6
58269.6
61146
48412.1
70642
41565.9
53208.3
61664.1
53220.1
54287.1
44302.8
55073.4
70283
69844.2
60152.3
48777.2
54785.8
58283.9
68918.3
54493.6
45254.7
56409.9
57942.7
60571
54513.9
49017.3
49246.3
56165.3
55939
54677
54140.6
58199.2
54746.7
63052.6
65942
56110.7
54052.9
60876.5
56077
64252
44786.2
58747.4
48530.1
69568.4
61321.2
60867.4
56837.1
50332
48796.1
49872.9
55886.3
72186.9
60066.1
48735.4
48831.6
44722.3
55106.2
39523.4
55890.8
45021.3
47977.9
45517.1
44816
59524.2
56997.3
41223.9
56461.5
55629.7
37879.3
47240.2
41435.1
58825.2
54583
66520.5
47152.5
65408.1
43609.1
46619.8
73312.3
73094.8
60317.5
49847.9
42581.4
71392.7
72358.4
64863.4
63401.9
56501
48674.7
57224.8
63537.7
59288.2
45327.2
47421.5
54776.4
50245.7
66048
50195.3
64382.5
57710.6
49535.8
58964.4
49278
57394.6
47404.4
45669.5
52309.6
58159.5
45220
57058.4
47594.2
71836.4
50065.9
67813.6
69136.2
47885.7
69544.3
47585.5
44349.5
44689.4
43559.4
72467.2
53905.7
51129.5
67438
74946.3
51545
57576
71465.3
71262.1
70904.1
52327.2
44418.3
50693.2
49168.9
54392.5
60728.5
54122.7
67259.1
46087.1
56416.6
63283.5
73156
57607.1
59159.5
62317
74422.2
63814.9
65107.7
69293.9
50749
58109.2
68399.6
63098.4
58281.9
48806.2
69557.1
47578.2
60224.8
64109.3
42037.6
47194.2
58051.2
58808.2
68280.6
41842.6
43481.4
45820.5
55266.6
50529.3
58789.1
55574.7
51612.9
71987.1
72759.1
65516.6
64183.9
51561.9
63791.9
72858.3
55077.5
61963.9
60772.2
73509.2
54812
49193.4
64534.2
62493.6
49302.5
46683.1
51488.9
67039.2
61438.9
50313.9
54613.9
61991.7
46111.4
73165.5
48446.6
54561.6
38277.2
61551.7
53546.6
58438.3
44743.2
41501.5
48121.4
52602.8
63562.4
47734.4
72192.5
63909.2
63407.8
64296
69727.8
68195.3
67615.9
70524.2
60177.4
58968.7
64401.2
55100.9
45024.4
61714.8
52057.4
72343.7
64990.8
63356
43034.7
74975.2
60547
73093.1
54443.5
46806.2
64881.4
59785.1
61209.8
51128.4
60560.2
69816
51883.3
61207.1
71574.1
72968.3
56300.3
59181.3
35493.6
57845.4
67568.2
48482.2
58561
74884
52612.4
55452.4
64022.5
53077.1
74866.5
65813.8
67779.2
55437.3
63987.8
60392.6
64244.9
67566.9
51137.1
46819.3
68987.4
57900.6
59991.6
54295.4
58155.8
66294.9
43984
58720.3
71302.7
57595.1
63467.5
42527
63932.9
49012.9
59695.5
66919
54071.7
46919.5
47539.2
69764.2
56613.3
69956.6
50413.5
57771.8
55603.7
44652.1
63817.8
55596.3
42305.8
48898.1
62403.3
66291.1
68950.5
49599.2
74518.3
68850.8
61277.4
49414.6
45204.5
52706.4
47866.2
59198.2
74904.9
56894.7
51222
73027
53208
48922.9
47861
46143.1
61014.3
61709.6
58285
49500.3
68284.2
59273.5
72271.6
57881.1
54872
67262.5
53869.4
66259.4
58269.3
62109.9
55800.7
47344.6
53764.9
61595.1
72470.6
71053.1
62571.4
49004.2
44222.1
44216.7
61600
43044.5
66537.3
55072.3
57134.7
55327.1
60692.6
61143.3
55708.6
54189
54379
68099.8
60082.2
43823.4
45539.5
49290
45264
60247.6
48787.5
57405.3
48576.4
60216.3
60936.4
48715.4
54296.5
56023.5
69161.3
51748
68118.8
43866
66620.3
48020.9
47435.1
48074.3
52032.1
61923.9
56402.2
64608.2
53857
63573.3
45723.2
54473.5
56899.7
49446.5
61448.5
57440.4
75283.1
64750.5
55237.5
63682.3
68527.9
43576.6
68838.7
62118.4
53264.6
58478.7
51355.2
65758.3
56775.7
64061.6
52422.8
55148.6
52769.3
48765.1
56417.7
61333.3
50093.2
54648
71032.7
56392.4
55118.6
54081.2
51630.5
69223.9
53292.6
60636.9
55000.2
53880.2
60787.9
59308.7
54757.7
68743.8
55414.3
61669.3
49650.6
65295.1
57810.9
65967.6
53123.4
46668.9
54086.3
69016.9
64317.6
56455.5
57338.4
60890.2
62263.3
39109
73944.5
51172.7
47039.6
50457.3
70471.9
51744.2
61967.6
42913.8
62451.5
61024.2
53191.3
53250.3
53860.7
68645.4
45475
65835.7
48127.5
58754.5
53219.8
41486.8
57550.4
46857.3
60019.5
52820.5
61847.7
49921.1
55730.1
52671.4
46509.9
61745.1
46766.2
58299.6
65296.6
48092.4
51259.3
59508.9
44867.5
55447.7
70300.2
65844.9
55271.8
46552.3
28908.6
63174.7
53532.8
39499.4
55422.9
49507.9
65086.1
57595
53854
48361.8
60418.7
43943.7
49381.4
65393.8
55844.5
52811.7
59566.3
43040.5
43133.5
60886.2
68086.7
62453.3
55560.5
59009.3
66264.5
54183.7
56186.3
48066.5
64224.3
47738.1
50260.7
60506.5
62689.5
50539
58461.3
49324.4
56803.9
61731.2
51674.8
48454.3
70559.9
49126.3
64879.7
73568.4
50944.8
52961.6
49094.3
56650.3
45425.3
48348.3
51834.4
69214.3
53132.4
68911.2
53835.7
72905.2
70728.6
47647.2
64420.8
62085.3
63954.4
44812.6
55048.9
50172.7
61773.6
56926.1
57846.8
65470.6
55338.4
50293
53486.5
52076.6
54865.5
66892.1
58902.8
70005.2
62018.6
58964.2
47095.1
45608.1
58264.8
49612.2
53198
52142.8
57955.8
38763.8
70361
49834.1
56132
74118.5
62205.1
60163.3
52323.8
47679.5
69617.5
63791.5
62766.3
60031.2
41578.6
49075.4
67744.1
60667.2
52775.6
56913.6
44186.9
65712.7
59269.2
58810
56410.6
58476
59743.8
30709
53671.6
53668
69072.6
45222.7
60048.4
47903.2
52852.3
49591.5
53667.9
66508.7
57597.4
50157.8
55558.7
52811.1
64565.9
55992.6
54168.3
48134.6
60644.3
65668.4
59901.2
42687.7
32528.7
57965.2
55539.1
58350.3
50709.9
60765.8
48183.4
51012.6
43089.8
54650
49098.7
59731
53519.8
55982.9
54578.4
54076.3
38401.2
55643.7
49048.9
65035.7
54680.6
51311
71845.5
43510.7
65054.6
57970.1
52374.5
49520
54977.1
49411
59211.3
57078.8
46512.6
48948.7
62221.1
53460.5
55508
57522.3
64840.5
54836.7
57118.6
56479.5
52800.4
40266.9
48680
45313.5
62139.4
58025.7
61803.3
56422.9
41674.6
67198.4
68180.8
55693.9
49903
50383.1
71396.4
45627.7
51851.6
47211.1
56526.8
49727.3
69325.5
55358.2
66981.4
65878.3
58661.7
53449.1
55385.7
62391.8
66694.5
51572.7
74739.5
65265.2
54818.3
42260
50481.1
47155.5
58124.1
51599.6
54619.5
65740
49534.3
49423.4
41101.1
69107.8
58019.9
55044.1
69718.2
46899.6
34953.7
50478.7
38376.8
67959.9
68367.3
61738.7
57254.1
52030.9
54462.9
70668.5
57383.6
54452.9
54133.3
54197.6
47841.6
58209.1
52018.4
53356.1
58509.9
52976.5
48391.1
46143.6
74118.4
56757.9
59919.4
60235.7
45242.1
54575.7
55919.5
46025.1
51913.3
58605.5
49391.6
43316.9
63423.2
44875.5
54708.5
48321.1
53292.1
54271.5
58624.7
59055.3
59272.6
54281.8
38781.4
45998.6
68860.8
41274.5
47143.4
70199
59981.7
44078.9
60351.3
68366.9
48823
51833.9
53754
47231.2
51910
60189
72992.6
55456.3
47022.7
52794.1
67174.5
52218
51232
56854.4
57944
50477.7
52127.1
54813.1
47517.3
49713.1
52961.2
68874.1
61241.9
58068.3
53208.3
48716.1
62386.3
58036.3
63212.4
64662.5
62654.6
53077.3
50256.6
51516.2
68818.1
51085.9
63960
54578.3
61623.7
44803.7
58132
72179.7
52806.7
50572.3
57333.1
49830.4
53880.4
52596.7
49221.1
61748.9
56874.9
57117.5
64323
58103
50473.8
47587.9
62909.6
46729.4
52160
64906.6
53506.4
45205.4
57540.6
72144.1
59993
72691
72880
46861.5
53421.7
60827.2
60093.5
64700.4
68748.1
56420
66467.1
70000.8
56894.3
48309.9
50403
60909.7
59558.7
54100.8
58378.1
60686.2
70606.5
39627
54399.4
48694.3
70262.3
54084.7
72863.6
58964.8
47042.7
65583
70405.9
49857.1
47331.8
52699.2
47057.9
71048.6
73561.3
44894.4
44864.7
52138.4
63552.6
52691.2
69301
40439
69919.1
58190
55649.5
54192
46712
48494
42784
69843.2
50317
52047.8
53864.4
68413.5
74877.3
66082.3
55263.7
71147.7
56007.3
56263.6
68215.8
72240.6
71245.2
68396.7
63338.6
47851.8
48946.1
54010.3
70864
38389.7
37543.9
53634.7
65273.7
53155.9
44686.9
49886.6
40508.3
32747.4
44640.7
53847.9
59027
56124.5
50664.1
58288.4
70532.4
44348.3
45429
56071.6
58390
59287
53220.5
62389.8
71200
56745.1
48775.8
53459.2
59367.8
67316
50135.7
43497.1
57464.7
45852.1
65657
58763.8
48289.9
55764.8
66592.2
50170.3
65014.9
49125.3
67406.6
68041.1
51448.4
65117.4
63332.7
63477.7
65671.1
55965.1
69766.5
55168.1
53283.8
66766.9
60723.7
68623.1
55868
72310.3
68874.2
53541.1
39260.4
53500.4
51632.6
49863
57838.4
67729.2
64821
69636.4
69606.1
74679.9
58698.8
47113
47297.4
56112.3
49829.7
49920.4
53913.9
63842.2
45236.7
50530.5
52593.2
48208.1
64253.1
65721.9
54448.7
64609.1
70468.2
46822.9
62980.6
74668.9
71225.1
65170.8
74844.5
65368.9
51810.7
41098.8
65900.7
69414
43104.3
68762
53383.5
64194.1
53817.7
60725.8
59605.2
49334.1
65668.2
68195.6
67278.5
49080
56528.1
47803
52575.5
63805.2
65397.1
63306.6
65763.3
71240.6
49766.6
70052.3
53858.1
59123.9
61885
73798.5
64916.6
58600.6
44765.1
59100.9
66778.6
53438.4
59410.3
58662.8
72565.6
56206.4
52266
46164.4
59939.2
51370
57520.9
68074.1
52336
63476.8
61433.5
50916.3
63496.2
50433.8
55998.9
57454.2
46649.2
60623.3
69381.6
51806.7
49190
59790.5
49087.6
65981.9
57140.2
58487.2
48225.1
61910.3
57363.5
71721.5
53644.3
48533.2
52009.6
59761.8
61045.6
61531
60521.6
50475
60457.6
48923
75181.2
57797.2
53531
50320.9
58046.4
52131.3
64448.3
57150.4
38385.4
60113.9
74468.2
50698
65863.3
51502
39792.6
50836.9
67045.6
72688.2
58161.9
64267.3
50254.3
50761.4
56972.6
68395.1
72666.9
47953.8
56349.8
68281.7
66546.5
49754.9
66753.7
57437.6
63583.9
66403
63130.7
44610.7
43854.3
45557
41288.5
38423
58037
40222.3
53231.5
63700.7
60178.5
61882.1
55030.8
63525.8
56671.9
63209.4
66398.9
42314.4
72206.2
53772.3
40651.7
56448.6
63835.9
52140.9
74859.5
44584.4
47657
66120.4
46391.6
53081.5
67973.7
71524.9
54203.7
52601
52131
56508.2
53868.4
51568.6
51986.8
40278.3
67205.3
52499.1
73767.8
64034.8
43092.3
62361.8
49960.8
52063.4
39270.8
62204.3
58327.6
47721.6
48854.8
39338.3
67041.8
64418.5
45921.8
44426.5
61870.4
49865.7
64165.7
40375.4
74823.1
59320.2
53724.1
47431.9
60993.3
47279.7
55740.5
42417.8
43705.6
49610.2
53548
64371.8
51416.3
48320.9
68385.2
52225.3
56094.4
48776.9
55475.4
50747.5
51110.3
53738.7
50792.2
63080.9
66650.6
52410.5
58060.1
61810.3
56760.2
48641.8
57874
53794.8
66409.4
56871.7
51417.4
69117
50306.6
49784.3
73655
58189.4
68642.5
63385.1
49489.4
48262.4
72255
49829.3
59295.6
59023.1
40729
53831.5
58199.3
56694.6
57341.1
49894.1
43020
67837.6
54455.6
50467.9
51836.9
57373
66592.4
57743.2
56440.4
51734
53735.3
57156.5
48389.1
53575.7
54293.4
