58518.3
58715.2
55425.3
53800.9
46015.3
58365.7
57476.3
65849.7
56744.6
40981.2
53547.8
58487
66132.4
73794.4
47865.2
56433.8
52132.5
62767.7
72987.3
54961.2
49459.1
57138.4
38939.3
44065.1
48752.1
54783.8
74744.5
54791.4
52326.1
37795.3
67781.9
68864.8
58260.2
72749.5
68739.4
62116.6
61486.1
70523.2
52322
74431.2
50366.4
53903.2
72525.7
62920.1
71826.8
58948.5
31711.9
42898.4
60274.7
56533.6
52937.8
46189.4
71771.3
63229.9
59824.1
59168
69797.9
40709.2
61372.9
70587.6
56120.4
71370.9
58482.3
60106.1
43613.5
64284.5
50429.8
36080.1
57864.1
54650.6
67083.1
52536
48786.9
49628.2
49633.9
56858.5
57141.3
51661.8
37543.2
54700.4
39891.3
50329.6
53258.8
36931.7
69345.8
70738.6
59643.1
47148.9
42556.7
49535
71040.7
56618.7
62441.9
46401
46938.2
54688.1
45266.4
57008.1
58367.1
53051.8
55432.1
61485.6
49251.3
44934.2
53080.7
52760
39785.5
51203.3
68974.3
54499.2
68770.9
49383.4
57279.7
63467.5
47214.6
63503.1
48876.1
43006.2
45302.4
47963.8
47151.1
60696.3
59063.3
60602.7
61233.6
67563.4
37636.4
42582.6
55035.9
47382.8
65998.3
48618.2
52015.8
64837.2
46145.4
45149.1
59819.8
55041
59454.6
65448.8
58103.9
64205.6
57674
51066.3
70780.8
51479
40784.5
72715.2
67925.1
66852.8
67302.6
57854.2
51186.3
67651.2
49922.2
65082.1
58166.6
54886.2
71445.4
69313.9
44818
47734.4
47312.6
47559.2
57628.9
49229.6
62701.3
50398.8
60154.9
45928.5
50512.8
73270.6
48214.6
49556.9
62757.4
47896.2
36190.1
49602
45496
45672.4
57871.8
55578.4
56640.2
56541.4
56851.3
55213.7
49643.1
52238.4
58591.4
70781.3
60485.3
54829.7
45084.2
66225.1
57963.4
61367
49464.1
61068.1
50909.4
57311.8
58018.7
47730.3
72954.4
71006.2
47647.3
68911.9
58278.5
38161.6
64298.2
56613.4
57030.5
43516.3
52642
60417.2
48025.6
59389.2
44916
43220.1
73899.5
43910.6
51003
53994.5
59576.1
64162
43736.4
37995.2
47280.7
39653.8
32192.4
55774.4
41486.7
47942
48168.7
50248
73576.7
69992.7
61838.7
57450.1
74353.9
51349.9
54646.1
59612.1
42110.9
53653.4
48214.5
46141.9
57843.8
50246.5
57897.3
60642.9
72676.4
64559.5
67401.5
57279.7
57285.4
68309.5
60545.4
51366.8
45427.1
74050.1
49248
50060.6
51615.7
43874.3
61507.2
50287.7
47249.6
49124.8
51450
75051.2
49058.5
65624.9
50678.9
70616.9
43944
50064.1
52242.1
57299.1
50881.7
67451
50535
67341.3
52278
51041.7
53711.8
55065.3
55284.6
50591.3
71612.4
46242.6
50990.6
40616.4
60770
64121.1
49800.5
58825.3
41025.6
46138.7
51188.6
64314.8
44503.6
45273.4
43513.5
55645.7
45111.3
55431.1
53770.2
57031.7
42886.7
67063.5
59272.9
56999.9
51790.3
47134.1
58169.3
66900.4
65123.2
59818.9
52611.5
61283
44938.2
62409.3
60185.9
41080.4
48873.9
70157.9
55979.7
70483.8
49437.8
60863.9
53742.4
71024.6
68325.7
67961.4
65515.6
68377
52094.1
56238.1
74465.3
52292.2
46833.1
66999
47549.7
72307.5
50010.4
63204.9
64666
57610.9
49038
48175.2
43452.1
63917.2
59686.9
56986.4
50778.5
53079.6
55559
51559.5
58392.3
55618.5
53552.4
46171.5
32313.2
56276.3
50034.8
72704.8
53023.7
63575
50958.2
43973.4
57551.4
55145.5
54804.2
67657.3
49662.3
68143.8
63647.5
48060.8
72246.3
70679.3
64566.8
53735.4
71013.9
50630.2
50161.3
49001.3
73524.2
70460.8
66661.4
47156.4
69541.1
49668.3
56417.4
54443.9
67462.3
55569.8
56180.4
68042.2
53448.9
53416.9
60546.9
66409.5
52186.5
48816.7
66241.5
49519.2
65898.2
66539.1
68476.4
73539.3
51182.7
74292.4
55114
62523.9
39674.8
74064.7
67673.8
50901
46663.6
66985.6
62109.7
53043.8
68716.8
66179.9
61945
59756.2
73093.8
53942.5
53867.6
55290.5
54117.1
52532.1
54049.2
69088.6
54670.6
56737.2
39047.1
71706.8
54352.1
61803.1
51473.4
61393.3
67584.8
65378.8
66034.1
46200.1
53862.8
47851.5
60716.4
61778.4
51130
43886.2
53693.8
56172.8
50610.9
43558.7
60754.4
70557.2
65398.6
46865.8
70459.7
64222
61594
48000.7
69940.3
73224.7
73128.8
52322.8
37593
65033.3
61883.7
53621.3
54440.6
64524.8
55486.8
73159.9
63346.6
60566.1
59595.2
65675.5
59850
49908.2
75012.1
69134.1
49791.6
74107.4
66043.5
55897.3
61076.8
63472.4
65011.8
48099.7
65392.7
54874.2
53173.7
55735.6
62115.7
44776.9
53671.2
58131.9
59000.8
61592.7
61691.9
52542.3
52072.2
71440.5
57079.2
57431.8
37356.8
38703.4
74437.8
71509.7
74483.7
66454.9
74173.2
58796.5
50752
46071.9
56947.9
69900.7
53356
54574.4
64524.9
51740.8
41262.6
48637.9
65790.7
53104.2
57972.7
63596.9
47070
62279
54666.4
55001.7
49595.7
51919.4
45614.8
63633.6
69141.2
55424.8
51155.5
64173.8
61778
63955.2
70469.3
46177.7
57374.2
52025
51333.4
47702.7
65177.7
62279.9
66200.9
44603.1
58803.9
62939.3
51136.8
58200.6
44688.3
73239.6
45974
56681.7
42926
70204.8
56365.1
59097.2
37952.9
49134.9
55451.1
50979.9
54075.6
68732.9
59134.8
58655.2
55369.6
59208.5
73757.5
48244.7
46190.4
52869.7
68227.8
59639.6
55735.2
44353
52051.2
74500.8
74465.2
57899.6
45697.3
74401.5
61267.4
59098.3
56633.3
71923.6
62520.2
70901.4
62850.7
46351.5
58657.2
53789.4
48154.3
42697.4
57591.1
49644
51839.3
47920.4
74783.6
39927.1
44180.3
45446.6
67363.5
49215.6
52806
51912.3
51490.2
71681.7
36890.9
63098.6
52637.1
53216.6
73672.4
64512.8
52226.5
66398.1
59685.7
56332.8
64471.3
73883
57386.1
55201.3
55780.5
67532.5
70688
65180.9
49756.1
58168
68983.2
48930.9
41892.2
66313.5
59057.8
71998.7
49579.2
62678.6
46692.1
60879
45994.1
46359
59493.7
59172.6
67856.5
63471.5
68744.9
69223.7
61266.3
74221.7
69726.8
37767.6
64253.1
47742.6
45872.5
52020.1
55959.9
60399.8
62740.8
56251.3
56641.5
65919.7
58684
60025.3
50282.2
58109
71289.1
59821.8
58394.2
74109.1
52618.8
56184.1
46539.1
54388.7
68674.2
50324.4
61438
61025.5
58033.6
54157.9
47933
51755.6
46296.9
51435.6
70164.2
64018.5
60435.5
62395.3
72079.5
49274.3
64519.9
74694.4
73676.2
55253
71851.9
49278.8
46657.6
67718.8
60173.2
63180.7
46529.4
73047.2
55271
64134.5
68797.5
45703.7
54913.8
66906.7
48496.4
69634.6
71939.8
59634.4
68673.7
71516.6
66247.2
55873.8
61944.9
73319.6
60893.5
60884.9
63599.3
71430.8
56926.5
61741.5
45661.1
64217.2
70887.6
54919.1
50766.4
51748
55940.7
55303.6
61571
51772.4
52718.2
48401.9
71099.7
50287.5
58014.2
50776.1
59949
63475.4
51009.5
53361.9
52027.1
43646.9
71180.6
69163.6
63511.3
44418.1
46640.2
74759.6
49686.6
61184.3
73598.4
72102.5
47895
57164.4
46808.5
42509.1
62277.4
49367.2
45334.2
49451.2
61557.2
57552.7
59093.3
49961.5
65743.2
57834.4
71988
61488.6
52067.6
40662.8
60833.3
50324.4
45359.1
40860.4
49335.4
51825.9
57623.2
61030.1
49683.9
62783.9
41685.9
47775.8
51490.6
55282.8
50061.9
43262.1
55597.1
51560.1
51758.8
59092.1
58695.8
61097.5
56829.7
64045.4
46701.3
57208.3
54749.2
69033.6
55048.4
75101.1
61644.5
66788.8
48212.9
47360.9
49314.3
44885.9
58608.5
52502.8
41580.3
44056.5
60204.8
51255.5
52243.2
54898.3
49663
58597.7
52253.2
62708.8
36739.8
52422.7
59127.6
53690
42714.9
71213.5
54800.8
54116.2
46750.4
41526.1
58271.7
61150
48412.9
70644.7
41567.6
53210.1
61665.5
53222.1
54288.4
44305.9
55076.3
70285.8
69846.9
60153.8
48786.2
54787.5
58285.7
68920
54494.9
45257.7
56413.4
57947
60572.3
54515.3
49018.6
49249
56168.1
55942.4
54678.6
54144.6
58201
54749.1
63054.9
65944.8
56113
54054.6
60879.7
56080.7
64254.4
44787.6
58750.1
48533.9
69569.8
61322.9
60870.2
56841.2
50335.1
48797.2
49874.7
55887.9
72190.6
60098.7
48737
48832.9
44724
55108.3
39525
55892.8
45022.9
47981.3
45518.7
44820.3
59525.7
56998.7
41224.8
56480.2
55649.8
37880.6
47252.7
41436.6
58828.7
54584.7
66534.5
47166
65410.6
43610.1
46621.7
73315
73098.3
60320.6
49849.5
42583.3
71395.9
72361.4
64881.2
63404.6
56503.7
48676.3
57226.5
63554.5
59290.1
45329.3
47423.5
54778.1
50246.7
66050
50196.5
64384.3
57712.7
49537.3
58967
49282.5
57396.3
47405.7
45670.9
52313.6
58161.7
45221.4
57060
47598.6
71840.6
50067.2
67817.6
69137.7
47887
69547.3
47604.3
44351
44690.4
43560.6
72469.8
53907.7
51132.9
67440.7
74949
51549.5
57578
71468.5
71264.9
70907.5
52328.8
44423.6
50694.9
49185.7
54399.4
60730.7
54124.6
67279.6
46089
56418.8
63284.9
73159.6
57609.9
59162.7
62320.2
74426.2
63817.4
65126.1
69297.7
50751.2
58110.9
68401.2
63099.9
58283.4
48807.8
69559.4
47579.3
60227.8
64124.6
42039
47207.4
58052.5
58810.1
68307.5
41845.3
43481.9
45822.4
55267.5
50535.2
58793.5
55576.5
51614.7
71989.5
72762.3
65519.1
64187
51563.4
63794.3
72859.7
55081
61966.7
60773.8
73511.5
54814.1
49195.4
64535.9
62497.9
49304.4
46685.1
51490.3
67041.4
61440.4
50315.1
54617.1
61993.5
46115.3
73167.9
48447.9
54563.4
38278.6
61553.2
53547.8
58439.9
44745.2
41503.9
48123.4
52604.1
63565
47735.9
72199.6
63912.8
63409.9
64298.7
69730.3
68197.9
67618.8
70526.9
60179.4
58970.5
64404
55103.8
45026.4
61716.7
52059.3
72346.2
64993.5
63359
43036.3
74978.3
60549.7
73096.2
54446
46807.9
64883.6
59793.6
61211.9
51129.9
60564.1
69821.4
51884.9
61209.3
71579.8
72973.8
56300.9
59184.5
35512.5
57847.5
67570.3
48483.8
58562.7
74888.4
52613.3
55455.4
64026.3
53080.3
74869.2
65816.7
67782.8
55438.9
63990.7
60395.3
64247.1
67569.5
51139
46823.3
68990.8
57901.8
59994.4
54300.1
58159.4
66296.2
43985.6
58722.9
71306.1
57596.8
63471.2
42529.1
63936.2
49014.9
59697.4
66920.8
54073.7
46920.9
47540.4
69765.9
56615
69959.4
50415.8
57774.1
55605.3
44653.3
63820.8
55598
42308.2
48900.1
62407
66294.2
68962.4
49601.8
74521.4
68853.2
61279.9
49416.7
45207.9
52707.9
47867.6
59199.9
74909
56895.9
51224.9
73030
53209.9
48923.6
47870.5
46144.3
61016.8
61711.6
58287.2
49502.4
68288.6
59276.1
72278.8
57883.5
54873.5
67265
53873.1
66265.2
58272.5
62112.7
55804.2
47345.7
53766.6
61598.5
72472.7
71056.6
62575.8
49008.2
44224.1
44218.3
61601
43046
66539
55073.7
57135.4
55329.4
60696
61147.8
55709.5
54192.8
54381.6
68101.2
60084.5
43824.7
45541.8
49292.2
45265.5
60250.1
48789.7
57406.5
48577
60218
60939.3
48719
54298.1
56025
69165.2
51750.8
68121.7
43878.5
66623.7
48023.7
47436.5
48075.4
52034
61938.7
56404.7
64611
53859.5
63576
45725.3
54476.1
56901.6
49448.4
61449.4
57442
75285.4
64754.3
55240
63686.4
68535.8
43577.5
68844
62123.4
53266.7
58481.1
51357.8
65761.1
56777.3
64063.2
52425
55151.6
52770.7
48766.6
56419.7
61335
50095
54648.8
71035.1
56404.2
55122.2
54083
51631.9
69227.2
53294.2
60639.2
55006.8
53881.9
60789.4
59310.6
54760.6
68747.6
55415.9
61671.4
49652.7
65297.6
57812.8
65968.9
53125
46670.9
54087.7
69020.5
64319.3
56456.7
57339.9
60891.8
62264.7
39111.4
73947.4
51174.6
47042.4
50463
70474.4
51747
61969.8
42916.8
62456.4
61027.1
53193.3
53252.1
53863.9
68647.4
45476.4
65837.9
48131.2
58757.5
53221.2
41489.2
57552
46858.8
60021
52822
61849.4
49922.7
55734.4
52672.9
46511.4
61746.6
46769
58301
65297.3
48094.2
51260.8
59511.9
44870
55449.2
70303.7
65846.2
55273.1
46553.8
28910.5
63176.6
53534.3
39501.6
55424.4
49511.1
65087.4
57596.8
53854.9
48364.3
60439.1
43944.4
49383.4
65396.2
55846
52813.6
59567
43041.8
43135.4
60890.1
68105.9
62459.2
55562.7
59012.9
66267.9
54186.2
56187.8
48068.9
64226
47739.3
50262
60508.9
62691.8
50540.8
58462.1
49326.2
56805.3
61731.9
51676.1
48455.4
70564.6
49128.1
64881.2
73571.7
50946.5
52963
49095.7
56655.4
45426.9
48350
51835.8
69217.7
53134.7
68913.6
53836.5
72908.1
70731.5
47649.6
64422.5
62086.5
63957.5
44814.9
55050
50173.3
61775.7
56928.8
57847.8
65474.2
55339.2
50294.7
53487.8
52077.8
54867.1
66894.8
58904.9
70007.7
62020.1
58965.5
47096.7
45610.9
58266.4
49613.7
53199.4
52143.9
57959.3
38766.1
70363
49835.3
56132.7
74122.1
62207.9
60165.4
52325.5
47684.6
69621
63794.7
62769
60032.7
41581.3
49077.9
67749.8
60673.2
52779
56917.1
44188.3
65715
59271.9
58813.7
56411.8
58480.1
59747.9
30711.5
53672.9
53669.4
69075.5
45224.5
60052.1
47904.8
52856.5
49592.4
53674.7
66510.5
57600.9
50161.1
55560
52812.7
64569.2
55993.9
54170.1
48136.9
60654.2
65671.3
59902.6
42691.1
32530.9
57967
55542.5
58354.2
50712.6
60767.5
48185
51014.9
43093.4
54651.1
49100.6
59734
53521.5
55983.4
54580.5
54077.1
38403.6
55645.3
49050.3
65037.7
54702.2
51312.9
71847.6
43512.3
65080.7
57971.8
52376.5
49521.6
54978.8
49414.7
59213.5
57080.2
46513.8
48952.4
62222.1
53462.3
55510.7
57523.8
64844
54838.3
57121.2
56482.3
52802.6
40268.6
48681.6
45315
62141.2
58028.1
61804.8
56424.3
41675.8
67200.9
68183.6
55697.2
49904.5
50386.1
71399.1
45628.9
51854.2
47214.3
56528.4
49729
69327.9
55360.3
66983.3
65880.1
58663.1
53450.9
55387.5
62394.7
66695.6
51575.8
74743.1
65269.1
54820.9
42262.8
50485.5
47156.9
58130.7
51601.3
54622.8
65742.3
49536.5
49427.6
41104
69111.5
58022.2
55045.9
69720.5
46900.6
34956.2
50481.8
38378.5
67961.4
68369.5
61740.1
57255.8
52033.7
54464.8
70673.5
57387.9
54454.4
54134.9
54199.2
47846.1
58210.2
52020.6
53358.8
58512.6
52978.8
48394.7
46144.8
74125.2
56761.3
59923
60237.9
45243.5
54578.4
55921.1
46026.9
51916.4
58613
49394.3
43320.1
63425.6
44877.7
54710.3
48322.7
53293.6
54273.1
58625.7
59057.8
59274.2
54283.5
38783.1
46000.8
68865.6
41275.8
47144.7
70201.8
59983.1
44080.9
60353.4
68370.4
48826.3
51836
53754.7
47233.4
51912
60190.8
72994.9
55458.7
47025.9
52796.9
67176.4
52222.7
51234.2
56856.7
57950
50480.4
52128.6
54815.1
47518.2
49714.8
52962.8
68875.9
61245.7
58069.9
53209.8
48717.5
62388.1
58039.5
63214.5
64664.1
62658.3
53081.3
50257.7
51518.7
68822.4
51087.4
63962.2
54580.7
61624.8
44805
58134
72182.6
52808.4
50573.4
57336.1
49832.2
53883
52602.3
49223.4
61750.8
56876.9
57119.6
64326.3
58106.6
50475.7
47589.1
62911.1
46730.9
52161.5
64908.6
53507.5
45206.8
57543
72146.2
59994.5
72694.4
72883.1
46864.6
53423.2
60828.5
60095.6
64702.3
68749.7
56423.3
66469.6
70005.6
56898.9
48312.5
50404
60915.6
59570.9
54101.9
58379.1
60687.4
70609.6
39629.6
54403.5
48695.9
70265.1
54086.7
72867.3
58966.4
47057
65585.8
70409.1
49859.7
47334
52701.2
47060.4
71051.6
73564.6
44896.4
44866
52140.2
63556.1
52693.9
69304.9
40441.1
69922
58191.7
55651
54194.9
46713.4
48496.4
42785.8
69844.1
50318.7
52050.8
53866.9
68417.3
74880.4
66086.6
55266
71150.5
56008.5
56265.3
68217.8
72242.1
71248.1
68399.2
63349.6
47970.9
48948.1
54011.2
70866.4
38392.2
37546.3
53656.8
65279.4
53157.5
44688.1
49888.3
40510.1
32749.7
44642.4
53849.2
59029.1
56125.5
50665.4
58289.1
70535.6
44350.3
45431
56076.5
58393
59289.4
53222
62392.1
71209
56747
48777.6
53461.2
59370.8
67319.1
50138.5
43501
57468.8
45854.2
65660
58765.5
48294
55766.2
66593.8
50172.5
65017.6
49127.5
67409.6
68044
51450.4
65119.7
63335.6
63481.4
65671.9
55967.2
69769.1
55171
53285.9
66769.5
60725.5
68628.6
55869.8
72313.6
68877.2
53542.6
39262
53501.5
51633.9
49865.8
57840
67730.7
64825
69639.2
69608.6
74681.8
58701.3
47115.6
47299
56114.5
49831.9
49930.3
53916.3
63844.1
45239.3
50533.1
52598.4
48210.7
64255.1
65724.2
54451.6
64611.4
70470.5
46825.1
62982.8
74671.2
71227.7
65173.2
74847.6
65371.4
51812.3
41100.3
65902.7
69417.7
43106.5
68764.9
53385.1
64196.4
53819.5
60729.5
59608.9
49335.5
65671.1
68211.4
67280.6
49083
56530.1
47804.8
52577.2
63807.2
65400.4
63308.8
65764.7
71244.9
49770.6
70054.5
53860.6
59127.5
61886.9
73801.5
64921.3
58604.3
44770.1
59102.2
66783.1
53440.9
59413.3
58664.4
72568.2
56209.1
52268.2
46167
59943.2
51370.9
57525.3
68078
52338.6
63479.2
61439.9
50920.3
63498.5
50435.7
56002.4
57456
46651.2
60626.4
69391.2
51810.1
49191.6
59792.1
49090
65983.9
57143.3
58489.6
48227.5
61913.9
57364.9
71726.4
53646.8
48536.7
52011.1
59763.4
61051.6
61532.5
60523.1
50477.4
60459
48925.2
75184.1
57798.8
53532.8
50331.1
58048
52134.3
64450.9
57155
38388.4
60116.4
74469.9
50699.5
65866.7
51503.7
39794.1
50838.4
67049.1
72691.3
58162.6
64271.5
50255.5
50765.5
56982.1
68397.8
72669
47956.8
56351.2
68284
66549.2
49756.1
66756.5
57440
63586.5
66406.4
63133.2
44612.9
43856.9
45559.8
41290.6
38425.6
58040.3
40224.7
53233.9
63702.8
60181.5
61883.1
55032.7
63529.7
56674.3
63230
66401.1
42317
72209.8
53775.1
40653.4
56455
63838.4
52143.5
74861.3
44636.4
47658.3
66121.9
46393.2
53083.6
67974.9
71526.8
54206.4
52602.5
52132.6
56509.5
53891.5
51571.3
51988.8
40280.4
67207
52501.3
73769.5
64036.2
43094.6
62364.1
49963.2
52083.1
39272.2
62206.2
58331.2
47723.9
48856.3
39339.9
67044.2
64422.4
45923.2
44428.4
61872
49867.6
64168.7
40377.1
74826.5
59321.5
53725.8
47435.5
60996.5
47281
55744.1
42421.1
43707.1
49611.4
53549.2
64373.8
51421.2
48322.5
68386.3
52228.6
56096.8
48781.3
55477
50749.5
51113.5
53741
50792.9
63083.5
66652.2
52412.8
58061.8
61815.5
56763.3
48644
57876
53796.2
66411.8
56873.4
51418.8
69120.1
50307.3
49785.7
73659.1
58191.3
68646.1
63387.9
49491.8
48263.8
72258
49834.3
59297.2
59024.9
40730.9
53833.4
58200.7
56697
57343.1
49896.5
43021.9
67838.7
54458.5
50469.6
51838.5
57375.3
66594.1
57745.1
56441.1
51736.9
53737.8
57157.1
48391.6
53577.1
54295.7
