58143.4
58653.5
55411.8
53641.7
45975.9
58289.3
57435.7
65743.3
56565.7
40913.1
53492.1
58422.9
66045.3
73631.3
47831.3
56330.4
51875
62433.8
72834.7
54905.2
49288.9
57099.7
38866.4
44051.2
48732.2
54796.6
74580.4
54728
52260.9
37607
67644.1
68673.8
54957.6
72437.1
68368
61577.8
61347.5
70343.5
51875.7
74256.2
50251.1
53635.4
72349.4
62767.6
71632.4
58816.3
31676.6
42884.1
60167.4
56498
52854.2
46119.6
71566.2
63080.2
59716.5
59011.3
69589.6
40600.7
61353.6
70562.3
56027.8
71043.8
58375.8
59838.8
43601
63693.8
50315.2
36048.4
57564.8
54592
66879
52249.8
48564.1
49616.3
49548.3
56717.6
56919.7
51514.3
37513.1
54673.6
39561.4
50067.1
52982.5
36806.8
69121.7
70715.5
59403.9
47147.8
42333.2
49253.1
70905.4
56432
62382
46385.5
46937.5
54636.8
45250.4
56979.8
58138.3
52837.1
55235
60878.3
49110
44854.8
52946.8
52471.2
39681.4
51202.4
68994.1
54394.6
68630.3
49276
57198.6
63279.8
47090.1
63383.5
48764.2
42849.9
45269.3
47867.1
46867.6
60343.9
59006.1
60565.6
61107.9
66985.3
37545.4
42508.6
55061.7
47314
65526.2
48536.6
51881.7
63774.4
46012.6
45050
59646.7
54912.2
59278.3
65306.7
58067.7
64102.8
57562.6
50966.1
70560.4
51374.2
40706.4
72417.4
67827.1
66598.6
67112.1
57599.6
51133
67411.3
49901.5
64622.6
57878.9
54765.1
71288.5
69085.9
44759.6
47380.5
47311.3
47543.7
57535.6
49202.2
62397.5
50354.4
60062.5
45710
50493.2
73022.4
48127.9
49543.1
62299.5
47845.4
36103.7
49566.6
45322.2
45373.8
57764.2
55437.3
56622
56541.3
56782.6
55214.4
49517.1
52214.8
58557.1
70630.8
60331.1
54829.7
44826.6
66068.1
57792.7
61173.1
49406.5
60853.4
50908.9
57086
58015.3
47437.9
72661.4
70778.9
47607.1
68722.8
58217.9
38061.4
64045.8
50574.8
56870.6
43449.3
52623
60286.8
43877.6
59142
44865.7
42927.1
73312.6
43906.6
51000.2
53874.4
59455
63880
43698.4
37897
47246.2
39570.5
32105
55739.6
41388.7
43913.1
48038.6
50174.6
73334.3
69911.9
61628.4
57451.7
74131.5
51057
54512.8
59545.5
42006
53647.1
48097.2
46068.3
57756.5
50142.1
57785.5
60519.4
72129.6
64277.4
67376.8
57208.2
57245.2
68043.9
60563.7
51332
45227.2
73835.6
49243.3
49903.1
51374.5
43773.6
61438.2
50181.1
47188.2
49062.9
51292.4
74565.9
48961.5
65549.8
50641.6
70228.4
43782.5
49637.2
52206.1
57210
50804.6
67305.3
50443.1
66595.1
52200.7
50982.2
53685.5
55017.4
55068.6
50359.6
71149.4
46210.4
50861.1
40594.6
60657.4
63757.2
49780.1
58703.5
40924.9
46035.7
51086.9
64035.3
44418
45187.1
43449.2
55429.8
45036.8
55353
53733.8
56977.2
42780.1
66685.6
58665.2
56197.7
51691.2
47019.7
58043.4
66847.2
64280.6
59785.3
52524.4
60999.3
44827
62341
60050.9
41002.1
48809.7
69831.2
55926.6
70137.6
49416.2
60582.8
53421.1
70915
68004.8
67901.4
65305.4
68138.7
51973.7
56112
74041.6
52257.8
46707.8
66783.6
47353.3
72065.5
49614.2
63031.1
64387.4
57573.7
49015.6
48154.5
43246.2
63757
59652.9
56966.3
50643.6
52889.2
55466
51450.8
58148.3
55163.6
53456.5
46118.4
32076
56235.7
49973.7
72465.5
53023.4
63384.9
50856.4
43897.3
57461.2
55104.1
54582.7
66919.5
49647.1
68063.6
63495.6
47993.2
72167.6
70494.6
64397
53447.5
70791
50532.4
42079.7
48923.8
73334.7
70288.4
66489.7
47004.7
69361.8
49632.7
56285.3
54153.2
67261.7
55286.5
55339.6
67727.8
53428.3
53344.2
60259.9
66181.2
52158.4
48788
66079.2
49491
65686.8
66353.5
68292.4
73339.5
50865.4
74078.1
55024.6
62354.8
39519.9
73887.4
67462.1
50882
46495.8
66771.7
62054.5
53035.5
68436.5
65970
61718.3
59599.6
72921
53925.2
53695.4
55173.3
53873.1
52517.9
53970
68936.9
54573.2
56655.5
39034.7
71633.4
53839.6
61746.6
51389.6
60868.2
67469.4
65342.4
65897.7
46027.3
53758.7
47438.3
60465.9
61565.1
51094.8
43453.4
53374
56004.7
50606
43528
60650.2
70270.5
65080.4
46706.8
70243.6
64010.9
61384.6
47691.6
69707.7
73061.5
72862.6
52323.1
37506.7
63162.5
61637.1
53584.8
54368
64232.2
55380.3
72577.4
63144.6
60456.4
59537.4
65501.2
59464.8
49802.4
74790.3
68936.9
49620.9
73723.9
65709.8
55433.9
60977
63268.1
64806.4
48065.6
65365.2
54739.6
53139.2
55625.6
62033.6
44625.3
53517.6
57893
58861.4
61291.8
61551
52460.1
52023.1
71217
56946.6
57226
37177.9
38682.2
74257.9
71214.3
74314.9
66010.5
73700.4
58625.7
50589
45949.7
55107.6
69745.7
53339.4
54180.1
64328.1
51362.3
41053.7
48475.8
65440.8
53063.3
57819.4
63374
46946.6
61892.7
54481.2
54861.5
49464.8
51781.9
45477.9
63573.5
68830.9
55395
51117.7
63940.1
61549.5
63861.7
69857.3
46146.3
57337.6
51866
51244.3
47701.6
65048.2
62173.5
65702.9
44420.1
58719.5
62708.3
50833.4
58011.4
44673
72813.9
45953.5
56615.1
42683.5
68835.3
56315.2
59030.1
37844.1
49134.8
55366.9
50667.7
54045
68491.1
58841.7
58565.1
55369.7
58882.7
73529.5
48242.6
45967.7
52864
67577.9
59637.6
55690.6
44351.6
52049.5
73736.7
74231.8
57895.8
45693.9
74209.5
61074.8
58600.1
56542.3
71781.9
62384
70673.6
62838.3
46349.6
58641
53733.9
48178.9
42602.6
57573.8
49628.2
51744.9
47916.8
74463.5
39828.2
44136.9
45430.5
67269.7
49216.1
52612.3
51825.9
51378.9
71427.4
36668.8
62936
52610.6
53167.9
73413.4
64080.3
51951.3
65973.6
59687.4
56244.4
64313.1
73727.5
57146.3
54998.4
55761.7
67368.8
70555.1
65045.9
49724.9
58171.9
68812.1
48841.7
41562.4
65672.1
58726.8
70680.9
49552.2
62536.7
46672.4
60566.3
45951.8
46373.3
59332.2
59094.7
67548.2
62562.2
68585.1
69085.2
61049.4
73915.1
69442
37603.5
64122.1
47589.6
45801.2
51982.9
55540.3
60212.2
62367.7
55983.1
56417.2
65713.7
58602.5
59830.6
50223
57977.8
71016.1
59266.4
58220.7
73964.3
52648
55789.6
46471.6
54372.1
68517.3
50102.4
61417.9
60893.2
57928.2
54126.9
47797.1
51773.1
46156.5
51315.7
69876.4
63477.5
60124.5
62132.3
72027.4
49184.2
64353.8
74473.6
73485.5
55061.2
71591.3
49225.4
46676.7
67461.7
59888.3
62976.4
46292.2
72762.3
55119.6
63764.4
68626.9
45474.7
54490
66748.3
48521.5
69493.1
71766.7
59562.1
68478.3
71326.1
65868.4
55716.6
61816
73128.7
60818.7
60605
63604.5
70974.8
56619.2
61591.4
45647.1
64106.5
70213.5
54745.5
50606.2
51661.6
55833.8
55284.9
61402.3
51686.2
52556.5
48138.4
70931.3
50262.6
57794.6
50712.3
59874.4
63407.3
51028.5
53256.4
51958.3
43653.7
71020.7
68846.8
63367.8
44410.4
46619.3
74542.6
49596.6
61030.8
73452.6
71857.6
47892
57149
46706.7
42493.9
61900.1
49006.7
45142.2
49442.6
61441.4
57330.1
58996.5
49946.6
65744.5
57604
71763.8
61453.7
51764.3
40552.2
60684.6
50196.6
45266.5
40804.1
49342.2
51810
57497.1
61002.1
49434.5
62594.6
41639.9
47578.5
51349.9
55278.5
50015.7
43097.5
55269.1
51569.5
51258
58670
58559.5
60525.2
56327.5
63677
46688.5
57161.4
54728.8
68838.5
54968.7
74912.6
61568.3
66595.8
48201.2
47348.5
49295.3
44870.1
58428.4
52502.6
41539.4
43981.2
60129.6
51254.9
52166.5
54868.1
49626.8
58575.3
52247.2
62066.3
36725.8
52406.5
59103.8
53673.2
42714.3
71014.1
54581.8
54110.6
46734.8
41514
57328.6
60999.8
48400.5
70497.4
41566.9
53189.4
61643.6
53108.8
53561.9
43928.1
54939.7
70086.7
69701.7
60123.7
45064.2
54799.3
57716.1
68907.8
54325
45182.4
56279.7
57641.9
60483.1
54414.7
48941.5
49131.5
56020
55641.3
54686.2
54068.4
57833
54464.3
62630.8
65544.8
55714.1
53783
60684.8
55823.8
64021.5
44715.6
57914.6
48381.1
69363.3
61220.7
60712.2
56619.3
50210.9
48433.4
49869.9
55888.6
72027.1
59956.6
48703.7
48798.9
44709.7
54945.9
39513.8
55764.5
45009.1
47752.4
45501.9
44802.3
59504.2
56984
40957.7
51479.1
52434.3
37740.2
39319.3
41268.1
58664.5
54554.8
59056.5
41313.2
65268.5
43445.9
46595.2
73165.2
72882.9
60154
49552.1
42445
71171.7
72194.1
64517.6
63204.1
56441.8
48630.8
57167.6
61508.2
58927.5
45241.1
47367.1
54660.9
50013.8
65848.4
49741.5
64060.1
57456.6
49309.9
58403.2
49135.2
57073.2
47257.6
45533.6
52215.1
58027.4
45208.2
57061.2
47488.8
71452.6
50061.7
67697.8
68992.2
47880.2
69396.4
43370.6
44260.3
44598.8
43546.5
72305.4
53552.1
50871.3
67275.3
74773.2
51453.8
57542.8
71297.7
71070.8
70732.8
52278
44341.6
50655.8
43234.2
54097.2
60662
54051.4
67048.2
46074.9
56375.9
63121.8
72853.3
57473.4
58465.4
62206.2
74220.1
63698
60203.1
69080.5
50718.9
58061.7
68365
63032
58217.8
48763.5
69421
47588.7
60086.6
63922.6
42013.1
42062.9
58040.4
58709.6
67942.5
41835.1
43468.7
45759.4
55276
49728.4
58543
55553.2
51582.9
71861.6
72577.5
65264.6
64013.2
51443
62664.3
72587.8
55048.5
61629.2
60707.9
73532.3
54487.1
48923.8
64475.1
62308.4
49216.4
46586.6
51121.6
66830.8
61264.3
50243.7
54475.8
61962.2
45696.1
73074.3
48293.8
54047.7
38109
61165.5
53407.3
58392.2
44649.1
41384.8
48009
52438.5
63219.8
47616.3
71940.2
63772.1
63313.7
64159.5
69547.8
68038.9
67608.7
70383.7
60136.4
58183.5
64225.1
54987.3
44961.1
61570.7
52005.5
72203.6
64850.2
63262.7
43025.7
74812.1
60281.2
72837.9
54099.6
46760.1
64825.8
59524.1
60996.9
51092.6
60381.1
69269.2
51751.5
61018.8
71395
72725.6
56293.6
58986.2
30157
57705.5
67385.6
48444.6
58349.1
74612.5
52486.1
55276.7
63645
53043.2
74718.6
65666.6
67617.2
54847.7
63841.6
60210.6
64153.6
67427.6
51085.8
46696
68655.8
57782.1
59863.9
54240.4
58023.7
66140.2
43712.8
58613.7
71151.1
57435.7
63321.2
42322.8
63590.3
48903.6
59673.2
66609.8
53924.6
46882.6
47073.5
69534.3
56513.5
69112
50341.6
57656.4
55469.7
44555.1
63440.5
55569.5
42203.2
48835.7
62284.7
65974.3
68775.9
49335.2
74526.5
68717.3
61068
49415.5
45118.1
52171.3
47747.2
59158.3
74335.7
56847
50851.9
72888.3
53087.7
48764.4
47797.5
46065.7
60773.6
61563.5
58133.2
49354.6
68107
59194.1
71882
57692.7
54839.7
67142.1
53749.9
65888.3
58100.5
61824.9
55602.7
47206.4
53469.6
61417.6
72227
70900.9
62454.7
48912.8
44178.6
44187.9
61540.6
42904.6
66482.7
54870.9
57143.1
55222.8
60485.6
60838.4
55710.7
54095.4
54182.6
67770.4
59902.9
43615.2
45476.7
49264.8
45247.5
60006.2
48714.7
57373.8
48576.1
60210.2
60778.9
48436.5
54321.6
55855.3
68999.9
51519.9
67991.3
38934.5
66471.8
47769.7
47447.3
48083.2
52007.1
61629.1
56384.6
63305.6
53651.4
63442.3
45689.3
54410.8
56903.4
49449.4
61453.9
57446.1
75090.3
64482
55090.8
63627
68299.2
43488
67194.9
61697.2
53080.2
58330.2
51190.4
65517.5
56763.9
64047
52409
55041
52761.5
48742.5
56381.7
61273.4
49983.2
54637.3
70804.6
51645.2
55013.8
54041.5
51603.7
69045.9
53164.9
60495.7
46607.8
53593.4
60690.3
59189.6
54675.1
68611.9
55314.5
61601.9
49636.3
64702.9
57742.6
65793.4
53110.3
46658.5
54071.9
68761
64291.7
56426
56955.7
60883.9
62183.5
38847.4
73697.6
51080.1
47006.6
50280.6
70214.8
51581.3
61891.6
42864.4
62171.9
60939.1
52963.4
53255
53716.5
68558.9
45264.6
65769.2
48101.4
58729.5
53211.7
41439.9
57372.5
46813
59849.4
52814.8
61548.5
49821.7
55535.5
52592.8
46448.4
61639.2
46706
58270.1
65314
48060.8
51258.8
59449.5
44820.7
55462.9
70087.2
65869.5
55273.3
46540.9
28804.6
62873.8
53364.5
39365.1
55279.8
49274.5
65120.7
57606.1
53646.6
48340.8
60210.7
43946.9
49301
65262
55832.6
52717.5
59519.5
43059.2
43121.1
60667.9
67706.5
62251.4
55360.2
58632.2
66039.7
54148.8
55992.9
47967.9
64179
47754.7
50283.5
60397.4
62570.7
50518.8
58484.2
49272
56764.7
61743
51695.2
48484.5
70330.2
48983.4
64181.8
73337.2
50900.7
52895.7
48925.5
56536.7
45407.3
48308
51816.7
69018.2
53043.1
68495.8
53814.1
72767.5
70507.6
47635.8
64369.9
62023.2
63731
44710.3
55075.2
50165
61528.6
56848.5
57862.9
65175.7
55351.2
50259.6
53423.3
52022.3
54836.4
66748.2
58848.7
69851.9
61958.4
59005.2
47024.3
45429.9
57949
49609.4
53212.8
52028.4
57889
38541.3
70245.6
49811
56144.6
73911.4
62071.8
60094.3
52282.9
47416.2
68987
63692.7
62572.5
59820.5
41459.3
48947.7
67547.8
60577
52453.9
56782.6
44075.3
65567.8
59061.1
58716.7
56420.6
58288.2
59633.9
30617.8
53696.4
53669.4
68894.6
45106.6
59866.4
47902
52544.2
49524.8
53545.9
66446.7
57453.8
50025.8
55470.1
52701.1
64486.8
55951.8
54131.4
48048.3
60064.4
65482.8
59878.8
42562.8
32505.5
57910.3
55303.8
57795.3
50540.7
60561.4
48169.5
50848
42963.9
54654.8
49051.4
59540
53223.5
55986.6
54452.5
54013.8
38365.1
55569.6
49040.2
64998.6
54554.6
51180.2
71768.7
43357.7
64828.8
57920.6
52258.9
49482.7
54803.9
49328.9
59030.4
57021.1
46502.9
48670.3
62223.5
53420.1
55364
57231.9
64723
54768
56856.6
56396.1
52680.8
40222.3
48562.7
45055.2
61615.8
57672.6
61720.7
56382.5
41604.6
67027
67740.2
55631.1
49850.7
49859.9
71239.6
45530.8
51622
47115.3
55868.2
49285
69082.4
55186.6
66948.2
65825.5
58080.8
53184
55206.6
61711.7
66412.9
51393.3
74288
65090
54720.9
42130.9
50296.5
47050.7
57337.5
51467.7
54570.9
65609.3
49421.4
49314.3
41016.4
68816.9
58013
55010.2
69416.2
46813.7
34857.3
50367.7
38374.4
67911.6
68244.3
61666.5
57130.2
51935.8
54396.7
70373.5
57282.4
54346.7
54033.6
54021.7
47727.4
58003.9
52002.3
53234.1
58472.2
52806
48177.9
46059.2
73890.1
56468.8
59652.7
60203
45106.8
54470.9
55832
45907.6
51823.9
58066.9
49276.6
43243.6
62885.4
44579.9
54518.4
48087.2
53264.8
54220.3
58459.8
58935.9
58402.9
54246.3
38246.4
45973.3
68728
41252.5
47120.4
70040.3
60023.9
43977.9
60231.6
68146.4
48634.5
51808
53773.3
46669.6
51858.8
60167.1
72407.6
55100.4
46822.7
52688.6
66805.8
51814.7
51197.1
56666.4
57246.3
50296.4
52058.1
54754.9
47508.1
49133.1
52909.9
68748.8
60920.1
58064
53215
48544.2
61109.3
57768.1
63174.4
64579.6
62481.5
52987.7
50264.6
51463.4
68603.2
51038.2
63697
54506.6
61484.2
44615.9
58085.4
72043.4
52770.1
50496.9
57242.5
49630
53842.6
52356.7
49181.9
61671.1
56803.9
57078.4
64230.2
57969.9
50421.7
47455.2
62819.7
46628.5
52091.4
64849.9
53402.6
45164.6
57368.1
71983.2
59961.8
72526.6
72718.3
46742.8
53337.6
60677.5
59854.8
64519.7
68624.7
56403
66342.1
69786.6
56754.2
48186.9
50418.2
60690.6
59244.1
54117.4
58141.8
60648.2
70425.9
39301.3
54290.8
48598.2
70118.8
53956.8
72706.2
58871.3
46915.4
65421.8
70019
49739.1
47206.9
52651.7
46983.9
70837.5
73175.1
44815.2
44746.3
51959.9
63480.6
52602.4
69077
40366.8
69754.1
58018.6
55471.6
54025.2
46604.4
48340
42700.7
69656.5
50292.2
51766.3
53678.5
67646.9
74673.5
65902.2
55158.6
70268.7
56009.3
56245.9
67880.5
72148.6
70480.2
68134.8
62693.3
44465.6
48916.9
53985.3
70708
38295.4
37396
48618.2
65132.6
53141.2
44705.8
49856.2
40396.9
32553.4
44600.7
53802.8
59011.3
56080.8
50556
58270.9
70263.1
44280.7
45366.1
55729.9
58363.2
59277.2
53154.6
62314.3
70914.6
56755.2
48756.9
53250.8
59221.6
67100.7
49926.7
43408.4
57417.2
45810.8
65517
58648.7
48220.9
55760.9
66510.1
50101.7
64875
49088.1
67283.4
67867.4
51397.5
64898.9
63187.6
63312.9
65666.9
55908.3
69332.6
54960.7
52921
66639.9
60559
68521.8
55833
72173.9
68700.1
53490.3
38988.7
53374.1
51568.2
49676.6
57663.6
67567.9
64575.8
69435.8
69467
74610.8
58622
46961.1
47134.3
54895.5
49562.1
40910.8
53710.9
63014.7
45125
50343.4
52390
48195.2
64128.9
65353.5
54204.2
64362.5
69997.5
46476.9
62530.7
74270.8
71073.2
64975.7
74706.3
64948.3
51797.2
41067
65681.9
69149.2
42857.8
68619.4
53359.6
64123.6
53679.9
60518.1
59450.8
49293.5
65405.2
67164.4
67091.2
48932.1
56397.4
47705.5
52509.3
63776.6
65167.7
63124
65599.5
70971.1
49607.3
69785.4
53677.3
58937.4
61728.4
73629
64764.9
58426.8
44454.6
58740.5
66608.3
53390.5
59201
58417.1
72436
56141.4
52216.2
46078.3
59711.7
51327.7
57062.8
67721.3
52281.2
63202.8
60844.9
50823.8
63275.4
50194.9
55914.6
57396
46568.8
60532.9
68726.7
51666.8
49111.3
59716.8
49012.4
65850.8
56866.9
58389.6
48172
61861.8
57317.5
71544.6
53599.9
48451.7
51846.5
59614.4
60958.9
61445
60301.8
49959.1
60418.5
48858.6
74959.3
57781.4
53474.5
42745.4
57580.6
51824.2
64319.3
56919.4
38136.9
59998.6
73496.4
50670.7
65609.4
51457.5
39769.2
50639.8
66747.7
72513.3
58188.1
64036.9
50247.2
50320.9
55928
67754.3
72382.2
47831.9
56200.6
68114.3
66397.4
49753.6
66622.7
57411.7
63478.5
65879.5
63010.8
44549.2
43760.6
45493
41248.3
38314.9
57870.1
40210.3
53084.8
63573.6
60111.8
61856.8
54910.5
63224.2
56645.2
59228.2
66251.8
42168.7
71379.1
53640.3
40626
56433
63359.7
51951.6
74764.2
43636.4
47641
66021.9
46325.3
52742
67816
71433.9
54100.6
52454
52122
56503.3
49629.5
51525
51885.2
40217.1
67080.8
52486.1
73727.7
63893.4
42990.1
62200.3
49925.6
47472.5
39187.5
62155.3
58150.6
47628.8
48839.6
39306.2
66703
64410.6
45919.2
44416.5
61777.6
49862.5
64085.1
40328.1
74665.7
59299.4
53604.6
47402.5
60798.8
47261.2
55641.5
42285.5
43526.3
49589.7
53522.5
64286.9
51344.9
48291.8
68282.9
51845.2
55999.2
48672.6
55419.5
50642.5
51064.9
53674.6
50738.2
62737.9
66570.3
52340.4
57946
61642.8
56680.4
48619.9
57768
53560.6
66196.4
56811
51376.4
68823.8
50329.4
49595.4
73504
57891.8
68498.5
63243.7
49323.1
48290.8
72242.8
49749.6
59233.9
59003
40707.5
53751.2
58160.7
56459.1
57149.8
49808.5
42979.1
67325.5
54359.5
50475.3
51787.9
57329.9
66122
57617.2
56474.4
51497.3
53725.2
57126.9
48304.6
53560
53725.5
