2613 0 0 0 0 0 38 46 54 53
2614 0 0 0 2 0 45 43 30 44
2615 0 0 0 4 0 41 35 40 40
2616 0 0 0 6 0 33 19 16 22
2617 0 0 0 8 0 19 13 8 16
2618 0 0 0 10 0 3 1 8 7
2619 0 0 0 2 2 54 58 52 40
2620 0 0 0 4 4 36 27 31 28
2621 0 0 0 6 6 24 22 19 22
2622 0 0 0 8 8 25 22 13 12
2623 0 0 0 10 10 6 2 2 6
2624 1 1 46 0 0 52087 47479 39933 58006
2625 1 1 46 2 0 52198 47398 40019 57020
2626 1 1 46 4 0 43287 38309 33207 49220
2627 1 1 46 6 0 28838 24492 21728 35273
2628 1 1 46 8 0 22238 19266 17104 29779
2629 1 1 46 10 0 7766 6255 5920 12846
2630 1 1 46 2 2 52590 47520 40299 57940
2631 1 1 46 4 4 43388 38050 33297 49546
2632 1 1 46 6 6 28433 24314 21573 35310
2633 1 1 46 8 8 22562 18897 17225 29684
2634 1 1 46 10 10 7689 6244 5786 12860
2635 1 10 33 0 0 90751 86807 73337 104309
2636 1 10 33 2 0 90739 86949 73125 104224
2637 1 10 33 4 0 75043 70670 60318 90029
2638 1 10 33 6 0 49751 44274 39435 65182
2639 1 10 33 8 0 39332 34706 31536 54300
2640 1 10 33 10 0 13531 11362 10836 23704
2641 1 10 33 2 2 90890 86541 73413 104255
2642 1 10 33 4 4 74949 70238 60083 90314
2643 1 10 33 6 6 49722 44525 39410 64938
2644 1 10 33 8 8 39366 34792 31221 54248
2645 1 10 33 10 10 13773 11273 10798 23788
2646 1 10 22 0 0 183593 175928 150365 209109
2647 1 10 22 2 0 183784 176494 150502 209491
2648 1 10 22 4 0 151862 142185 123803 180341
2649 1 10 22 6 0 101008 91118 81227 130044
2650 1 10 22 8 0 80646 71271 65387 109511
2651 1 10 22 10 0 27999 23234 22419 47859
2652 1 10 22 2 2 183725 175966 150627 208941
2653 1 10 22 4 4 152401 142451 124191 179980
2654 1 10 22 6 6 100928 90560 81131 129990
2655 1 10 22 8 8 80671 70915 65407 109771
2656 1 10 22 10 10 27915 23453 22459 47643
2657 1 10 15 0 0 582311 556393 481118 635956
2658 1 10 15 2 0 580929 557204 481391 634681
2659 1 10 15 4 0 482690 453381 398631 549695
2660 1 10 15 6 0 323398 291889 263348 396082
2661 1 10 15 8 0 258113 229278 211219 331416
2662 1 10 15 10 0 90429 75846 72903 143389
2663 1 10 15 2 2 580269 556606 480228 635711
2664 1 10 15 4 4 482480 453472 398237 548640
2665 1 10 15 6 6 323859 291784 264508 395791
2666 1 10 15 8 8 258364 228315 211803 331475
2667 1 10 15 10 10 90007 75990 73035 142720
2668 1 10 10 0 0 1013028 968982 847707 1070956
2669 1 10 10 2 0 1013613 970455 845532 1069577
2670 1 10 10 4 0 845023 794491 704362 927285
2671 1 10 10 6 0 571371 514227 468571 668581
2672 1 10 10 8 0 456527 404584 376346 561851
2673 1 10 10 10 0 161980 135770 131778 241190
2674 1 10 10 2 2 1012052 970545 846082 1072754
2675 1 10 10 4 4 845380 794284 704445 926399
2676 1 10 10 6 6 569697 515239 469491 668479
2677 1 10 10 8 8 456315 404643 377259 560508
2678 1 10 10 10 10 161800 135833 132541 241013
