0.040 10 427622 64647 492269 0.868675459962 100000 92449 4.62549081115 0.699272031066
0.040 10 88365 13045 101410 0.871363770831 20000 18552 4.76309831824 0.70315868909
0.040 15 123858 27910 151768 0.816100890833 40000 37765 3.2797034291 0.739044088442
0.040 46 47560 32978 80538 0.590528694529 40000 39417 1.20658599082 0.836644087576
0.040 100 21614 17029 38643 0.559325104159 20000 19817 1.09067971943 0.859312711308
0.040 1000 18990 17343 36333 0.522665345554 20000 19827 0.957784838856 0.87471629596
0.040 Off 20429 17397 37826 0.540078253053 20000 19794 1.03208042841 0.878902697787
0.045 10 424126 68143 492269 0.861573651804 100000 92449 4.58767536696 0.737087475257
0.045 10 87628 13782 101410 0.864096242974 20000 18552 4.72337214317 0.742884864166
0.045 15 122630 29138 151768 0.80800959359 40000 37765 3.24718654839 0.771560969151
0.045 46 46884 33654 80538 0.582135141176 40000 39417 1.18943603014 0.853794048253
0.045 100 21315 17328 38643 0.551587609658 20000 19817 1.07559166372 0.874400767018
0.045 1000 18723 17610 36333 0.515316654281 20000 19827 0.94431835376 0.888182781056
0.045 Off 20165 17661 37826 0.533098926664 20000 19794 1.01874305345 0.892240072749
0.050 10 420366 71903 492269 0.853935551497 100000 92449 4.54700429426 0.777758547956
0.050 10 86901 14509 101410 0.856927324721 20000 18552 4.68418499353 0.782072013799
0.050 15 121347 30421 151768 0.799555901112 40000 37765 3.21321329273 0.805534224811
0.050 46 46049 34489 80538 0.571767364474 40000 39417 1.16825227694 0.874977801456
0.050 100 20972 17671 38643 0.542711487203 20000 19817 1.05828329212 0.891709138618
0.050 1000 18341 17992 36333 0.504802796356 20000 19827 0.925051697181 0.907449437636
0.050 Off 19811 18015 37826 0.52374028446 20000 19794 1.00085884611 0.910124280085
0.055 10 416381 75888 492269 0.845840384018 100000 92449 4.50389944726 0.820863394953
0.055 10 86101 15309 101410 0.849038556355 20000 18552 4.64106295817 0.825194049159
0.055 15 119938 31830 151768 0.790271994096 40000 37765 3.17590361446 0.842843903085
0.055 46 45246 35292 80538 0.561796915742 40000 39417 1.14788035619 0.895349722201
0.055 100 20591 18052 38643 0.532852004244 20000 19817 1.03905737498 0.91093505576
0.055 1000 17948 18385 36333 0.493986183359 20000 19827 0.90523024159 0.927270893226
0.055 Off 19471 18355 37826 0.51475175805 20000 19794 0.983681923815 0.927301202385
0.060 10 412668 79601 492269 0.838297759965 100000 92449 4.46373676297 0.861026079244
0.060 10 85370 16040 101410 0.841830194261 20000 18552 4.60166019836 0.864596808969
0.060 15 118687 33081 151768 0.782029149755 40000 37765 3.14277770422 0.875969813319
0.060 46 44537 36001 80538 0.552993617919 40000 39417 1.12989319329 0.9133368851
0.060 100 20252 18391 38643 0.524079393422 20000 19817 1.02195085028 0.928041580461
0.060 1000 17665 18668 36333 0.486197121075 20000 19827 0.890956776113 0.941544358703
0.060 Off 19200 18626 37826 0.507587373764 20000 19794 0.969990906335 0.940992219865
0.065 10 409239 83030 492269 0.831332056254 100000 92449 4.42664604268 0.898116799533
0.065 10 84611 16799 101410 0.834345725274 20000 18552 4.56074816731 0.905508840017
0.065 15 117538 34230 151768 0.774458383849 40000 37765 3.11235270753 0.906394810009
0.065 46 43898 36640 80538 0.54505947503 40000 39417 1.1136819139 0.929548164498
0.065 100 19935 18708 38643 0.515876096576 20000 19817 1.00595448352 0.944037947217
0.065 1000 17402 18931 36333 0.478958522555 20000 19827 0.877692036112 0.954809098704
0.065 Off 18920 18906 37826 0.500185057897 20000 19794 0.955845205618 0.955137920582
0.0675 10 407575 84694 492269 0.827951790586 100000 92449 4.40864692966 0.916115912557
0.0675 10 84289 17121 101410 0.831170496006 20000 18552 4.54339154808 0.92286545925
0.0675 15 117028 34740 151768 0.771097991671 40000 37765 3.09884813981 0.919899377731
0.0675 46 43632 36906 80538 0.541756686285 40000 39417 1.10693355659 0.936296521805
0.0675 100 19802 18841 38643 0.512434334808 20000 19817 0.999243074128 0.950749356613
0.0675 1000 17260 19073 36333 0.475050229819 20000 19827 0.870530085237 0.961971049579
0.0675 Off 18815 19011 37826 0.497409189446 20000 19794 0.950540567849 0.960442558351
0.070 10 405745 86524 492269 0.824234310915 100000 92449 4.38885223204 0.935910610174
0.070 10 83938 17472 101410 0.827709298886 20000 18552 4.52447175507 0.941785252264
0.070 15 116436 35332 151768 0.767197301144 40000 37765 3.08317224944 0.935575268105
0.070 46 43315 37223 80538 0.537820656088 40000 39417 1.0988913413 0.944338737093
0.070 100 19638 19005 38643 0.508190357891 20000 19817 0.990967351264 0.959025079477
0.070 1000 17112 19221 36333 0.470976797952 20000 19827 0.86306551672 0.969435618097
0.070 Off 18663 19163 37826 0.493390789404 20000 19794 0.942861473174 0.968121653026
0.0725 10 404082 88187 492269 0.820856076657 100000 92449 4.37086393579 0.953898906424
0.0725 10 83582 17828 101410 0.824198796963 20000 18552 4.50528244933 0.960974557999
0.0725 15 115905 35863 151768 0.763698539877 40000 37765 3.06911161128 0.949635906262
0.0725 46 42998 37540 80538 0.533884625891 40000 39417 1.09084912601 0.952380952381
0.0725 100 19505 19138 38643 0.504748596123 20000 19817 0.984255941868 0.965736488873
0.0725 1000 16996 19337 36333 0.467784108111 20000 19827 0.857214908963 0.975286225854
0.0725 Off 18548 19278 37826 0.49035055253 20000 19794 0.937051631808 0.973931494392
0.075 10 402387 89882 492269 0.81741283729 100000 92449 4.35252950275 0.972233339463
0.075 10 83234 18176 101410 0.820767182724 20000 18552 4.48652436395 0.979732643381
0.075 15 115360 36408 151768 0.76010753255 40000 37765 3.0546802595 0.964067258043
0.075 46 42746 37792 80538 0.530755668132 40000 39417 1.0844559454 0.958774132988
0.075 100 19385 19258 38643 0.50164324716 20000 19817 0.978200534894 0.971791895847
0.075 1000 16869 19464 36333 0.464288663199 20000 19827 0.850809502194 0.981691632622
0.075 Off 18437 19389 37826 0.487416063025 20000 19794 0.93144387188 0.979539254319
0.0775 10 400882 91387 492269 0.814355565758 100000 92449 4.3362502569 0.988512585317
0.0775 10 82910 18500 101410 0.817572231535 20000 18552 4.46905993963 0.997197067702
0.0775 15 114854 36914 151768 0.756773496389 40000 37765 3.04128160996 0.977465907586
0.0775 46 42498 38040 80538 0.527676376369 40000 39417 1.07816424385 0.965065834538
0.0775 100 19274 19369 38643 0.498770799369 20000 19817 0.972599283444 0.977393147298
0.0775 1000 16752 19581 36333 0.461068450169 20000 19827 0.844908458163 0.987592676653
0.0775 Off 18321 19505 37826 0.484349389309 20000 19794 0.925583510155 0.985399616045
0.080 10 399294 92975 492269 0.811129687224 100000 92449 4.31907321875 1.00568962347
0.080 10 82600 18810 101410 0.814515333794 20000 18552 4.45235015093 1.0139068564
0.080 15 114322 37446 151768 0.753268146118 40000 37765 3.02719449225 0.991553025288
0.080 46 42206 38332 80538 0.524050758648 40000 39417 1.07075627267 0.972473805718
0.080 100 19183 19460 38643 0.496415909738 20000 19817 0.968007266488 0.981985164253
0.080 1000 16647 19686 36333 0.458178515399 20000 19827 0.839612649417 0.992888485399
0.080 Off 18197 19629 37826 0.481071220853 20000 19794 0.919318985551 0.991664140649
0.0825 10 397388 94881 492269 0.807257820419 100000 92449 4.29845644626 1.02630639596
0.0825 10 82210 19200 101410 0.810669559215 20000 18552 4.43132815869 1.03492884864
0.0825 15 113729 38039 151768 0.749360866586 40000 37765 3.01149212234 1.00725539521
0.0825 46 41866 38672 80538 0.519829148973 40000 39417 1.06213055281 0.981099525585
0.0825 100 18988 19655 38643 0.491369717672 20000 19817 0.958167230156 0.991825200585
0.0825 1000 16479 19854 36333 0.453554619767 20000 19827 0.831139355424 1.00136177939
0.0825 Off 18019 19807 37826 0.476365462909 20000 19794 0.910326361524 1.00065676468
0.085 10 395729 96540 492269 0.8038877118 100000 92449 4.28051141711 1.04425142511
0.085 10 81865 19545 101410 0.807267527857 20000 18552 4.41273178094 1.05352522639
0.085 15 113184 38584 151768 0.745769859259 40000 37765 2.99706077055 1.02168674699
0.085 46 41595 38943 80538 0.516464277732 40000 39417 1.05525534668 0.987974731715
0.085 100 18859 19784 38643 0.488031467536 20000 19817 0.951657667659 0.998334763082
0.085 1000 16348 19985 36333 0.449949082102 20000 19827 0.824532203561 1.00796893126
0.085 Off 17912 19914 37826 0.473536720774 20000 19794 0.904920683035 1.00606244316
0.090 10 392255 100014 492269 0.796830594655 100000 92449 4.24293394196 1.08182890026
0.090 10 81167 20243 101410 0.800384577458 20000 18552 4.37510780509 1.09114920224
0.090 15 112093 39675 151768 0.738581255601 40000 37765 2.96817158745 1.05057593009
0.090 46 41116 39422 80538 0.51051677469 40000 39417 1.04310322957 1.00012684882
0.090 100 18643 20000 38643 0.482441839402 20000 19817 0.940757935106 1.00923449564
0.090 1000 16133 20200 36333 0.44403159662 20000 19827 0.813688404701 1.01881273012
0.090 Off 17706 20120 37826 0.468090731243 20000 19794 0.894513488936 1.01646963726
0.095 10 389205 103064 492269 0.790634795203 100000 92449 4.20994277926 1.11482006295
0.095 10 80558 20852 101410 0.794379252539 20000 18552 4.34228115567 1.12397585166
0.095 15 111170 40598 151768 0.73249960466 40000 37765 2.94373096783 1.07501654972
0.095 46 40618 39920 80538 0.504333358166 40000 39417 1.03046908694 1.01276099145
0.095 100 18417 20226 38643 0.476593432187 20000 19817 0.929353585306 1.02063884544
0.095 1000 15915 20418 36333 0.438031541574 20000 19827 0.802693297019 1.0298078378
0.095 Off 17504 20322 37826 0.462750489082 20000 19794 0.884308376276 1.02667474992
0.100 10 385927 106342 492269 0.783975834351 100000 92449 4.17448539195 1.15027745027
0.100 10 79900 21510 101410 0.787890740558 20000 18552 4.30681328159 1.15944372574
0.100 15 110118 41650 151768 0.725567972168 40000 37765 2.91587448696 1.10287303058
0.100 46 40103 40435 80538 0.497938861159 40000 39417 1.01740365832 1.02582642007
0.100 100 18176 20467 38643 0.470356856352 20000 19817 0.917192309633 1.03280012111
0.100 1000 15707 20626 36333 0.43230671841 20000 19827 0.792202552075 1.04029858274
0.100 Off 17277 20549 37826 0.456749325861 20000 19794 0.872840254623 1.03814287158
0.105 10 382685 109584 492269 0.777390004246 100000 92449 4.13941740852 1.1853454337
0.105 10 79256 22154 101410 0.781540282023 20000 18552 4.27210004312 1.19415696421
0.105 15 109062 42706 151768 0.718609983659 40000 37765 2.88791208791 1.13083542963
0.105 46 39653 40885 80538 0.492351436589 40000 39417 1.00598726438 1.03724281401
0.105 100 17967 20676 38643 0.464948373573 20000 19817 0.906645809154 1.04334662159
0.105 1000 15536 20797 36333 0.427600253213 20000 19827 0.783577949261 1.04892318556
0.105 Off 17062 20764 37826 0.451065404748 20000 19794 0.861978377286 1.04900474891
0.11 10 379832 112437 492269 0.771594392497 100000 92449 4.10855715043 1.21620569179
0.11 10 78692 22718 101410 0.775978700325 20000 18552 4.24169900819 1.22455799914
0.11 15 108145 43623 151768 0.712567866744 40000 37765 2.86363034556 1.15511717198
0.11 46 39142 41396 80538 0.486006605577 40000 39417 0.993023314813 1.05020676358
0.11 100 17742 20901 38643 0.459125844267 20000 19817 0.895291921078 1.05470050966
0.11 1000 15306 21027 36333 0.421269919908 20000 19827 0.771977606294 1.06052352852
0.11 Off 16842 20984 37826 0.445249299424 20000 19794 0.850863898151 1.06011922805
0.115 10 376541 115728 492269 0.764909023319 100000 92449 4.07295914504 1.25180369717
0.115 10 78011 23399 101410 0.769263386254 20000 18552 4.20499137559 1.26126563174
0.115 15 107143 44625 151768 0.705965684466 40000 37765 2.83709784192 1.18164967563
0.115 46 38664 41874 80538 0.480071519034 40000 39417 0.980896567471 1.06233351092
0.115 100 17525 21118 38643 0.453510338224 20000 19817 0.8843417268 1.06565070394
0.115 1000 15116 21217 36333 0.416040514133 20000 19827 0.762394714279 1.07010642054
0.115 Off 16626 21200 37826 0.439538941469 20000 19794 0.839951500455 1.07103162575
