3.4550e-06
4.8670e-13
3.6540e-12
4.6080e-05
4.6160e-14
1.3300e-12
1.3530e-14
2.8110e-11
2.5840e-12
1.5320e-12
2.9640e-12
1.3990e-12
1.1450e-06
1.3640e-14
1.4890e-09
3.9610e-11
1.5400e-11
6.5290e-04
1.9130e-13
4.3410e-13
1.6770e-12
3.6440e-13
5.7520e-07
2.0690e-14
9.6370e-05
7.1620e-15
8.0950e-14
4.5910e-07
1.7660e-12
1.5870e-11
8.2560e-12
4.1150e-14
3.3500e-13
5.4920e-11
1.2800e-11
2.3180e-12
1.3550e-05
1.1390e-06
2.0730e-07
1.1040e-07
1.8720e-11
1.1530e-06
6.4830e-06
2.1980e-12
3.2970e-14
2.4260e-05
2.7780e-06
3.7210e-12
1.1490e-06
4.4720e-09
1.1460e-06
8.0260e-14
4.4640e-13
6.3440e-08
3.0350e-14
1.2080e-11
1.9310e-12
5.8440e-04
2.7330e-08
2.2790e-13
9.5680e-10
2.4780e-14
1.6110e-12
1.9400e-12
6.8690e-05
9.6630e-15
3.7530e-07
2.4960e-12
1.0800e-12
4.1880e-12
3.9340e-14
5.5580e-12
4.8540e-06
4.3200e-14
1.0660e-13
1.2430e-12
1.4360e-13
3.1180e-04
5.2010e-08
3.8340e-05
1.7790e-13
1.1490e-06
1.1510e-06
1.4750e-12
1.1520e-06
5.4810e-06
6.9070e-08
2.4940e-12
5.3130e-06
6.8210e-14
3.7300e-10
6.4140e-06
1.8080e-06
1.8790e-13
4.4680e-13
1.1740e-11
4.4830e-11
1.1450e-06
1.3580e-11
6.6230e-09
3.1960e-13
3.7130e-11
2.0530e-05
5.5180e-09
1.1430e-06
1.7170e-14
2.1540e-08
1.2470e-13
8.9200e-13
9.1940e-05
1.1550e-06
8.2470e-12
3.6490e-14
7.9600e-09
7.1560e-06
2.2560e-05
5.7230e-13
4.4680e-14
4.5770e-08
1.3990e-13
7.1300e-11
1.1260e-04
8.1040e-04
1.0850e-11
2.6600e-14
6.0270e-13
1.8190e-15
1.2370e-11
9.5780e-05
5.9780e-11
7.4490e-09
3.1490e-14
1.7170e-14
1.9520e-12
3.8810e-11
1.8390e-12
1.8050e-05
1.3310e-11
4.6690e-13
7.2360e-11
1.6310e-05
5.1950e-14
2.7010e-08
2.0350e-13
2.1560e-11
1.4770e-09
1.2480e-12
2.7280e-15
1.0340e-12
4.1840e-14
5.7060e-07
6.9550e-08
2.3340e-11
1.0230e-13
3.2990e-11
1.5310e-05
1.0420e-05
1.9090e-13
2.0410e-06
4.0250e-14
8.8320e-05
2.1230e-13
3.4660e-05
4.4570e-14
1.0090e-12
5.5530e-10
1.3090e-04
2.1370e-14
1.9540e-06
7.2520e-13
5.4350e-13
3.0700e-13
9.2000e-06
4.2560e-11
9.5060e-08
1.1030e-12
3.3250e-11
1.1310e-12
8.0350e-13
2.9010e-13
2.2710e-05
1.2510e-14
1.1350e-11
1.2280e-14
5.9970e-13
2.6100e-06
8.6120e-10
3.5870e-13
5.2980e-14
2.0690e-14
6.5340e-06
1.9210e-14
6.1670e-08
1.7010e-12
9.8390e-10
6.7770e-12
5.6960e-08
2.7130e-07
4.0960e-13
5.3350e-13
6.1950e-12
5.2570e-13
8.1220e-05
3.5700e-13
2.0530e-08
1.0000e-12
1.4940e-13
6.3820e-05
2.8450e-04
5.8030e-06
2.9750e-05
6.3820e-10
6.6230e-13
6.4830e-09
1.6190e-06
1.8670e-10
1.6390e-12
1.1510e-06
4.5390e-12
1.9900e-08
2.7820e-05
9.2990e-05
1.1810e-05
1.5930e-05
3.7740e-14
4.0800e-05
1.6970e-13
3.4040e-08
5.7880e-07
3.6440e-13
1.8910e-12
1.0250e-12
3.9340e-13
5.4680e-14
2.4560e-14
1.7010e-13
4.8760e-13
1.0470e-09
4.5820e-14
4.3370e-13
9.2260e-13
4.3460e-07
3.5730e-07
6.2310e-06
1.7390e-12
6.1160e-14
9.3220e-15
1.0280e-12
2.2870e-07
3.8480e-13
9.4360e-11
5.0020e-14
6.3550e-14
1.4820e-13
1.2090e-08
3.5910e-13
1.9260e-13
2.2860e-05
1.6260e-14
6.8560e-06
1.1030e-14
2.4740e-13
8.3360e-05
1.7660e-12
3.0000e-13
2.9560e-12
3.5140e-09
1.0910e-09
3.9920e-11
2.2450e-11
9.6490e-13
3.1750e-13
4.2740e-06
7.6530e-06
2.8160e-11
1.1040e-11
7.8770e-13
7.8220e-14
3.4690e-08
2.5450e-08
5.5550e-09
4.4430e-13
2.9900e-14
1.0540e-13
6.6540e-13
3.3590e-08
1.0330e-13
1.0740e-13
1.2260e-13
3.1210e-05
1.8640e-14
7.5330e-13
8.0380e-14
1.1270e-13
1.0680e-04
3.5910e-13
2.8650e-14
6.5940e-15
1.3450e-08
1.4940e-13
1.5880e-05
2.5810e-09
4.0470e-14
1.7790e-13
1.4540e-12
4.8300e-06
1.6270e-12
1.1510e-06
5.2370e-09
4.4050e-06
5.6050e-10
2.3530e-14
9.3340e-13
3.6240e-13
5.8830e-13
1.0110e-13
2.2070e-13
8.6180e-12
1.0910e-14
2.1480e-13
5.9110e-11
6.4120e-14
4.3840e-06
1.0630e-13
1.1590e-06
1.5920e-15
4.5930e-14
2.2890e-05
5.6710e-08
1.3720e-11
1.2790e-12
5.9000e-14
9.3910e-14
3.0840e-13
8.7370e-12
6.5090e-12
1.6140e-12
1.4060e-13
1.3220e-09
4.8890e-15
1.5800e-14
6.0470e-13
4.0640e-13
6.3980e-13
4.4420e-06
2.2720e-05
8.3300e-12
7.1660e-11
3.4620e-04
1.1180e-12
1.6390e-05
8.5270e-15
3.1180e-04
3.2680e-04
1.3090e-12
1.1470e-06
8.2990e-15
1.8190e-15
5.2640e-13
2.5250e-09
6.2100e-13
1.5370e-12
4.8880e-06
3.7730e-12
3.1640e-13
1.2940e-13
5.0150e-12
2.3350e-04
4.9580e-13
1.1160e-11
1.6810e-12
6.2900e-13
1.8190e-14
1.5790e-12
1.0270e-04
7.2190e-14
2.4330e-14
8.4350e-06
1.9330e-15
1.1460e-06
1.1560e-06
3.9680e-06
1.4860e-08
4.4780e-12
3.4620e-07
1.1580e-06
1.1510e-06
7.7660e-08
2.8800e-05
7.1650e-06
1.2210e-13
8.1300e-12
5.0580e-12
1.2120e-11
4.1240e-12
1.3390e-13
1.0470e-12
1.1330e-12
1.5460e-14
1.2450e-10
4.5430e-11
3.0530e-09
4.2030e-13
2.7180e-09
2.3990e-14
7.7910e-11
1.1250e-12
6.3140e-13
3.8390e-07
5.2140e-13
2.5520e-04
1.1510e-12
9.4360e-15
1.2510e-15
1.1540e-06
1.3570e-03
4.4890e-06
8.9590e-06
3.0900e-07
9.9720e-07
9.2610e-05
2.2740e-05
1.9580e-12
3.9110e-14
6.7790e-08
3.8010e-09
2.5450e-05
9.8200e-06
4.2940e-07
2.4750e-12
1.7950e-05
1.1540e-06
1.9890e-10
6.4250e-11
5.7490e-07
1.8790e-12
3.6540e-12
1.6370e-05
3.4110e-14
2.7280e-15
1.2740e-12
1.3710e-06
1.8080e-14
4.4520e-12
1.8210e-04
5.6550e-08
1.8570e-09
1.0960e-12
1.4170e-05
1.0640e-08
6.7130e-10
4.7750e-15
2.4560e-14
6.1500e-14
7.5940e-13
1.0060e-10
1.3180e-12
1.9330e-15
8.4130e-15
9.6520e-14
1.1660e-13
4.9110e-14
1.2400e-12
3.3370e-04
6.8580e-08
4.5460e-04
9.1930e-04
4.0540e-07
9.8100e-11
4.6660e-13
1.5800e-14
5.3740e-13
3.1740e-12
1.6360e-12
1.5320e-12
4.4210e-06
8.2990e-14
2.7720e-10
1.1490e-06
6.0300e-13
2.1470e-12
1.0210e-12
5.7870e-11
6.3090e-06
1.5090e-12
1.6970e-13
3.1070e-04
1.2160e-14
5.3980e-13
9.5710e-12
4.2450e-12
7.2990e-14
8.1220e-10
1.7650e-12
3.1720e-11
2.0060e-09
3.2750e-05
9.3340e-14
3.5120e-09
1.5670e-09
5.2520e-14
4.5280e-06
4.9000e-14
3.8780e-09
4.6610e-15
1.1420e-06
5.2520e-08
9.3220e-14
3.0490e-12
2.1710e-12
1.7220e-13
5.6370e-11
7.5140e-09
2.8250e-12
1.4650e-08
3.0270e-11
4.1220e-05
2.0240e-14
1.9650e-13
2.0050e-12
7.7760e-14
1.1230e-13
1.7800e-12
1.9610e-13
7.8690e-06
1.1250e-14
2.2160e-11
2.6430e-06
3.2860e-12
1.6770e-13
4.3120e-12
2.7960e-04
2.0170e-06
9.9970e-08
5.4570e-15
2.6010e-06
7.2400e-13
5.9120e-15
8.3670e-13
3.9180e-13
8.6320e-13
5.8450e-11
2.0220e-06
4.3620e-06
4.3090e-14
1.8080e-14
1.3950e-10
4.1050e-07
5.7890e-06
3.9900e-14
3.7570e-08
6.6510e-13
2.3750e-12
7.9560e-13
3.3490e-06
1.1520e-06
1.1610e-12
7.4320e-05
4.4230e-06
9.2090e-14
6.0460e-10
5.7470e-12
3.1700e-11
2.3000e-05
3.0670e-12
3.8460e-13
6.4010e-09
2.2220e-09
5.1390e-14
1.2730e-14
9.2110e-13
1.0970e-13
8.0000e-13
1.4830e-11
1.4950e-07
1.5030e-13
1.4310e-12
1.3290e-08
1.1510e-06
2.0770e-08
4.4880e-05
9.1400e-13
1.5710e-13
7.6350e-08
1.1440e-06
3.0810e-08
4.4320e-06
5.7980e-07
7.6340e-06
4.9140e-05
9.6780e-13
4.2420e-13
1.2190e-13
3.8200e-11
9.2830e-05
4.2620e-13
2.4500e-05
2.3240e-07
2.3250e-13
2.2740e-14
5.8990e-13
1.1520e-06
9.9820e-06
1.4190e-13
4.1230e-10
1.1340e-12
2.3200e-07
6.3000e-06
7.3190e-06
1.4110e-13
2.6620e-06
2.5220e-10
1.0300e-13
1.8310e-09
1.6620e-12
7.8100e-14
1.4620e-04
4.8370e-07
1.9490e-13
1.1580e-06
1.4980e-09
6.3980e-11
1.1500e-06
7.4500e-05
6.9980e-12
3.6700e-12
4.5360e-14
4.0470e-13
6.7600e-13
6.7190e-14
3.6660e-09
2.3830e-11
2.0790e-12
1.0000e-09
4.7380e-13
5.2940e-13
4.6700e-10
1.1910e-10
9.3280e-10
8.0670e-12
1.3870e-14
1.1510e-12
3.8990e-14
1.1540e-06
4.5180e-07
1.3070e-05
1.6050e-05
2.0820e-12
3.9790e-14
3.5170e-13
1.2620e-14
1.9510e-13
1.6430e-10
6.9890e-13
2.4490e-05
6.5130e-13
1.0080e-06
1.4890e-14
2.2280e-14
4.5760e-07
1.1420e-12
1.1510e-06
1.5420e-13
4.0100e-13
2.4720e-13
2.1140e-08
2.0660e-12
1.4050e-13
3.2970e-14
1.1310e-12
1.5840e-13
2.5570e-13
8.0630e-07
3.8860e-12
3.6220e-13
3.8020e-12
1.1350e-06
5.4790e-13
8.1850e-15
1.4560e-13
1.4600e-08
2.2620e-14
1.1480e-06
6.0530e-13
1.4570e-06
3.1140e-11
2.5360e-13
1.7710e-09
1.7060e-13
1.5280e-10
2.9910e-09
5.4550e-06
3.2840e-08
2.5850e-12
3.4100e-11
5.5140e-12
9.7410e-12
9.4510e-08
4.1720e-14
6.1160e-10
3.9680e-14
6.8510e-06
6.3800e-13
4.3580e-13
2.5800e-13
2.1760e-12
2.6780e-04
6.5450e-10
6.8550e-14
1.1010e-04
2.7060e-14
1.3670e-11
1.6970e-13
1.1580e-06
1.1500e-06
6.8560e-13
6.3050e-09
3.4950e-06
3.8540e-14
2.6240e-13
5.3210e-14
1.2230e-12
2.6590e-13
5.3240e-11
1.1930e-12
3.6830e-14
2.6490e-12
1.2390e-14
2.8540e-14
1.6490e-12
9.1920e-13
3.9830e-11
3.3510e-13
2.4450e-11
1.4210e-14
1.7670e-13
8.5490e-14
4.6840e-13
1.8990e-14
2.8150e-13
1.9750e-13
6.4600e-05
2.5850e-13
4.8660e-06
2.6790e-06
1.8520e-12
2.1910e-04
1.5510e-05
3.2260e-07
1.4550e-11
2.7090e-08
3.2800e-11
1.3640e-14
2.1460e-05
1.0320e-07
2.8190e-13
4.9520e-13
2.5520e-13
5.9730e-12
2.3200e-04
1.5190e-10
1.1720e-10
2.2880e-08
2.6850e-05
2.6630e-13
3.7430e-13
4.3880e-14
3.6380e-15
3.2060e-14
2.3520e-05
2.1490e-08
5.1950e-06
4.8730e-06
4.9680e-14
6.4570e-14
5.5360e-08
1.9670e-14
3.5930e-14
3.5810e-06
2.7840e-13
3.5040e-12
1.6410e-12
1.5520e-13
6.1500e-05
6.5370e-14
3.5720e-06
8.1280e-07
1.4230e-12
1.9670e-14
2.8400e-08
1.0690e-13
4.1960e-09
5.6000e-05
6.4120e-14
1.2230e-10
1.4440e-14
8.8180e-12
1.7360e-13
1.9330e-15
1.3890e-12
8.2960e-13
1.1940e-12
2.8100e-13
4.5070e-08
2.3140e-05
1.1490e-06
9.3220e-14
4.4570e-06
1.1070e-05
1.1460e-04
6.7380e-13
3.9100e-07
4.7130e-05
1.3320e-05
1.3200e-12
1.2850e-14
5.7640e-14
1.3330e-05
5.2170e-09
1.6710e-06
1.1460e-06
2.0490e-07
1.5410e-04
1.1260e-05
8.4660e-13
1.2150e-08
7.9700e-07
2.0690e-14
1.1580e-06
1.1240e-07
1.1510e-06
1.6230e-13
7.9110e-12
5.4570e-15
3.8170e-11
6.3850e-04
3.2190e-09
3.1670e-11
1.1770e-08
3.0880e-08
1.6110e-05
1.7610e-12
9.7470e-12
1.1350e-09
2.1760e-11
4.0930e-15
5.0020e-13
6.9630e-10
1.1500e-06
1.0010e-06
3.3080e-13
4.8210e-11
7.7350e-11
1.2760e-12
2.6510e-06
3.4120e-13
4.4410e-06
5.5300e-12
4.0690e-12
4.3450e-09
2.2410e-04
5.9340e-14
8.1850e-15
1.5790e-10
1.3740e-09
5.1700e-12
4.1830e-12
4.8960e-10
1.8660e-11
9.8790e-14
1.1410e-06
4.6850e-13
2.8620e-12
1.8960e-13
6.6470e-09
1.6060e-13
1.4500e-13
1.0470e-09
2.1470e-11
2.7340e-08
7.2760e-15
3.6000e-13
1.1420e-04
1.5740e-05
8.4010e-14
5.3670e-06
9.8830e-13
1.0940e-05
1.0840e-10
1.9060e-04
2.6480e-13
1.1500e-06
4.9010e-06
2.0690e-14
9.3910e-12
1.9120e-07
1.1600e-06
1.1580e-06
2.0600e-12
1.5480e-12
1.0220e-11
1.3810e-04
1.0360e-10
1.8160e-12
1.4110e-12
1.4200e-05
4.6050e-13
2.6100e-13
2.8880e-05
1.3040e-13
1.0450e-11
1.4440e-08
3.3950e-05
1.0000e-10
2.7140e-13
2.4250e-12
1.0420e-12
3.9900e-14
1.0230e-15
1.3610e-06
3.2840e-13
4.4370e-11
3.3080e-04
2.3520e-10
5.8460e-11
2.4240e-04
1.2390e-12
8.0850e-07
9.1510e-13
1.7000e-10
3.4530e-05
6.4390e-06
7.5470e-09
3.4270e-05
3.3890e-11
5.9090e-13
1.8570e-04
1.9560e-05
2.4260e-13
6.4490e-13
3.5910e-08
9.8010e-10
3.0810e-14
2.2920e-07
9.2070e-09
9.8010e-13
2.9140e-13
1.1340e-06
1.6580e-08
1.0900e-12
2.2880e-09
1.8820e-07
5.6060e-07
4.2520e-14
1.6570e-12
2.3300e-04
5.5370e-14
2.3760e-08
7.3660e-13
9.2310e-14
5.8850e-07
1.9190e-04
4.6380e-14
4.1730e-13
1.8860e-08
5.6210e-13
2.6750e-05
1.1190e-13
7.3480e-04
1.1850e-12
1.5500e-05
6.7480e-13
1.9100e-14
1.1820e-14
1.3980e-14
1.2210e-04
4.9960e-12
2.3570e-12
1.6370e-14
1.8350e-04
2.4620e-13
5.3840e-06
1.5690e-14
5.6960e-14
8.1770e-07
9.8530e-13
1.8250e-10
8.0720e-15
2.1760e-08
2.1710e-14
6.8230e-13
1.7390e-14
3.5110e-13
1.1540e-08
2.0690e-12
1.2170e-09
1.1230e-13
2.3060e-05
8.6030e-12
3.9200e-08
2.3970e-05
3.8780e-06
2.1990e-06
7.2260e-13
1.7330e-04
1.5740e-09
1.4780e-15
1.1110e-05
1.1510e-06
1.2600e-05
1.6100e-08
7.4010e-14
1.0990e-09
9.1150e-13
1.3220e-12
2.7630e-14
6.3660e-14
9.2770e-14
1.0760e-05
4.7090e-13
2.1830e-14
2.0030e-10
6.7850e-11
2.7570e-12
3.2130e-12
3.6880e-13
2.5500e-10
7.2650e-14
3.6950e-12
1.0320e-13
1.8300e-12
9.6250e-11
4.7410e-14
2.5490e-09
1.0710e-13
2.3200e-12
5.9650e-12
1.5390e-13
2.1140e-12
1.1800e-10
1.5920e-15
4.2490e-11
9.6910e-05
4.9910e-09
1.0910e-11
2.0500e-12
4.2350e-05
9.4110e-08
3.3350e-04
5.2270e-11
1.3260e-10
3.6840e-12
1.3560e-05
3.0950e-13
5.6330e-13
5.8340e-07
6.9150e-12
3.4090e-13
1.8840e-09
5.2640e-14
2.2870e-07
3.1280e-12
9.2070e-06
3.4280e-13
1.0850e-05
1.5920e-15
2.3560e-04
9.0370e-12
7.6140e-13
4.8230e-13
1.4100e-11
5.2610e-08
3.6550e-05
2.9100e-13
3.8790e-13
2.3870e-06
8.2310e-13
2.1110e-13
6.1160e-14
1.1480e-06
2.3770e-07
1.5360e-05
1.3490e-12
2.0990e-12
3.1780e-05
4.2060e-14
4.7930e-12
2.7210e-09
5.6050e-14
1.1620e-06
1.4650e-13
2.0410e-11
8.8570e-13
1.4070e-13
4.4540e-11
7.3330e-14
1.1420e-06
2.7050e-13
1.2590e-12
8.5590e-11
3.8820e-13
8.2990e-15
9.2410e-06
6.6710e-12
2.3870e-14
9.3790e-05
2.6070e-13
4.2120e-13
1.1900e-12
2.3070e-11
6.9510e-13
7.3120e-04
3.4140e-05
5.6890e-04
6.9290e-11
2.2830e-10
3.4070e-13
1.9130e-08
2.9770e-13
2.2560e-11
5.7530e-07
4.1840e-14
1.8760e-14
1.1510e-06
1.8770e-13
9.9250e-13
6.0250e-15
1.1630e-13
1.1510e-06
4.5480e-12
7.8010e-10
1.1230e-13
2.5240e-09
9.3050e-09
2.9400e-13
6.9350e-15
9.6630e-15
1.0070e-13
1.0050e-05
5.3500e-07
1.1790e-13
2.0010e-13
1.7050e-15
2.0170e-10
7.4630e-09
1.0680e-12
2.4300e-09
2.9420e-07
1.1590e-06
6.0930e-08
2.5940e-11
6.5940e-15
1.0720e-10
2.2910e-13
7.8180e-10
2.0550e-13
2.7890e-13
2.6740e-12
1.6080e-04
2.5010e-08
2.6730e-09
4.6370e-13
1.9170e-09
5.9310e-05
2.8390e-13
1.3500e-12
3.6070e-08
9.0740e-13
1.0630e-10
5.1030e-13
2.4010e-11
1.0530e-07
4.0840e-13
7.1870e-06
1.1520e-06
1.6750e-13
3.8790e-06
7.0650e-12
3.0190e-07
4.7440e-11
5.7710e-06
1.3560e-12
2.0830e-05
6.2860e-08
3.6770e-05
1.1440e-06
1.1410e-06
1.0680e-11
5.4870e-05
6.0640e-13
2.7570e-12
7.9600e-13
7.6950e-06
1.9670e-14
2.0660e-06
1.6000e-12
2.5490e-13
4.7400e-05
5.4980e-13
9.3720e-12
8.0640e-05
8.5950e-14
1.5290e-05
6.4550e-06
3.1790e-05
2.2140e-07
9.9490e-07
2.2950e-12
3.4750e-12
1.9560e-12
2.9100e-14
9.2810e-05
1.1590e-06
3.5240e-14
8.7770e-14
5.1500e-14
9.0610e-14
7.8560e-13
1.3950e-05
8.8540e-11
1.1610e-13
1.1470e-13
4.6950e-14
6.8440e-05
1.4530e-09
1.4390e-13
1.3290e-13
3.4940e-13
1.0940e-13
5.2700e-12
6.2060e-13
2.0460e-12
3.8400e-05
1.1370e-15
1.2050e-13
5.3660e-14
5.2780e-13
8.6210e-13
2.3330e-13
3.9680e-09
4.4820e-05
6.4480e-09
5.9450e-11
4.0960e-12
2.0110e-13
1.9440e-14
3.8210e-04
2.8480e-13
1.0420e-08
4.4930e-06
1.7540e-09
3.5120e-10
1.6290e-05
2.6780e-06
3.6230e-11
8.1600e-09
1.1740e-12
3.0840e-13
4.7400e-13
1.3980e-14
8.2980e-11
1.0200e-07
8.0450e-09
1.6780e-07
8.5130e-09
2.2330e-13
1.6260e-11
3.4560e-14
5.7170e-13
1.7960e-14
4.4270e-06
4.8370e-13
2.6440e-11
5.3430e-14
2.5100e-11
2.4350e-13
1.9220e-13
2.5690e-10
7.0030e-14
3.8790e-13
1.4140e-12
1.0510e-12
8.8900e-14
2.3780e-12
8.8770e-09
6.7710e-06
6.9740e-13
3.5020e-14
5.2350e-05
7.6350e-05
4.5070e-13
2.2740e-15
9.0670e-13
1.2560e-07
1.0320e-04
1.0800e-12
6.3040e-13
9.4360e-15
3.0090e-13
9.2090e-15
1.0300e-13
2.6240e-13
4.7240e-04
1.7050e-14
4.0050e-04
9.3010e-13
3.7740e-14
6.7940e-13
4.5430e-13
1.4830e-10
4.3440e-09
4.1770e-10
5.4230e-14
4.3680e-09
3.5320e-13
2.7970e-13
7.4620e-12
6.3990e-10
5.2400e-13
4.8770e-14
2.9440e-14
2.9210e-13
1.4430e-08
3.8430e-14
1.8030e-13
2.5740e-13
8.0420e-07
2.5230e-13
4.7020e-05
7.9800e-07
1.5090e-13
1.0120e-14
1.9190e-12
1.1080e-13
3.1300e-13
6.7330e-10
9.0620e-12
2.1580e-07
2.7830e-08
1.0880e-13
1.5550e-08
4.3210e-12
4.2520e-14
3.8330e-11
5.3220e-12
5.5710e-15
6.2720e-13
8.5270e-14
6.6850e-14
1.0120e-14
1.2940e-08
2.5920e-14
5.1160e-15
1.6600e-14
2.0950e-09
1.3120e-13
5.3430e-15
6.0840e-09
1.6570e-04
1.6270e-13
7.8560e-14
6.6350e-13
1.1460e-06
3.2190e-05
4.1840e-14
7.7320e-06
4.0080e-11
1.7210e-11
3.2860e-14
1.7060e-13
4.4910e-14
9.9910e-06
7.7800e-13
1.1030e-13
2.2950e-12
1.1640e-06
3.7180e-14
2.2120e-11
2.1380e-11
1.2050e-14
7.7660e-10
5.8620e-07
9.9540e-10
1.7440e-13
4.9830e-12
5.2170e-05
1.6710e-14
1.4050e-04
3.4670e-05
8.0520e-13
3.3130e-13
1.0280e-10
1.3640e-14
1.0440e-13
6.2640e-14
1.1390e-06
1.9750e-13
5.9120e-15
1.0000e-14
3.5260e-07
1.4780e-15
2.5360e-12
1.5120e-05
6.7030e-10
3.6520e-11
3.2170e-13
1.7760e-10
8.3130e-11
5.6370e-07
3.9430e-06
4.2220e-13
4.4430e-13
1.2760e-07
1.0810e-13
5.2640e-14
2.2660e-05
5.6840e-15
1.5560e-08
1.9450e-12
3.7540e-05
9.0950e-15
1.1960e-11
2.9640e-12
9.2980e-05
7.1470e-09
6.1210e-13
1.4750e-12
1.1360e-06
1.3200e-07
5.1050e-12
7.1550e-05
1.3370e-13
9.3220e-15
1.8230e-05
3.1170e-12
3.9460e-09
6.0710e-13
5.7750e-12
2.2360e-13
3.6120e-09
8.0440e-07
2.0960e-12
8.9210e-05
8.7770e-14
8.2740e-12
1.0390e-13
1.8580e-13
2.5160e-05
4.4070e-06
6.4450e-07
3.0560e-13
5.5480e-05
1.1580e-06
1.6730e-09
1.1440e-06
5.2660e-05
2.3480e-13
4.3550e-06
4.4610e-06
1.5000e-10
5.2070e-14
4.7150e-09
5.7670e-13
3.0130e-13
1.2470e-13
1.4440e-05
6.3770e-09
3.2060e-14
3.3720e-06
2.0400e-12
6.0200e-13
6.9920e-13
9.2650e-13
7.0710e-14
6.7530e-12
2.3550e-08
7.8030e-13
1.2390e-14
9.5630e-09
9.0610e-11
1.1330e-04
1.1340e-06
3.9680e-14
4.8950e-05
7.6320e-13
9.3340e-14
4.9480e-11
1.0410e-04
1.0480e-12
7.1280e-14
6.4740e-13
3.8660e-06
1.1880e-11
6.5940e-15
2.5470e-13
4.8320e-14
3.4030e-13
3.6450e-09
9.9040e-06
4.5350e-12
1.5830e-13
6.9030e-12
3.5810e-14
1.2300e-11
2.9430e-12
4.7230e-13
1.4160e-12
2.7600e-13
8.0600e-07
5.1780e-09
1.1090e-11
6.3660e-15
1.1270e-12
1.1490e-12
1.4760e-13
1.0690e-04
1.7940e-13
9.2890e-13
1.8440e-10
1.8340e-08
5.5790e-09
7.4960e-09
1.4630e-13
2.5260e-13
8.3220e-14
3.3720e-12
3.0170e-09
7.2760e-05
1.8300e-14
6.3780e-14
3.1460e-05
7.8250e-06
3.3750e-05
1.7520e-13
1.2870e-13
3.2120e-13
3.4690e-08
1.6130e-09
1.1360e-06
5.6270e-14
9.8490e-06
2.7690e-09
1.0700e-05
2.0190e-06
3.5870e-11
3.7990e-12
6.9360e-13
1.1710e-06
1.9670e-14
1.8010e-06
1.1300e-11
3.6800e-12
1.3870e-11
2.6310e-06
1.2050e-13
6.3490e-08
1.7870e-13
3.2440e-12
3.7190e-13
4.0130e-14
1.3210e-12
6.8670e-14
2.0080e-13
1.2860e-08
2.1590e-13
4.8610e-13
3.5240e-14
1.2050e-14
6.8380e-13
1.2590e-11
5.7870e-13
1.1630e-06
7.5060e-12
1.1220e-13
9.9320e-07
9.1310e-13
6.3780e-14
2.7760e-12
1.1390e-06
2.8420e-15
1.1450e-13
2.6150e-14
7.3360e-13
6.2810e-13
1.3210e-13
3.0080e-12
1.5440e-09
2.9570e-13
1.3300e-14
4.5500e-04
4.3840e-13
3.9450e-14
7.2870e-14
1.7140e-05
2.1970e-07
1.1050e-12
3.4130e-04
1.1110e-06
1.9100e-14
4.1410e-08
3.9810e-12
1.0370e-11
2.9440e-14
2.0920e-14
7.4940e-12
3.6380e-15
5.8780e-14
1.5390e-09
4.7680e-12
1.1040e-11
2.1060e-05
7.2440e-13
2.6860e-06
1.5640e-05
8.5040e-14
1.5580e-14
8.9810e-14
1.2970e-04
1.0660e-13
2.1440e-13
1.0280e-13
4.2970e-14
7.2000e-13
6.7110e-11
1.8750e-12
1.7220e-12
7.2320e-13
3.5420e-12
1.9440e-04
1.2590e-13
1.1250e-14
3.7520e-15
1.8190e-15
1.4390e-13
4.9030e-11
1.1100e-06
1.1630e-06
1.4430e-13
5.3430e-15
3.8500e-09
8.6360e-13
2.4500e-09
1.8210e-13
2.0760e-06
6.4880e-04
5.9230e-14
4.4710e-06
3.9790e-15
9.0780e-08
6.7460e-10
4.4230e-08
7.8600e-13
1.8080e-12
4.8260e-05
2.2280e-13
3.6280e-07
2.6450e-12
7.3920e-05
3.2840e-12
1.1410e-06
2.1690e-10
7.7800e-06
1.1470e-06
3.6010e-11
9.4360e-15
2.8060e-10
4.1010e-10
5.9610e-05
1.1600e-14
1.4050e-13
3.5390e-05
4.1800e-11
2.2790e-05
6.1500e-07
3.2110e-07
1.6820e-04
7.4720e-06
6.1440e-13
1.6770e-12
2.3380e-12
2.6530e-13
7.8340e-09
9.5430e-05
2.5250e-13
2.9130e-13
2.3260e-12
1.9250e-10
7.0530e-13
2.8820e-07
4.3420e-13
3.9770e-12
2.8800e-13
2.2620e-13
7.6620e-14
1.0680e-13
2.8860e-08
6.7860e-13
4.6160e-05
1.0460e-13
7.1100e-06
1.2320e-09
1.2950e-13
2.5940e-06
5.1390e-14
5.1450e-12
1.3870e-08
6.1390e-15
2.4220e-08
3.1240e-07
6.3870e-13
2.1600e-13
1.9350e-12
3.9360e-13
3.7310e-09
1.3800e-11
4.4860e-06
9.1190e-06
1.2590e-13
4.8140e-06
2.0540e-08
1.1430e-06
1.1370e-15
7.2650e-10
1.5720e-13
9.5350e-12
9.1400e-14
7.3590e-12
9.9810e-10
1.2600e-09
7.2530e-14
5.7980e-14
1.6250e-13
9.2900e-13
5.5390e-05
8.2990e-14
3.0850e-13
7.3130e-13
6.8210e-15
4.7690e-06
7.7530e-06
1.9390e-12
8.1540e-13
3.2170e-14
6.7260e-04
1.7340e-04
7.6070e-12
2.6620e-05
1.1530e-06
7.0490e-15
7.5290e-12
5.6530e-05
1.7950e-04
3.9190e-06
2.5520e-13
1.5970e-05
1.1480e-06
1.3910e-05
7.9090e-12
2.6070e-11
3.8240e-13
3.2330e-08
3.4620e-05
1.9810e-11
4.7940e-12
1.3650e-04
1.9440e-14
2.0470e-13
1.1420e-06
1.0150e-11
7.6400e-14
2.4250e-11
7.5030e-08
5.4420e-08
1.9130e-12
2.9470e-06
1.5920e-11
3.3920e-05
3.7640e-13
4.6050e-11
1.1000e-06
3.6810e-05
3.1740e-10
3.7890e-04
1.3260e-08
4.7280e-06
7.2210e-10
1.5920e-13
1.1980e-10
3.5080e-13
1.9800e-10
1.0730e-05
1.0190e-08
7.7630e-04
1.4020e-04
1.0860e-04
1.4580e-12
6.5370e-14
1.6180e-09
3.5210e-13
2.0460e-14
3.0930e-13
1.6290e-07
4.1300e-13
1.1510e-06
4.0810e-14
2.9210e-08
1.3080e-12
1.8030e-07
2.0460e-15
7.0450e-06
4.8980e-13
7.7190e-14
2.6040e-10
9.0250e-06
1.3010e-04
3.6900e-07
1.5530e-09
5.5710e-15
1.3230e-11
2.5500e-12
8.0540e-05
1.1570e-13
2.2500e-04
6.3780e-14
2.3000e-11
4.4140e-11
1.1640e-13
1.3700e-12
1.5800e-14
1.1560e-06
1.2760e-13
2.4720e-04
8.4280e-13
1.2590e-12
1.1370e-06
8.8130e-13
1.1530e-06
2.0020e-12
8.9950e-05
3.2570e-04
4.6290e-13
4.0430e-12
4.8670e-05
2.9760e-13
1.6270e-05
6.5950e-10
5.2640e-11
1.1640e-07
1.0190e-12
3.4970e-04
3.0660e-05
3.4550e-05
7.3230e-12
1.8540e-12
1.1450e-06
8.3340e-10
1.5520e-13
3.5820e-04
2.3760e-14
5.6960e-14
1.0970e-10
6.3580e-05
1.3120e-11
1.1410e-06
8.6120e-11
8.6030e-13
7.1910e-12
4.1500e-13
5.0970e-10
1.7630e-13
7.1280e-14
5.4010e-10
2.2100e-12
1.2350e-09
8.3140e-13
7.4030e-13
1.7050e-14
1.6760e-09
6.4960e-12
5.4480e-06
1.1220e-11
1.8430e-12
1.9860e-13
2.3710e-04
4.8330e-05
1.1420e-06
2.3760e-13
2.7830e-07
4.5590e-14
1.3710e-11
2.8760e-14
2.4340e-12
1.6090e-09
9.1860e-14
6.4990e-07
8.1190e-05
1.1640e-09
2.7770e-04
6.2620e-05
6.1790e-12
2.3740e-10
1.6000e-05
3.0130e-13
1.7820e-12
9.4340e-13
3.1150e-14
2.2500e-12
6.6040e-13
2.3870e-15
3.2850e-07
4.1800e-13
5.6560e-13
9.1310e-06
5.1800e-05
4.0020e-14
6.4830e-07
4.5020e-14
4.8450e-12
1.3060e-05
1.1470e-06
8.6130e-13
8.4930e-12
3.3830e-11
1.1360e-06
2.0250e-10
5.2200e-05
3.4900e-14
3.9510e-05
1.0510e-11
1.3380e-12
5.9380e-12
2.0290e-12
1.1450e-06
1.1430e-06
5.2760e-13
4.0590e-14
1.3640e-15
1.6830e-09
1.9220e-04
6.1100e-08
1.2520e-07
2.3280e-13
3.0100e-11
2.3000e-05
1.2450e-07
1.0310e-11
4.4370e-06
8.4130e-15
3.7340e-07
5.6730e-14
2.0290e-04
1.4200e-04
3.0330e-09
2.1570e-05
1.0060e-13
4.8290e-12
5.9320e-13
1.1480e-06
6.0340e-13
5.3750e-06
2.0370e-06
1.6120e-12
5.7540e-06
1.1420e-09
5.0050e-04
1.5710e-12
3.4120e-05
9.0510e-13
1.2160e-09
8.1160e-05
3.3880e-14
2.3260e-06
2.9190e-12
8.2870e-13
2.9680e-12
1.5000e-12
1.0830e-06
2.5390e-12
5.7950e-07
1.4670e-13
1.1400e-06
1.2270e-13
1.1450e-06
8.1010e-08
2.7460e-05
1.1570e-06
1.0910e-14
9.0840e-14
1.3070e-05
5.9260e-05
1.5230e-12
4.9400e-11
1.1320e-06
1.0680e-13
1.1620e-06
2.0290e-11
1.7110e-09
1.0910e-13
4.5020e-13
5.0550e-10
5.5250e-14
6.0050e-13
1.0070e-11
4.9020e-06
6.1870e-13
1.1590e-06
1.3350e-13
3.1390e-13
4.4080e-05
1.0140e-06
5.9120e-07
4.9470e-09
2.2240e-13
1.1780e-13
1.3130e-04
4.8390e-13
5.9400e-13
1.1640e-06
2.6720e-06
4.6830e-12
1.1440e-06
2.1900e-08
2.4040e-05
1.3420e-14
1.7290e-12
9.7890e-12
3.4930e-05
1.0130e-13
4.2400e-12
1.0580e-11
3.9670e-10
3.9790e-09
7.7470e-06
1.2600e-08
8.5270e-15
5.2630e-11
1.2820e-05
2.7980e-13
1.5460e-14
9.0130e-10
1.1800e-10
1.3360e-04
4.4780e-09
2.2400e-13
4.3340e-09
7.7380e-13
3.3990e-11
1.6740e-04
1.8610e-12
1.9290e-11
3.4180e-05
9.2100e-10
1.5100e-13
4.8200e-09
2.1980e-12
2.6860e-06
3.0130e-14
8.5790e-13
3.8930e-11
1.3600e-10
8.7260e-12
1.3000e-04
1.5120e-04
9.4690e-13
4.1500e-12
1.3230e-13
1.0130e-12
1.2130e-12
3.2090e-06
1.0040e-10
2.8320e-12
2.4110e-08
2.3100e-13
1.0800e-12
4.5070e-06
1.3640e-03
5.8360e-07
3.2080e-12
4.3670e-06
1.4730e-13
2.9290e-04
1.0550e-09
9.3850e-12
3.1350e-07
7.9880e-08
1.4620e-13
5.6990e-12
1.1440e-06
2.9330e-05
6.7410e-04
9.8110e-14
4.5110e-12
1.4520e-12
1.0590e-09
2.7860e-13
9.6250e-05
8.1010e-05
7.1460e-13
4.8540e-04
4.2760e-10
9.7480e-09
3.5730e-11
1.2290e-07
7.6170e-14
4.4450e-14
2.8310e-14
4.2450e-13
4.6830e-09
1.8990e-06
4.6610e-15
2.2900e-05
5.1610e-06
5.0420e-09
9.9810e-10
1.6600e-14
5.0270e-13
2.3150e-07
6.9240e-14
2.9510e-12
2.4360e-12
6.3040e-11
1.3180e-13
8.3670e-04
3.0810e-13
1.3310e-13
2.2260e-13
6.5770e-07
1.1330e-06
4.0800e-11
5.9120e-15
1.5920e-15
5.6900e-12
5.2640e-05
1.1400e-06
9.9250e-14
4.4300e-06
2.2380e-10
1.8420e-14
4.2520e-13
1.7990e-05
1.4810e-09
2.3290e-12
1.4780e-09
4.3200e-15
1.0320e-11
1.4490e-05
7.2730e-13
4.0900e-13
1.6830e-04
5.5980e-13
7.0790e-08
9.7670e-06
4.0130e-14
3.6380e-14
3.9700e-07
8.2960e-04
5.5630e-06
9.6630e-14
3.0580e-14
3.5930e-14
1.6070e-05
2.0130e-09
9.3340e-14
1.1610e-06
2.6240e-04
4.8890e-15
5.8320e-14
2.4130e-06
2.1200e-05
3.7180e-14
1.2120e-13
2.2170e-14
9.4310e-05
1.6120e-12
1.6030e-14
4.2610e-10
3.1230e-11
1.1490e-06
8.0980e-13
3.4200e-12
3.4010e-12
2.6170e-13
1.1580e-12
1.7870e-11
1.7620e-14
1.3780e-13
1.5590e-09
6.7870e-14
3.2510e-14
1.2910e-12
2.0330e-10
1.2510e-14
7.6070e-13
1.6690e-12
1.1510e-06
1.2480e-08
5.2430e-06
7.3900e-15
1.1380e-06
1.9850e-11
1.3810e-06
3.7720e-09
2.3650e-12
1.8680e-13
2.4890e-13
1.1550e-06
1.1550e-06
1.0120e-14
3.9220e-06
2.1870e-05
2.5490e-12
4.3310e-14
4.0050e-05
5.7740e-07
9.1020e-11
4.8340e-11
3.0470e-12
9.1350e-04
4.4110e-14
3.4710e-07
1.9620e-11
5.0780e-09
3.6660e-12
8.4360e-14
9.0360e-13
1.0250e-12
7.0220e-13
1.8950e-12
1.8890e-10
6.5940e-14
5.1840e-14
1.5800e-12
1.2360e-06
6.5340e-10
2.5180e-13
7.2120e-13
3.0420e-13
1.8260e-13
9.5870e-12
5.0510e-08
5.1500e-14
1.0720e-05
1.1880e-12
2.0010e-14
4.8060e-13
7.8640e-12
6.2190e-06
1.3530e-14
2.8000e-13
6.5350e-08
3.1380e-10
2.0150e-04
8.5270e-15
6.2940e-11
5.5820e-14
3.6950e-14
6.2160e-10
3.2340e-13
2.6730e-04
1.1620e-06
3.2120e-08
1.1650e-11
7.4870e-05
8.1500e-13
1.6200e-06
5.9230e-10
3.5980e-10
7.9560e-11
3.1150e-14
1.2370e-08
8.4320e-07
9.5830e-07
3.1280e-07
3.1300e-13
2.2600e-13
3.0340e-07
1.3670e-12
9.1470e-13
5.4220e-11
4.9200e-12
1.9780e-14
2.8610e-07
1.0120e-03
1.1510e-06
4.5100e-06
3.2860e-14
4.0630e-11
6.3310e-09
2.6680e-05
2.1990e-07
1.9900e-14
1.1590e-06
9.9490e-13
8.0120e-13
5.7480e-11
3.5470e-08
1.4860e-13
1.9120e-13
2.9670e-12
5.3550e-14
6.1610e-04
5.3670e-04
2.6530e-13
9.5720e-14
2.6310e-06
1.1480e-06
3.6360e-13
1.5320e-11
1.6090e-12
2.8620e-10
3.9560e-14
3.0700e-15
1.0650e-07
1.7480e-06
1.6590e-13
3.0850e-12
6.4810e-09
5.8320e-14
1.1260e-06
1.5940e-13
3.9940e-11
3.7570e-12
3.7450e-13
8.5270e-15
9.6070e-14
3.8170e-05
4.3800e-13
6.9890e-13
4.8390e-11
5.8640e-07
1.1620e-13
6.6620e-05
4.7740e-05
1.1400e-06
2.2620e-14
1.0350e-14
5.8860e-06
5.2410e-14
1.2280e-12
5.2360e-05
6.9010e-13
1.3470e-12
2.3770e-05
1.1590e-06
1.1250e-13
2.4860e-05
7.9880e-06
1.0200e-12
2.3110e-07
1.5950e-09
4.1570e-08
3.9300e-08
2.1430e-10
6.0820e-14
2.4780e-14
1.6340e-06
1.1500e-06
2.4330e-14
2.4580e-13
2.1480e-07
4.7910e-08
2.0250e-11
2.6150e-15
5.7750e-08
1.7390e-14
1.0740e-11
9.3430e-13
2.8540e-14
1.9020e-10
4.7610e-05
3.3670e-13
1.4240e-08
5.4570e-15
1.5690e-14
3.9400e-11
6.3620e-05
9.8000e-14
1.9940e-09
1.2320e-09
1.3070e-11
2.3050e-12
3.4850e-05
2.8420e-14
1.0650e-12
1.6970e-13
1.2270e-11
5.7920e-05
9.3110e-05
4.7180e-13
2.6270e-06
1.6180e-06
3.2430e-09
9.2020e-08
1.1580e-06
1.4740e-09
7.3400e-05
1.5220e-08
8.3120e-05
6.3720e-05
4.6270e-13
5.9980e-13
8.7200e-14
1.3400e-13
8.5390e-13
1.6020e-12
5.8600e-07
6.1470e-04
4.4930e-12
5.8830e-13
3.3650e-12
5.2520e-14
1.3460e-11
5.7880e-07
1.1330e-06
3.3420e-14
1.4800e-08
1.4360e-13
1.5180e-13
2.0570e-12
1.4940e-10
2.7170e-14
6.5390e-07
4.7230e-13
2.9070e-12
2.1010e-10
3.6500e-10
4.1130e-13
5.6370e-10
6.5520e-13
4.2940e-11
2.7640e-11
7.6380e-06
1.5220e-11
2.7010e-08
5.7470e-05
4.0920e-05
2.6250e-06
1.5220e-11
5.4340e-14
5.1360e-10
5.2300e-15
3.2460e-12
2.7440e-13
4.6860e-12
1.1250e-05
7.9150e-13
2.2150e-12
1.1330e-06
1.2960e-04
1.1500e-08
3.6560e-05
8.3870e-05
2.3620e-13
2.5090e-12
7.3280e-13
4.1610e-14
3.6270e-14
4.9390e-13
2.6900e-06
1.9310e-09
2.2010e-11
9.6050e-05
5.4100e-13
5.7180e-05
8.1850e-15
7.2300e-14
2.7100e-05
9.3420e-09
1.1430e-06
4.1790e-12
7.1620e-15
3.6940e-11
2.8570e-12
3.7180e-09
6.9550e-09
3.4770e-07
3.1450e-05
8.1020e-04
9.5170e-06
5.2600e-10
5.8420e-07
1.1710e-14
5.3750e-13
5.0680e-13
8.0290e-05
1.0850e-11
2.8120e-05
2.5050e-13
6.4930e-07
1.2370e-13
5.6270e-14
3.0420e-13
5.1890e-05
1.1350e-13
3.5320e-12
1.9530e-13
2.5410e-08
1.1440e-06
1.0650e-10
4.7040e-12
1.1480e-06
1.7160e-09
2.2280e-14
2.2290e-12
2.1730e-05
6.1710e-06
3.2970e-15
1.7590e-09
4.8920e-08
1.0230e-15
4.4430e-12
1.4430e-06
2.9850e-12
8.6150e-08
4.5500e-05
5.5990e-13
9.1040e-09
1.5350e-14
1.1450e-06
1.8860e-12
7.6220e-06
1.4780e-14
9.3300e-05
3.9770e-04
4.4910e-14
8.1060e-14
1.0130e-13
4.3930e-12
5.3150e-13
1.0110e-05
1.1650e-06
1.3190e-14
1.0030e-13
4.0250e-11
7.1820e-11
2.9370e-13
4.9910e-14
4.4110e-09
5.3430e-14
2.9200e-11
3.8750e-05
2.1910e-12
2.1160e-05
8.6630e-14
1.3690e-10
4.0720e-13
2.4560e-13
4.4770e-11
2.2620e-10
2.5700e-10
6.0410e-13
2.3080e-12
1.3090e-04
3.4460e-12
2.4840e-07
6.4770e-07
1.1390e-06
1.4050e-13
2.8760e-14
1.1440e-12
3.4880e-07
4.1730e-08
1.1370e-06
4.8200e-12
3.4560e-14
4.0660e-12
5.7140e-11
2.4410e-12
5.9690e-14
1.3140e-13
8.1660e-13
9.6630e-14
1.3300e-14
1.2050e-14
1.8190e-13
2.8190e-11
6.6860e-05
3.2220e-13
8.1170e-05
1.5650e-12
6.4010e-12
2.6710e-13
8.3820e-08
9.5490e-05
1.1430e-06
6.4460e-14
2.5510e-10
1.8270e-12
4.3200e-14
2.3030e-12
2.6820e-06
3.3680e-10
2.1560e-11
1.1790e-06
9.3600e-13
2.4700e-10
8.4190e-13
4.2210e-11
4.6610e-14
4.9950e-05
2.4530e-09
9.8260e-09
1.4320e-14
7.1280e-14
5.0660e-13
9.7090e-14
5.0490e-12
8.9930e-14
6.4240e-07
4.9150e-06
4.6610e-15
4.3950e-11
4.7880e-12
7.0550e-13
1.3590e-13
9.7380e-12
8.3720e-05
1.1520e-06
9.2330e-10
5.8240e-04
7.7820e-13
1.2320e-12
1.3870e-14
4.1810e-04
8.1600e-11
1.7290e-06
5.2910e-12
1.2050e-14
3.9790e-15
4.0100e-06
2.1090e-11
2.4110e-13
1.1600e-06
3.7600e-04
2.5730e-06
7.7420e-14
1.1490e-06
5.6450e-10
9.2110e-10
9.2450e-04
1.1520e-06
4.2120e-11
6.0200e-13
5.7520e-07
2.9010e-13
3.9030e-06
1.5400e-12
2.3100e-05
1.0770e-10
3.1550e-13
2.3050e-05
2.4320e-13
2.2970e-05
2.4090e-11
6.6510e-14
2.0460e-15
2.2610e-12
5.2490e-07
1.6660e-13
2.5870e-10
2.2680e-09
1.0530e-12
1.7280e-14
7.8060e-11
3.2480e-10
4.8480e-09
5.0610e-10
1.4230e-07
1.3730e-09
2.3460e-10
2.5680e-11
1.4600e-12
1.3400e-09
7.6030e-13
7.0910e-12
5.6780e-08
3.5660e-11
1.3370e-13
8.8080e-04
3.5240e-13
2.9610e-12
2.9790e-11
1.0830e-08
1.2550e-13
1.5110e-09
3.1260e-13
1.1530e-06
1.0690e-13
2.4330e-12
1.1710e-14
3.4370e-13
3.0760e-05
6.0150e-13
9.7520e-12
3.4230e-05
6.5960e-04
8.6040e-06
1.1390e-06
6.9990e-12
8.9580e-05
3.4860e-09
6.3140e-12
4.7020e-12
1.3020e-07
6.4720e-06
3.7820e-05
2.2870e-05
4.4500e-06
4.8020e-13
5.0420e-09
1.9900e-09
8.0680e-07
2.8890e-13
1.7890e-13
5.7450e-13
5.2650e-09
1.5390e-13
4.6140e-05
2.2320e-06
6.5720e-07
7.6940e-13
4.3020e-11
6.9970e-11
3.2620e-08
4.5300e-10
8.9090e-12
5.1270e-08
2.3020e-05
1.4120e-05
7.0750e-12
1.5460e-14
1.0640e-04
5.2270e-09
3.8290e-05
3.6960e-05
6.5940e-15
1.9620e-09
5.4000e-14
4.1700e-13
2.0090e-13
2.8880e-14
9.1520e-14
5.9490e-12
2.5050e-06
1.4300e-05
3.0240e-14
2.8990e-13
4.3560e-06
1.6190e-05
8.6360e-13
1.6830e-14
3.1970e-10
6.4800e-15
1.3030e-12
3.3970e-13
2.1750e-07
9.8100e-08
6.4570e-14
1.8800e-08
4.2940e-05
1.5800e-13
1.0150e-11
6.6570e-09
5.2350e-08
5.2300e-14
6.4260e-07
2.0120e-12
3.4770e-10
2.7970e-14
1.8190e-15
5.6840e-14
3.2810e-13
6.3770e-06
5.4070e-06
2.1320e-12
1.1680e-12
9.1660e-08
1.3240e-12
2.6380e-14
1.1140e-12
2.2970e-07
5.1320e-12
1.0620e-04
2.1150e-14
1.2830e-05
3.3790e-09
3.4780e-13
1.0140e-12
4.9270e-12
1.1510e-06
1.0960e-11
4.9020e-11
5.7560e-04
9.1890e-13
2.4440e-14
2.3400e-13
4.6280e-13
4.4300e-11
9.8910e-15
6.4640e-06
8.1280e-07
1.1670e-06
1.3510e-09
1.9090e-13
1.7180e-08
4.4450e-14
2.0670e-06
1.5460e-14
7.0020e-13
1.3020e-11
3.0700e-15
5.0650e-13
5.8040e-07
8.7540e-15
5.9140e-06
9.6870e-11
6.6000e-13
2.3820e-13
3.5400e-04
4.9600e-12
9.0950e-15
1.1470e-06
9.6140e-05
3.7220e-12
3.3350e-11
2.5350e-14
3.7180e-14
2.8190e-14
1.0740e-10
5.9120e-15
1.1000e-09
1.2790e-05
8.7530e-05
4.6030e-13
2.0240e-14
2.5240e-13
7.2340e-10
5.6890e-13
5.3600e-13
1.0230e-14
6.4800e-14
4.1130e-05
1.7030e-12
8.1620e-13
4.9600e-13
2.4120e-11
3.7660e-12
7.2490e-13
1.5950e-13
5.0750e-13
3.1290e-05
1.6310e-13
5.5310e-12
7.7770e-13
7.0490e-15
1.3520e-10
6.9680e-13
5.9920e-09
1.7860e-05
1.4550e-14
1.4280e-04
8.3120e-12
1.6270e-13
4.4620e-06
1.5650e-11
1.7260e-13
3.0000e-12
1.1050e-10
4.5130e-14
2.0460e-13
1.2360e-13
1.5270e-09
4.8890e-15
4.4570e-14
4.6470e-12
9.9080e-05
4.2280e-10
3.0400e-13
9.3560e-14
9.4030e-10
6.1620e-14
2.5410e-06
6.2120e-05
1.0130e-13
5.8340e-07
4.7960e-06
4.6360e-05
3.0400e-13
1.3070e-12
5.8610e-12
1.4610e-11
1.1330e-06
1.1400e-06
8.3380e-06
9.3840e-06
1.1600e-14
3.5280e-13
4.4250e-13
3.6720e-14
3.8180e-13
7.2550e-10
3.4040e-07
3.5180e-04
1.0100e-06
5.5590e-12
8.0150e-14
1.4060e-13
9.3000e-14
5.4500e-05
2.9760e-12
8.8220e-11
3.5760e-10
6.2190e-10
1.9430e-13
2.0010e-14
3.4260e-04
1.7080e-04
1.6140e-12
1.5460e-14
1.7060e-04
1.2390e-14
1.1620e-13
1.8360e-12
8.6400e-14
3.0680e-05
2.8940e-12
6.7080e-15
4.6040e-12
3.0710e-04
8.5810e-13
2.1750e-04
1.2900e-13
1.4480e-05
9.5290e-13
3.8430e-12
1.0060e-11
1.1590e-11
6.2530e-15
1.1340e-06
8.5570e-12
1.8690e-12
7.8140e-13
1.6140e-13
3.8350e-12
6.1520e-11
7.1830e-05
1.0250e-05
1.1360e-06
2.0010e-14
1.7610e-12
2.5190e-12
3.8100e-06
1.8680e-13
7.8460e-08
1.7050e-14
6.2820e-12
9.4270e-06
3.5810e-14
6.3510e-05
1.0600e-13
5.8790e-05
6.2990e-11
1.7990e-12
8.5270e-15
5.8500e-05
9.3720e-09
1.6600e-14
1.1330e-06
4.0620e-11
4.6450e-11
1.3550e-08
2.2740e-05
6.0380e-11
6.1830e-06
2.8420e-14
4.8240e-04
1.6250e-11
2.3100e-13
8.3910e-06
5.1430e-13
1.0780e-04
2.3600e-12
1.1480e-06
2.4890e-06
2.2350e-13
3.5330e-12
3.3150e-07
1.1330e-13
3.5270e-09
1.1480e-06
8.0830e-14
1.4780e-14
2.0990e-04
5.3690e-06
1.9210e-14
8.9240e-05
3.7810e-06
2.6730e-06
1.4350e-13
4.6150e-13
1.8610e-12
9.1970e-05
4.4260e-06
5.5030e-04
7.3410e-13
3.9790e-15
1.0940e-13
4.2510e-13
1.1090e-12
4.3010e-12
3.2280e-11
4.5500e-12
7.6660e-06
6.4690e-14
2.1730e-06
3.7520e-15
4.6080e-09
5.4570e-08
1.3050e-07
2.1690e-12
2.3430e-11
1.2200e-13
4.4920e-09
6.3550e-14
9.4360e-15
1.1980e-09
9.4260e-10
6.4110e-13
2.1030e-14
3.2740e-10
1.0290e-12
1.8840e-10
4.2710e-13
1.6640e-06
2.4950e-07
1.2130e-07
1.1530e-06
5.3680e-13
1.4130e-05
1.0600e-10
4.4350e-05
4.5870e-12
7.9670e-07
1.1420e-06
1.1680e-13
1.1470e-06
4.8290e-06
3.9310e-09
8.3990e-12
1.9040e-12
3.7510e-06
1.0070e-11
3.1450e-13
6.3550e-14
1.1640e-06
8.0640e-12
1.1550e-06
4.5440e-06
3.4970e-12
5.5770e-13
4.1850e-12
1.3910e-05
3.4450e-13
3.7430e-13
8.0830e-06
3.5750e-13
1.2650e-09
3.9120e-07
2.3970e-12
1.9080e-13
8.3330e-14
2.0790e-13
6.2760e-12
6.4350e-14
3.1430e-11
2.9910e-10
1.3060e-04
5.2040e-05
1.9110e-13
5.7470e-10
1.1460e-06
3.9420e-12
3.3090e-12
1.7630e-09
3.3690e-05
1.8190e-15
1.7100e-11
1.9060e-08
7.2840e-11
7.6630e-10
1.9780e-12
3.8180e-05
6.8590e-12
6.3170e-05
2.0880e-13
2.3870e-12
1.0090e-08
2.1820e-12
1.5820e-05
4.8920e-13
6.4920e-14
1.2160e-13
8.0030e-06
7.6410e-13
2.7660e-13
8.4660e-12
1.0750e-13
3.3310e-14
1.0870e-12
1.5920e-15
1.5210e-09
1.5070e-08
3.7610e-12
6.6490e-10
2.5510e-04
1.3850e-10
6.5640e-12
2.7780e-12
1.0560e-13
1.3320e-13
3.4550e-13
2.6150e-15
1.1600e-06
8.1580e-08
2.5880e-09
1.7050e-09
8.7990e-14
1.4420e-13
1.8040e-11
2.3760e-09
1.3640e-15
6.9920e-14
2.0270e-12
3.9480e-12
1.1410e-06
4.0510e-13
3.5210e-13
6.5940e-15
6.3130e-05
8.4240e-14
1.0170e-08
2.7280e-13
4.8250e-12
6.9240e-13
5.0260e-13
1.6080e-04
1.0650e-13
1.6170e-05
4.3810e-13
9.8450e-14
5.6190e-04
1.8760e-14
1.5420e-13
2.8390e-12
1.4110e-13
2.5480e-04
2.2930e-05
4.5200e-09
4.1950e-14
1.0560e-10
1.4290e-04
1.2960e-09
1.5050e-13
5.6660e-13
7.2880e-12
3.1650e-13
8.0270e-13
5.9250e-08
1.9490e-13
2.5970e-13
3.6180e-08
1.8810e-11
2.5470e-14
1.8420e-13
4.6840e-14
6.3030e-08
1.6840e-12
2.2240e-06
3.7630e-13
3.4560e-14
3.2190e-11
4.9770e-12
1.4100e-14
2.6080e-13
1.6740e-11
7.1690e-06
1.1590e-06
5.2410e-13
1.1630e-06
2.0360e-13
1.6530e-07
1.5600e-08
1.1760e-08
2.0080e-06
5.8400e-07
9.2300e-06
5.8190e-06
4.3010e-07
6.2950e-04
1.9110e-12
3.5890e-10
7.3530e-13
3.4510e-07
1.0870e-06
1.4550e-14
3.9660e-06
3.0810e-13
4.0970e-13
3.8040e-13
1.5930e-12
7.9620e-04
5.4340e-14
3.4060e-13
2.2790e-11
7.1620e-15
1.8630e-08
1.1620e-12
1.1500e-06
2.7860e-10
3.0920e-14
8.8560e-14
1.6090e-05
1.7730e-09
4.6330e-11
5.1160e-15
1.1370e-13
5.8340e-07
5.5520e-13
4.9110e-13
9.3940e-08
8.0130e-13
1.5180e-05
1.0260e-08
1.0350e-05
3.4740e-13
2.8240e-10
3.7630e-14
5.7820e-06
8.0380e-14
1.9320e-13
4.6120e-13
2.4600e-08
6.7440e-12
2.2610e-05
9.3220e-15
6.9910e-12
9.1500e-12
1.2200e-04
1.2650e-11
6.8410e-13
9.2770e-13
1.0870e-13
6.1850e-13
3.0010e-14
1.5390e-11
1.7190e-13
1.5020e-10
1.9350e-05
6.3140e-13
7.8330e-12
2.0810e-11
1.8590e-13
1.7960e-11
2.0700e-11
1.0230e-15
2.2600e-13
5.5900e-13
5.4280e-06
5.8730e-07
5.8140e-09
3.1470e-06
4.9380e-09
1.2680e-06
6.4020e-04
2.0650e-12
1.1890e-11
1.1540e-13
1.4320e-14
1.5840e-11
1.1480e-06
8.4120e-13
4.5050e-06
6.3460e-05
6.8030e-13
2.5010e-15
2.6430e-12
9.7700e-04
2.2860e-04
4.7380e-05
6.9300e-12
4.2640e-09
4.5080e-13
1.9660e-04
1.1430e-06
3.5050e-08
4.3770e-13
1.0040e-11
1.2950e-12
1.6970e-10
3.3030e-12
5.8460e-06
4.5770e-05
2.2960e-14
1.3030e-08
2.8080e-14
1.6200e-13
5.7590e-12
4.2090e-05
1.7770e-12
2.4750e-05
3.0450e-11
7.8670e-11
2.2160e-13
1.6350e-12
7.1560e-06
9.3490e-06
2.5920e-14
2.8790e-11
1.1430e-06
3.7520e-15
1.4390e-11
5.2380e-10
1.3620e-12
1.6830e-14
2.2500e-09
5.9100e-05
2.3110e-05
2.1480e-05
9.8910e-14
9.1950e-12
1.8530e-14
2.1830e-14
1.1370e-14
1.8560e-12
6.8510e-12
1.2620e-13
4.0960e-09
2.4570e-04
5.8090e-12
6.6260e-12
1.8120e-12
1.1500e-06
6.7820e-12
9.8610e-10
1.2240e-04
4.0700e-13
1.0210e-04
1.8770e-12
6.8210e-15
4.4360e-06
7.5600e-14
6.3720e-12
3.0500e-12
8.3040e-12
6.3140e-05
3.0330e-13
3.5580e-14
1.4790e-12
1.2050e-05
6.1390e-15
4.2060e-15
3.5930e-13
7.0380e-09
1.7920e-12
1.3770e-11
2.1910e-13
3.3310e-14
1.1440e-06
1.5800e-13
1.2080e-10
5.6270e-14
6.3080e-06
5.6460e-13
3.1020e-11
8.2540e-14
4.3180e-08
1.8080e-13
4.0930e-15
1.3060e-05
1.1150e-10
9.0440e-10
1.2090e-12
1.7280e-13
1.6950e-09
4.0940e-13
2.7570e-08
3.1590e-12
9.5490e-11
2.0400e-13
7.6170e-15
2.7860e-09
3.8650e-15
8.4700e-14
1.1500e-06
3.7210e-09
4.4770e-06
1.7920e-06
2.4580e-13
6.4570e-14
7.3750e-13
2.6820e-10
3.9680e-14
3.0910e-12
4.3080e-09
2.0230e-07
7.7310e-15
5.7880e-06
1.2280e-14
3.7740e-14
1.4810e-08
5.8840e-06
1.9330e-15
1.3130e-13
3.7070e-12
5.6840e-15
4.4190e-09
1.1680e-12
4.4420e-06
1.1470e-13
2.7170e-14
3.9100e-13
1.4900e-12
5.9340e-14
5.4650e-06
4.6770e-10
3.5100e-09
6.7080e-15
1.0800e-05
2.5950e-12
6.4410e-07
3.3310e-14
2.7280e-15
1.9100e-12
8.0590e-13
3.5230e-13
6.4800e-13
2.2960e-14
1.2850e-14
2.4560e-13
4.8690e-13
3.4590e-05
2.9330e-14
2.0760e-11
7.7530e-14
1.2990e-11
3.1990e-13
1.7830e-05
4.6020e-09
1.1370e-14
1.9440e-13
1.3940e-13
5.7770e-06
1.1530e-06
3.5890e-04
4.4700e-11
1.9210e-14
3.8730e-11
1.3110e-05
1.4100e-13
5.5570e-05
5.1270e-14
2.4940e-13
4.0520e-13
4.4340e-04
8.6400e-14
1.2220e-13
2.8340e-07
4.6570e-13
6.8980e-06
1.1210e-05
1.1030e-10
1.4650e-05
2.2230e-09
1.1180e-13
7.3640e-05
9.7780e-06
2.6060e-06
1.1710e-14
2.3050e-12
1.7210e-04
1.2090e-04
1.1650e-11
6.4870e-06
1.1610e-06
3.3190e-12
8.7070e-08
4.5370e-10
3.7600e-13
1.1200e-13
1.1630e-07
2.0050e-10
9.1750e-14
5.6090e-13
1.3120e-05
3.7680e-13
1.9670e-13
1.1250e-14
1.3390e-05
9.8930e-07
1.3080e-09
3.8260e-05
8.5040e-14
7.6900e-06
8.0720e-15
2.6550e-11
5.1840e-05
6.2970e-13
8.8480e-13
1.2440e-05
2.3660e-04
4.8560e-06
7.9900e-06
7.0640e-09
1.3030e-10
8.4070e-11
1.3310e-13
3.1180e-05
3.1650e-11
5.6790e-13
1.1380e-06
1.2610e-13
2.6900e-10
2.4050e-10
1.5060e-13
1.5660e-10
4.9910e-14
1.3650e-08
6.4410e-07
5.7810e-13
1.1410e-06
2.1660e-05
2.2810e-13
1.5900e-05
1.4400e-11
1.7630e-08
7.1130e-12
9.3170e-12
1.2020e-11
8.0760e-05
8.6670e-09
1.0290e-12
1.5100e-12
7.8780e-14
5.0840e-07
1.4060e-13
5.8520e-07
1.0560e-12
6.6270e-09
3.3420e-14
2.9700e-13
9.4320e-12
1.3680e-13
1.4440e-12
1.3420e-14
6.7070e-11
4.1810e-05
1.6970e-13
1.8450e-09
2.9370e-08
1.2210e-04
4.7880e-10
3.9110e-06
5.9420e-12
6.7980e-13
3.2140e-09
9.1780e-12
6.1840e-05
5.1500e-14
4.5220e-13
7.6850e-13
3.5120e-13
7.7890e-05
1.0770e-08
1.1580e-06
1.0950e-13
2.8700e-09
1.4200e-12
1.9550e-14
5.7410e-13
7.0000e-12
5.8210e-14
4.7140e-11
3.8320e-13
3.2760e-09
2.0280e-08
7.0250e-11
8.3780e-12
8.4810e-12
8.4540e-09
1.0800e-05
2.3900e-04
1.1370e-14
1.0270e-13
1.9650e-13
4.8530e-13
4.7700e-13
4.7170e-05
2.1100e-09
3.0590e-13
4.4340e-15
1.0790e-13
3.4110e-15
1.9090e-13
5.1210e-09
6.4330e-10
4.3920e-11
2.2960e-13
1.0740e-12
1.1860e-08
1.7700e-11
1.0090e-12
3.9010e-12
5.8600e-07
1.3250e-12
1.8130e-09
3.6130e-11
3.5810e-13
4.2050e-13
4.6380e-14
1.3070e-05
1.5800e-14
9.5100e-13
1.6480e-05
6.4940e-07
2.2740e-14
8.1290e-05
1.1340e-11
5.2150e-13
2.1720e-08
2.7790e-13
7.3060e-06
1.7780e-13
3.2290e-13
2.9210e-13
6.8440e-14
1.0750e-09
1.7360e-11
9.0670e-12
6.0140e-14
2.5160e-11
2.3930e-11
1.1460e-06
2.6490e-14
4.3630e-07
1.6130e-06
5.4330e-13
2.4400e-12
3.6750e-11
1.9410e-11
5.7800e-07
1.1090e-04
5.0320e-07
3.0130e-12
1.1440e-06
6.4440e-07
6.0540e-09
1.9090e-07
9.4430e-12
2.4230e-13
7.4390e-10
2.5860e-09
9.3220e-15
4.6450e-13
2.4060e-13
9.2860e-13
1.0210e-12
2.1600e-15
4.1370e-13
4.4890e-12
1.1600e-06
7.9820e-04
1.5500e-04
1.1340e-06
4.0050e-13
3.1420e-10
2.0840e-08
9.7860e-05
9.4360e-15
1.5700e-09
7.1280e-13
5.1840e-14
1.9570e-13
3.4330e-14
1.4540e-06
8.4140e-09
1.8340e-12
5.2120e-11
3.7580e-11
1.8190e-15
8.0880e-12
9.6020e-05
4.6820e-13
7.6330e-13
1.5690e-14
1.1500e-06
1.5090e-05
3.6850e-05
1.4320e-14
2.5350e-14
6.7000e-12
5.4540e-10
2.9790e-14
4.6920e-11
2.5260e-10
8.3850e-12
9.5270e-14
6.1800e-13
4.3050e-10
9.2340e-08
2.2740e-15
1.2750e-06
4.5340e-08
1.6340e-13
2.0760e-13
2.1130e-08
2.4960e-10
4.1500e-13
1.0720e-09
4.7860e-14
3.9790e-15
7.5860e-13
4.4200e-06
1.5300e-09
1.4710e-12
8.8010e-05
1.2290e-04
8.7540e-15
1.1630e-06
2.5810e-14
7.4810e-14
4.4790e-06
6.5600e-13
1.1690e-10
3.3460e-12
8.6630e-14
1.3390e-08
1.1480e-06
1.0830e-10
1.0300e-11
7.9240e-14
1.1600e-11
1.2100e-13
8.4010e-14
5.8590e-07
1.0800e-14
8.1580e-13
1.0460e-12
1.3510e-11
1.6650e-12
1.0180e-06
2.6020e-07
5.1160e-15
1.4010e-13
1.0320e-13
1.0120e-14
2.6850e-13
7.1840e-09
1.1080e-08
8.0990e-09
1.1330e-10
7.2020e-13
4.7410e-14
9.8680e-14
6.3130e-05
1.1680e-13
2.4940e-10
1.6960e-13
1.3230e-12
8.4460e-12
3.7770e-12
5.0380e-10
7.6060e-14
8.0320e-12
1.1370e-10
2.5260e-13
1.8540e-13
6.5140e-14
2.6880e-13
4.1480e-12
2.0640e-05
4.3190e-13
4.6500e-14
2.7400e-10
2.1710e-14
1.8100e-12
1.1010e-12
2.0370e-11
8.0510e-05
8.3060e-13
2.4860e-09
7.8440e-15
1.3880e-12
3.4790e-14
9.0940e-12
7.1950e-13
6.4030e-06
2.6620e-06
5.7640e-14
1.3560e-05
5.6780e-07
2.8980e-13
1.1480e-06
8.4700e-14
1.1840e-11
1.2900e-12
1.2640e-13
6.3800e-07
4.6610e-14
4.9780e-06
5.9750e-13
1.3610e-13
3.3760e-14
5.6180e-09
1.8160e-06
4.3760e-12
3.7520e-15
2.8240e-09
4.4400e-09
3.1320e-09
3.5240e-14
4.1900e-11
2.2740e-15
1.4780e-14
2.9560e-15
1.2690e-07
4.4440e-09
1.3950e-13
5.2360e-11
1.0950e-12
9.4050e-10
7.3780e-14
1.0700e-12
1.7010e-13
1.9540e-09
4.4000e-14
2.0690e-14
2.6530e-12
3.8290e-11
2.7190e-09
2.2960e-13
1.6830e-14
1.1370e-12
6.7080e-09
1.5690e-05
2.2730e-13
1.0690e-14
1.1420e-06
4.3310e-07
1.9390e-06
3.8760e-12
6.4710e-13
3.1800e-13
6.9350e-15
5.8580e-13
1.0600e-04
4.0570e-09
1.0750e-04
6.9580e-13
5.9090e-07
1.8370e-13
4.3250e-11
4.8470e-06
6.4010e-14
9.9770e-06
2.0900e-08
1.3620e-06
2.3840e-08
3.3830e-05
5.9950e-13
2.0190e-13
7.6150e-06
3.0840e-12
1.4470e-07
1.0400e-13
3.2070e-13
7.9010e-14
2.3180e-04
4.2020e-13
9.3330e-12
7.6240e-13
1.7620e-12
6.7050e-08
1.2110e-09
1.4650e-13
4.1390e-09
5.1470e-13
7.4240e-12
1.5810e-12
6.5600e-13
2.6370e-12
3.5240e-15
5.7320e-07
1.7040e-12
1.6560e-10
1.4900e-09
8.8580e-12
1.0290e-12
1.2380e-05
1.1580e-06
5.9680e-07
7.2760e-14
6.5350e-13
5.8090e-14
1.0260e-05
6.4460e-13
7.4310e-12
1.4200e-05
3.1890e-05
1.0000e-12
1.6940e-08
1.6710e-14
2.9940e-07
4.0250e-14
5.4040e-13
3.1050e-13
1.1570e-06
8.3790e-14
8.0320e-05
5.5610e-12
2.0630e-13
1.4610e-04
8.2490e-12
1.3070e-14
1.0430e-11
1.6590e-12
1.9790e-13
1.1130e-12
1.3710e-05
4.4990e-11
1.2440e-04
6.8840e-13
9.0030e-13
5.1950e-09
2.4440e-05
1.9590e-11
6.7010e-13
3.8990e-14
9.0130e-06
2.8160e-04
8.3310e-12
1.6500e-11
8.3920e-10
8.2210e-11
1.8250e-12
3.9450e-06
3.8460e-04
3.0810e-14
1.8380e-04
3.7700e-12
5.0610e-06
1.0650e-08
1.6530e-09
1.1380e-04
7.9890e-13
1.7520e-12
6.1360e-13
2.6620e-06
1.5320e-12
6.2300e-11
1.7550e-13
5.0280e-12
4.0550e-12
2.1980e-13
3.1090e-07
1.1070e-07
1.1520e-06
4.0740e-04
6.7300e-14
1.6150e-12
1.5580e-13
1.4510e-13
8.9360e-05
2.4370e-04
8.9210e-13
1.5230e-14
6.5140e-14
2.1130e-08
2.4420e-10
1.3540e-11
2.3620e-09
2.6990e-13
2.3870e-14
2.5350e-11
8.7650e-13
2.0100e-13
2.2700e-09
1.4780e-15
1.5090e-13
2.4010e-13
8.8400e-13
2.0440e-12
1.4380e-09
1.1390e-06
5.1160e-15
1.6090e-12
5.7510e-06
1.3510e-12
2.4990e-13
4.8030e-04
1.0400e-13
1.1160e-09
5.0360e-11
2.3140e-07
9.5910e-13
7.6090e-11
3.4570e-07
3.5550e-13
3.0700e-15
1.1150e-12
3.9500e-09
4.2950e-09
6.0250e-14
2.4140e-05
6.9690e-14
1.1510e-06
5.6890e-05
2.2530e-09
1.4480e-12
5.3770e-14
2.7510e-14
3.6020e-06
1.6720e-12
1.3320e-03
5.8780e-14
3.7110e-13
3.9560e-14
2.2620e-09
5.4880e-13
8.0320e-06
2.3050e-07
1.0470e-09
2.6720e-14
3.9110e-06
7.9740e-10
3.0860e-04
3.2880e-12
2.2320e-12
5.4080e-05
1.3810e-12
1.7890e-12
5.9570e-14
2.6150e-14
6.6610e-13
4.9680e-14
1.4540e-08
1.4510e-13
3.6890e-10
1.7930e-12
1.9160e-13
4.2170e-05
9.4810e-14
6.1830e-13
4.1580e-06
3.3880e-05
4.9650e-09
4.2370e-10
2.4380e-12
2.9990e-13
9.5990e-06
1.1670e-12
5.6150e-12
1.9270e-11
5.9250e-10
4.6480e-08
8.9330e-10
5.1730e-05
5.5510e-13
1.8320e-12
6.8330e-14
1.2910e-11
1.2240e-08
8.2650e-14
3.6380e-15
2.6320e-06
4.6500e-11
3.1830e-15
1.1530e-06
1.5180e-05
1.5610e-08
9.7600e-13
5.6590e-08
1.1480e-06
8.4580e-14
3.3690e-13
1.0470e-12
5.8290e-07
8.8680e-15
9.6750e-14
7.2630e-04
3.0700e-14
1.5770e-07
1.0860e-10
2.0580e-14
6.8890e-14
1.8120e-13
1.1460e-06
2.5170e-06
1.3210e-12
4.7350e-12
1.4590e-13
1.2140e-12
1.2220e-12
1.6360e-06
3.0770e-12
1.2380e-13
4.1760e-11
2.3310e-14
2.0630e-13
9.7460e-09
5.7830e-07
3.1060e-06
2.5970e-08
8.7640e-13
4.8580e-06
1.0160e-13
1.1630e-06
2.3760e-05
9.5340e-09
2.2260e-13
1.2800e-11
1.2160e-14
1.9340e-08
2.7100e-06
1.1050e-09
2.1920e-05
3.0290e-09
2.2510e-14
7.1010e-09
1.8160e-13
7.1960e-14
1.1060e-12
1.6170e-11
1.6690e-06
5.4570e-15
1.1420e-06
7.1120e-13
6.3060e-13
4.8620e-09
2.3590e-12
1.8430e-07
3.9740e-06
2.3540e-12
4.9780e-11
5.3770e-14
1.1460e-06
1.1220e-09
7.6830e-10
6.5240e-06
9.5840e-13
5.3720e-13
2.2060e-12
1.4160e-05
1.5270e-10
1.7750e-08
4.4990e-13
3.3530e-13
1.2090e-08
6.6400e-13
2.0490e-12
1.3570e-09
5.0380e-09
1.1760e-12
2.8420e-14
4.1130e-12
4.3310e-14
2.2510e-14
5.7820e-07
2.4920e-12
2.7080e-12
5.7980e-15
1.7050e-15
7.0170e-04
3.8880e-13
1.9270e-10
3.1510e-13
1.1450e-06
3.9770e-06
6.6920e-13
1.4980e-12
3.0510e-08
2.9630e-13
5.7720e-07
5.6670e-13
3.2460e-10
9.1850e-06
1.4440e-14
1.8530e-11
1.4590e-05
2.0250e-09
6.8330e-14
1.8380e-04
1.2520e-12
1.2640e-11
4.6870e-11
8.6650e-05
9.3450e-14
3.6880e-04
1.1310e-09
9.1060e-14
1.1400e-06
7.1540e-06
1.9870e-13
9.6970e-14
2.9670e-07
2.3440e-05
3.0140e-12
6.8430e-13
4.7520e-14
1.3850e-13
6.9120e-14
3.1020e-09
1.6010e-13
2.2740e-14
2.2460e-08
2.4160e-12
9.1300e-10
1.1510e-13
1.2440e-10
1.7170e-14
1.0720e-13
9.9770e-13
1.1420e-06
9.0630e-05
1.4430e-10
1.1560e-06
7.4160e-12
7.2530e-14
2.2050e-12
1.4520e-05
1.1930e-12
5.6820e-13
2.6290e-06
3.6950e-14
5.3850e-05
9.7770e-15
1.2670e-04
1.5940e-13
2.2460e-13
1.3390e-05
2.2800e-05
1.5810e-06
5.1240e-12
1.1500e-06
1.2490e-13
8.7990e-13
2.0460e-14
3.7650e-05
3.6020e-13
3.3310e-14
2.7840e-13
1.0980e-09
2.5400e-12
2.0850e-13
2.3190e-14
2.0200e-12
1.7310e-13
8.8660e-13
7.7850e-13
3.4000e-13
1.0400e-10
7.0410e-06
2.8880e-09
2.3480e-12
5.9200e-13
2.2510e-08
9.4690e-09
2.0720e-08
3.0580e-14
1.8880e-12
1.9100e-14
2.9440e-14
2.5620e-05
8.6190e-11
2.7280e-15
2.7840e-12
3.0610e-12
3.5770e-08
4.8110e-06
2.6350e-13
1.0170e-10
1.2790e-05
7.0220e-11
2.3090e-07
5.0020e-15
3.7680e-13
1.8000e-13
3.4900e-09
3.0580e-09
6.5940e-15
3.8510e-06
8.2990e-13
3.9790e-15
1.2630e-12
1.3650e-08
1.9630e-08
7.0490e-15
2.1290e-12
8.2420e-14
1.2570e-12
6.3480e-12
4.0230e-13
9.0610e-14
1.1120e-06
5.0410e-13
7.7110e-13
1.6140e-11
3.2020e-12
3.0730e-13
6.7800e-09
1.4210e-14
1.3500e-12
9.2090e-15
4.2520e-14
3.1250e-11
9.3790e-14
9.3220e-14
5.4810e-06
2.5590e-13
2.0530e-12
4.8320e-14
1.3670e-13
2.0460e-14
4.8350e-05
5.7180e-07
9.4720e-13
1.0450e-12
1.1040e-12
2.3160e-04
5.1260e-12
2.6580e-06
1.6830e-09
7.9770e-06
1.3040e-05
4.0890e-06
2.3100e-09
6.1170e-07
2.4780e-14
3.0010e-14
3.1030e-13
2.8210e-11
7.2510e-12
4.6210e-13
7.5370e-06
7.1410e-13
1.2980e-12
3.4450e-14
1.9990e-12
1.4100e-14
2.8700e-12
4.2410e-14
2.0500e-11
5.7430e-07
1.2470e-05
5.2060e-05
1.4950e-09
1.2550e-12
5.4480e-10
1.1400e-06
2.0620e-06
8.1110e-09
1.1250e-14
2.5670e-04
5.0410e-12
5.0090e-13
2.5740e-12
4.4050e-06
3.4040e-07
1.2870e-12
1.9200e-11
8.7270e-09
1.9260e-11
2.0270e-12
1.3040e-04
5.0640e-13
2.4310e-12
1.1050e-11
3.8570e-06
1.1620e-06
2.0460e-14
6.7420e-14
4.8090e-06
1.5690e-14
5.7910e-07
5.7340e-07
1.9830e-11
1.7030e-07
7.7990e-14
1.9710e-08
3.0410e-11
1.1150e-04
6.0640e-11
3.0070e-05
3.0720e-10
2.3100e-05
2.7510e-13
4.0530e-04
2.2240e-12
6.3370e-05
2.4000e-12
5.4370e-12
8.4130e-15
4.4890e-13
5.0970e-13
5.7700e-09
4.7620e-11
3.3340e-12
2.6150e-15
1.8260e-04
1.9570e-13
3.4020e-12
4.5080e-10
7.0840e-06
6.4720e-07
1.4310e-04
2.7830e-05
7.3330e-14
2.6150e-15
3.2810e-07
7.4460e-06
2.0120e-10
3.9550e-12
9.3220e-15
3.3530e-07
2.8160e-13
6.1500e-10
1.0770e-11
2.9020e-04
2.1140e-11
7.2900e-13
3.7290e-14
5.4730e-13
1.0690e-07
2.0090e-10
1.1430e-13
9.4020e-13
6.7030e-05
1.0230e-10
1.2200e-10
5.6620e-14
9.0550e-06
3.8540e-14
5.1840e-14
1.6270e-12
1.9010e-13
1.6140e-14
9.1090e-05
2.3650e-14
1.4250e-12
6.5790e-07
1.1310e-11
1.9690e-04
4.0730e-12
6.1680e-06
1.2280e-14
4.1990e-12
4.0300e-12
5.4880e-09
2.5210e-05
2.3370e-13
1.5800e-14
7.9650e-06
6.0250e-15
1.5080e-12
5.5450e-07
5.3430e-15
9.5140e-06
3.4360e-07
2.3820e-08
5.3980e-09
1.5720e-06
3.6260e-04
2.0340e-09
3.4540e-12
4.9680e-11
1.0700e-07
4.0940e-11
1.1420e-06
9.0150e-14
5.8550e-07
2.1860e-13
9.5140e-09
2.6180e-06
5.3680e-06
9.6630e-15
7.1610e-12
6.2640e-14
6.9470e-10
3.3390e-11
5.4610e-12
1.3880e-11
1.5980e-11
1.6680e-12
4.9900e-12
2.2380e-09
2.0120e-14
7.6970e-14
1.0460e-14
2.7170e-14
4.8370e-13
1.1500e-06
7.1260e-06
3.3420e-07
4.7750e-15
5.4110e-14
3.7630e-14
7.3410e-10
9.5070e-04
1.2560e-09
3.8230e-05
2.1350e-05
8.9810e-14
5.1730e-09
2.0180e-13
1.1520e-06
2.8790e-10
5.6320e-07
2.1130e-13
1.9660e-11
2.6370e-09
5.3820e-04
1.3860e-06
1.5920e-14
1.5700e-11
1.0570e-14
1.3250e-05
3.7630e-14
1.0470e-10
5.8470e-11
7.3440e-14
2.5070e-13
1.9950e-04
3.0630e-10
2.2870e-05
2.0420e-05
5.6710e-07
3.7050e-13
2.3310e-14
4.1920e-04
3.6220e-08
7.7310e-15
8.5130e-13
5.3050e-08
7.3560e-14
8.6040e-10
6.7530e-14
1.7540e-13
9.3580e-10
3.0550e-13
2.0920e-13
8.0520e-12
1.1420e-06
2.0160e-13
2.3490e-04
3.1830e-12
3.2970e-14
1.3120e-12
3.2530e-12
1.1450e-10
1.6540e-12
1.3150e-13
2.5800e-13
1.6980e-13
1.1370e-14
6.7420e-08
2.0840e-07
3.4730e-13
1.2860e-10
3.4450e-13
1.2380e-06
1.1400e-06
4.0930e-15
6.5940e-15
3.3960e-09
2.2620e-14
6.1390e-15
3.9240e-06
3.4350e-07
1.1470e-06
9.6390e-10
7.5080e-12
6.8340e-12
3.6720e-14
1.1950e-10
3.0190e-04
2.3080e-14
3.7860e-14
5.8570e-06
3.7110e-13
8.7850e-07
1.1780e-07
1.1340e-04
7.9970e-04
3.5240e-15
9.4750e-09
2.2990e-05
1.3090e-04
1.6550e-09
7.4270e-13
7.3970e-09
1.7210e-12
1.5590e-12
7.8480e-13
8.3410e-11
3.5010e-04
1.1590e-12
2.1940e-13
5.9070e-05
6.9300e-12
5.1910e-05
2.0120e-13
3.4800e-10
1.9730e-09
5.7940e-06
3.6150e-14
1.1910e-13
1.7950e-10
3.7300e-13
2.7130e-13
1.1540e-06
4.8890e-15
1.7790e-13
1.6860e-12
9.8230e-14
1.2050e-14
1.8100e-10
2.4780e-14
2.3040e-12
4.7650e-13
2.5660e-04
2.2950e-05
1.5460e-11
1.7140e-04
9.4360e-15
8.5080e-12
6.8600e-12
1.8680e-12
3.1370e-09
6.5480e-14
6.8780e-14
1.0370e-08
6.5140e-14
1.5670e-05
1.9250e-12
2.4390e-13
2.3090e-07
5.4110e-14
1.4270e-11
5.9500e-09
1.8670e-10
2.8540e-14
5.4230e-13
3.1150e-14
1.3300e-14
6.9710e-09
5.1730e-14
1.4620e-09
1.1460e-06
2.6180e-12
1.2510e-14
3.6040e-14
2.2870e-13
2.5060e-13
2.6840e-11
1.1440e-06
4.5960e-10
6.8120e-12
2.8870e-13
1.4110e-04
3.6040e-14
3.3430e-11
3.5240e-14
3.4980e-10
2.8420e-15
1.6370e-14
1.3950e-05
5.7220e-07
2.5510e-12
1.8810e-10
7.9040e-06
1.5000e-13
1.6860e-04
1.1570e-06
8.8310e-13
3.0400e-13
3.4400e-04
1.1140e-05
3.5090e-06
2.5310e-07
4.8750e-06
3.0010e-14
6.4460e-14
6.0110e-13
9.7770e-15
1.9400e-08
3.9600e-13
2.7570e-08
8.9400e-05
6.2700e-13
1.4290e-13
1.0570e-12
5.0020e-06
8.2760e-11
2.2060e-14
7.0580e-13
1.3850e-09
1.0660e-13
2.7000e-13
9.1420e-08
7.1960e-14
6.2060e-06
2.3620e-12
4.7600e-12
2.5080e-06
8.3910e-08
1.0920e-09
1.2570e-13
4.4580e-13
3.6300e-07
7.1850e-12
6.9120e-09
1.1450e-06
1.1380e-08
2.2700e-07
5.5340e-05
1.4260e-12
3.8190e-11
8.1240e-13
5.1260e-07
8.2760e-14
2.5880e-10
2.9100e-14
3.5810e-14
4.3540e-13
5.4380e-12
3.7460e-09
3.4340e-04
1.2790e-13
1.9780e-14
2.9250e-13
1.3100e-11
1.7760e-13
1.2870e-05
2.3470e-06
8.3620e-13
3.4110e-15
4.2060e-15
7.4050e-05
1.1510e-06
2.7280e-11
2.7280e-14
4.4320e-06
3.7220e-12
2.9330e-14
2.6980e-06
1.8610e-13
3.3230e-13
2.8970e-04
3.0700e-15
2.0460e-12
1.7390e-14
1.1020e-13
2.2890e-10
2.1410e-13
4.4880e-06
9.4360e-14
3.0620e-13
2.4730e-12
2.2760e-11
1.2630e-13
2.9250e-08
3.8770e-12
1.9650e-08
3.5320e-06
2.8650e-05
5.1170e-12
5.9490e-09
1.2510e-15
2.0610e-13
2.2710e-05
4.6020e-13
8.2610e-11
1.1480e-14
5.2750e-13
1.2290e-13
1.4080e-11
8.4970e-05
1.7510e-14
6.3660e-05
7.5600e-13
6.9240e-12
4.8720e-06
4.3720e-06
1.2510e-15
2.7690e-13
5.2430e-10
1.5220e-08
2.0350e-14
8.0840e-06
1.1410e-06
1.2370e-12
1.1120e-09
3.8910e-10
2.3180e-13
1.8100e-12
1.1510e-06
2.7280e-15
5.3390e-11
2.3090e-13
2.5950e-13
5.6840e-14
2.0760e-13
3.8950e-13
2.1080e-13
3.9560e-14
8.7080e-14
2.9290e-04
6.9880e-04
1.6210e-05
4.5810e-06
2.3680e-13
1.8940e-12
1.3120e-12
5.6390e-14
3.8650e-14
2.1490e-12
1.0620e-11
1.8500e-11
2.3090e-07
1.2450e-13
1.2260e-12
2.6330e-12
1.0430e-09
4.1980e-13
4.7070e-14
2.7810e-13
2.4510e-05
2.9440e-14
1.0550e-10
1.1510e-06
1.0830e-05
4.4340e-15
5.3280e-05
1.1620e-06
1.3720e-05
1.1940e-04
2.4900e-09
2.6340e-13
6.2600e-13
3.0710e-12
2.0220e-06
2.6760e-06
1.9670e-14
8.4180e-04
5.7560e-13
1.0970e-03
1.8190e-13
1.1250e-14
5.9310e-13
1.7940e-12
5.4600e-09
7.4450e-13
1.1440e-06
3.8530e-11
7.1510e-14
5.5290e-10
5.7830e-06
3.4490e-12
1.8800e-13
4.6380e-14
3.6500e-12
5.7350e-07
1.9040e-13
4.1440e-13
2.9220e-14
1.0360e-12
1.1380e-06
1.6530e-13
1.1550e-06
4.7770e-11
7.5480e-11
8.4630e-05
3.1430e-05
1.7600e-04
1.3930e-09
2.3060e-05
8.8900e-14
1.3960e-12
1.1370e-15
3.1970e-12
2.4380e-11
1.2100e-10
6.4500e-07
2.4690e-10
1.3260e-11
1.2510e-14
4.9560e-13
1.2960e-11
1.9660e-11
1.2670e-08
5.5710e-15
8.1850e-15
1.4640e-05
2.5320e-06
7.6170e-15
3.1930e-13
2.0800e-08
6.1910e-13
6.0250e-14
2.8990e-14
8.8860e-09
5.0370e-12
4.2410e-13
6.0370e-14
2.2680e-05
6.8290e-05
1.0130e-10
1.7830e-04
2.3760e-14
1.4190e-05
5.6520e-04
1.3850e-11
1.6740e-12
3.0690e-11
4.3730e-06
4.8220e-06
8.2770e-12
5.7840e-11
1.4040e-11
7.6620e-14
3.6380e-14
1.9550e-14
3.6800e-13
9.5290e-06
7.8580e-12
1.2350e-12
2.6170e-06
5.1200e-08
3.7050e-09
1.1270e-12
6.4380e-05
2.6270e-11
2.3600e-13
1.9570e-12
5.7070e-14
3.2290e-14
3.6610e-14
9.0840e-14
1.4220e-09
2.0480e-11
1.1000e-12
9.4300e-09
3.4860e-11
5.6420e-11
7.0240e-11
4.1250e-09
1.2580e-12
8.3610e-12
3.1460e-04
2.4320e-04
3.2330e-09
1.3570e-13
3.8200e-13
2.1750e-04
3.6100e-12
7.7740e-13
6.3740e-04
2.7430e-13
1.1990e-13
1.1010e-12
4.1560e-08
4.9150e-06
9.9730e-06
6.0770e-07
3.1630e-10
3.8440e-05
2.6450e-10
6.5370e-04
1.0850e-12
3.8790e-12
5.3460e-09
2.0880e-06
1.8360e-08
4.0590e-14
9.8540e-13
1.1590e-06
1.2910e-09
5.8910e-07
4.9230e-14
2.4410e-12
5.4010e-05
3.9340e-14
3.8610e-08
1.2110e-13
1.2350e-13
1.1420e-06
1.0570e-13
6.8660e-12
3.1540e-07
1.5580e-04
3.1410e-04
1.5710e-13
2.3110e-13
1.1140e-14
6.4370e-07
9.9020e-14
1.4180e-13
1.2100e-04
1.6260e-14
1.0050e-06
2.9560e-10
6.4300e-12
2.0360e-06
5.5100e-11
8.3950e-12
2.2060e-04
1.8140e-07
1.3530e-14
3.4140e-13
2.4070e-13
1.5210e-13
3.4340e-05
4.1450e-12
1.1500e-06
7.6230e-13
1.3820e-11
2.5740e-03
2.4040e-12
5.6570e-13
8.2700e-12
5.7140e-10
4.9000e-14
6.8750e-13
6.8040e-13
8.9590e-14
1.8070e-09
2.7340e-12
2.7580e-12
3.1830e-13
1.5310e-13
7.3050e-07
2.3530e-05
1.9180e-13
1.6400e-07
5.4470e-06
1.4170e-05
1.4930e-13
8.6400e-15
1.6760e-11
1.7210e-11
5.6390e-14
1.2990e-04
3.1090e-06
9.2130e-09
1.5060e-04
8.0490e-14
3.3300e-07
2.7840e-12
9.4510e-11
1.2530e-13
1.4270e-12
3.1590e-12
1.1580e-06
1.8530e-08
1.0680e-13
2.1030e-14
5.8420e-13
2.2910e-05
1.1740e-11
1.8300e-14
2.8310e-13
1.4950e-11
6.0320e-13
3.3390e-13
2.1140e-12
1.4880e-13
1.4950e-13
1.3360e-08
4.9610e-06
7.4470e-06
4.3200e-12
3.3410e-12
9.2090e-15
7.7420e-14
1.1470e-06
1.0420e-05
6.3460e-10
7.3560e-14
2.5510e-12
8.0430e-07
2.6150e-14
1.1980e-13
1.2960e-14
1.9490e-13
4.1390e-13
1.6270e-08
1.1460e-06
2.7010e-12
2.5790e-10
4.1170e-12
1.1550e-06
1.1030e-14
5.4410e-06
1.3630e-06
5.1590e-04
3.4110e-13
1.1420e-06
5.5530e-12
1.3800e-09
5.8450e-05
5.5820e-14
5.8270e-07
8.8540e-04
9.6030e-12
1.0190e-12
1.1580e-06
4.4560e-06
3.8660e-06
1.0760e-12
4.8020e-12
1.0860e-13
1.7620e-12
2.0690e-14
1.0800e-10
7.2420e-13
3.2970e-15
1.6800e-04
9.1060e-14
5.2300e-14
7.4120e-14
9.3560e-14
4.6160e-14
3.4110e-15
1.8080e-05
2.9920e-09
1.2940e-05
7.9770e-06
2.9800e-13
1.0360e-11
2.1910e-13
1.2990e-13
1.8300e-09
1.1610e-06
5.8240e-05
3.6080e-11
3.2970e-15
3.3620e-09
8.5230e-10
7.1780e-13
4.5500e-13
2.4720e-13
3.2860e-12
5.3110e-10
4.3200e-15
5.1500e-14
6.3950e-13
4.0730e-13
2.2980e-05
5.5290e-13
1.8470e-08
6.0460e-13
2.2880e-12
2.7440e-12
1.8330e-13
2.1300e-05
6.1210e-08
1.8490e-13
5.0400e-12
9.6440e-13
9.2030e-13
4.5790e-08
5.0270e-13
3.0470e-10
4.8230e-12
1.1400e-06
1.1640e-13
6.5820e-14
2.6940e-13
1.0070e-08
1.7720e-12
4.2060e-15
2.7170e-14
6.8480e-13
4.1150e-14
8.3240e-13
8.7200e-14
2.2870e-05
1.1990e-12
4.8760e-04
4.7990e-06
7.6080e-13
2.6830e-14
7.3290e-05
1.8370e-13
2.8590e-11
3.3790e-13
1.4110e-12
1.5290e-12
5.3740e-05
6.8610e-10
3.1090e-13
9.9820e-05
7.2560e-04
9.5900e-05
6.8130e-12
1.7870e-10
1.7280e-14
4.0770e-13
5.0300e-13
2.2510e-05
4.8880e-04
3.1910e-04
4.9030e-06
3.4450e-13
1.4060e-13
3.1140e-07
3.1600e-14
2.7970e-13
1.1540e-06
4.7020e-11
7.1620e-15
6.1290e-13
2.9440e-14
1.3530e-14
1.4470e-04
4.0930e-15
1.2370e-12
1.7100e-12
8.6430e-06
1.1520e-13
9.1090e-13
3.9770e-06
2.9440e-05
4.5310e-06
4.3530e-04
7.7160e-12
1.6260e-14
5.4320e-12
3.2710e-13
1.0010e-06
2.7820e-13
1.7150e-12
4.1950e-11
1.2200e-13
1.1560e-06
2.2890e-05
1.0000e-14
3.4020e-05
3.6380e-14
3.7180e-14
4.7590e-12
6.4290e-08
2.5720e-12
3.7630e-14
6.0300e-13
1.0770e-12
8.4790e-09
1.0570e-03
1.8390e-08
8.0360e-07
4.3710e-12
5.9970e-11
2.0610e-13
1.1470e-06
2.6870e-08
1.5920e-14
6.5170e-11
7.7300e-06
1.2690e-13
4.8950e-11
8.8220e-14
1.1200e-12
5.9230e-14
9.1560e-04
2.8050e-04
5.8960e-12
5.8420e-09
2.3770e-04
4.0980e-13
3.8530e-04
1.1340e-11
1.6610e-13
2.6270e-06
1.1410e-12
1.2510e-14
5.8700e-10
5.6250e-09
1.3950e-11
3.1880e-04
9.2030e-13
4.9230e-12
5.3600e-05
4.0310e-05
2.6400e-13
9.4030e-09
6.2240e-13
7.9190e-13
1.2640e-05
7.3030e-05
1.8230e-12
2.8010e-06
1.1120e-05
1.0430e-12
1.5250e-09
1.1510e-06
1.1510e-06
3.1370e-12
1.0180e-11
2.8960e-10
1.4270e-06
4.5960e-08
9.2820e-05
4.6730e-14
1.5460e-14
1.6530e-12
2.5340e-05
9.4700e-14
6.4800e-15
1.0230e-04
9.6180e-14
2.0460e-15
1.6850e-12
1.0970e-06
2.3230e-12
2.9560e-15
1.4970e-11
5.1200e-12
8.7080e-14
4.2080e-05
4.3880e-14
5.4570e-15
1.4820e-11
4.5320e-13
5.8040e-07
7.3280e-04
1.1400e-12
8.7880e-14
5.3890e-09
1.1260e-04
2.9260e-13
1.6010e-04
5.8330e-07
4.0360e-14
2.9680e-12
1.2350e-13
4.7130e-13
1.6010e-05
2.6150e-15
3.4160e-13
4.4400e-05
4.2620e-09
1.2210e-13
1.9690e-12
1.1950e-13
2.5050e-04
2.2850e-04
1.3280e-05
3.6950e-14
1.7620e-14
2.5670e-12
7.5880e-09
3.2710e-07
4.4220e-06
6.3570e-12
4.8370e-10
2.6180e-09
6.1990e-10
4.2750e-14
5.8070e-12
4.0520e-12
5.3890e-11
2.3060e-07
3.8780e-08
5.4110e-14
4.1170e-13
1.0400e-10
6.7330e-13
1.1470e-06
7.8950e-06
3.9030e-09
6.5080e-12
2.8800e-08
4.6610e-14
3.9890e-13
1.1120e-11
2.8410e-13
2.5400e-07
2.2700e-07
9.6620e-10
1.9670e-14
2.2290e-09
7.7310e-15
7.8790e-07
1.4930e-07
1.1390e-12
9.5040e-14
1.8640e-13
6.4610e-06
1.2980e-13
8.4810e-14
3.5690e-12
1.1800e-12
2.5060e-12
2.5930e-09
5.9090e-07
8.6600e-13
6.8210e-14
4.5100e-13
5.6740e-12
5.8290e-12
5.2070e-14
2.1790e-13
6.9500e-05
1.4090e-13
2.1780e-13
6.9350e-15
6.7130e-13
2.2960e-13
1.0430e-05
3.1830e-15
9.4390e-13
1.4340e-12
1.9430e-13
1.4520e-10
1.1550e-04
1.1470e-06
1.0710e-11
2.9020e-13
4.3030e-10
2.0310e-06
9.1070e-08
2.4280e-05
2.3940e-04
1.1570e-06
4.9150e-06
6.8210e-15
2.0660e-13
2.8190e-14
4.6390e-12
5.6840e-15
3.0660e-12
1.4550e-10
2.3390e-07
1.1490e-06
1.3710e-13
1.0460e-12
9.6750e-13
3.9900e-14
4.7290e-14
1.8030e-12
4.1740e-04
1.4260e-11
3.8570e-13
6.9320e-12
7.7420e-14
7.7890e-09
1.9460e-11
1.6790e-10
8.8330e-13
4.0510e-07
1.4630e-13
2.0810e-09
5.9570e-14
2.2460e-13
4.3930e-06
1.2250e-06
1.4670e-14
1.3140e-08
6.0820e-05
6.5230e-09
2.1070e-08
1.6170e-04
1.0220e-12
1.1120e-12
7.5190e-06
1.0120e-14
1.2390e-11
6.2530e-15
1.9560e-12
3.8810e-13
1.6290e-05
3.3860e-13
5.2300e-05
1.1330e-12
1.4780e-14
1.3870e-12
2.7590e-07
3.1040e-14
5.9760e-05
1.8140e-12
1.8940e-12
1.5680e-12
7.1540e-13
8.9000e-09
1.4710e-13
4.5470e-15
5.2380e-13
1.4640e-07
1.2000e-08
1.3850e-11
2.1290e-05
4.7400e-05
3.3740e-05
3.2580e-11
1.1690e-04
3.3870e-13
4.1370e-13
1.3420e-14
2.3080e-14
4.3200e-15
3.8250e-06
1.2170e-09
1.1300e-13
7.6310e-13
5.3430e-15
2.6180e-05
3.2580e-09
5.9810e-09
1.6540e-12
5.3770e-14
1.6930e-08
1.8640e-10
1.5420e-13
2.2410e-06
4.0620e-05
1.7740e-07
1.5210e-04
4.5470e-15
5.5550e-13
6.9010e-14
5.0790e-09
1.3420e-14
1.8190e-15
1.6360e-12
2.0060e-09
3.0640e-11
1.4390e-12
6.8930e-13
8.3820e-10
3.2170e-13
2.0400e-13
1.4550e-14
6.0800e-04
1.2120e-08
1.0870e-05
3.3880e-14
5.0590e-14
3.8040e-11
1.3680e-12
5.9150e-10
4.9560e-06
1.4270e-12
2.4480e-13
5.5840e-13
1.6830e-14
4.8890e-15
1.6080e-08
1.1600e-10
9.0270e-12
3.9290e-13
4.1660e-08
1.1290e-06
1.6680e-11
4.6270e-12
1.1630e-12
9.6970e-14
4.8890e-15
1.1430e-06
5.0720e-13
2.0690e-13
1.6070e-10
3.6380e-15
8.9340e-09
1.2390e-14
2.2290e-13
8.1750e-12
9.2000e-13
8.2990e-15
4.8280e-13
1.9890e-12
8.7730e-13
2.8240e-12
1.7440e-04
5.5390e-12
3.4020e-07
4.7980e-05
7.0190e-13
2.8420e-15
1.4180e-12
9.4020e-14
1.8240e-13
2.0380e-11
1.6500e-11
9.7880e-14
6.2530e-15
1.1420e-06
2.9910e-09
3.6940e-12
8.1060e-06
1.1480e-06
1.7960e-14
1.4970e-13
2.3060e-12
3.5800e-07
1.4570e-12
6.4930e-13
1.3070e-14
6.0610e-05
1.2270e-13
8.0150e-14
5.9380e-13
4.6040e-14
9.5840e-14
8.8710e-09
2.3990e-13
8.1850e-15
1.3980e-14
4.3680e-06
4.8720e-09
1.2840e-12
2.0630e-11
1.0360e-12
2.5980e-13
1.1480e-14
5.7410e-13
1.2840e-13
1.4410e-11
1.1550e-06
2.5890e-07
8.5490e-14
4.4790e-14
1.7560e-12
1.1290e-13
2.6830e-10
3.1590e-12
4.7050e-09
6.4100e-13
7.4940e-13
2.3120e-07
7.6850e-14
1.4690e-11
1.0870e-05
3.2510e-14
3.3160e-12
8.6140e-13
1.3480e-12
5.2180e-14
6.4820e-13
5.7390e-12
1.6130e-13
7.3900e-15
1.3190e-13
5.3280e-12
8.9810e-15
2.2320e-11
2.0830e-13
9.0720e-14
3.4110e-14
3.4330e-14
3.1330e-07
3.2890e-04
6.3190e-10
6.4630e-09
5.6030e-12
2.8450e-05
1.6030e-14
7.9110e-06
1.3640e-14
2.0580e-14
1.1260e-08
1.4720e-11
5.2770e-11
2.3270e-13
5.5520e-13
2.4270e-12
1.3140e-13
9.0320e-10
6.5380e-07
4.3320e-12
2.7280e-10
1.2540e-12
1.8090e-13
6.9680e-12
4.7410e-12
1.3370e-12
4.0200e-09
8.9540e-09
2.5010e-14
2.1040e-05
1.3880e-12
2.1430e-13
1.2830e-12
4.0490e-06
6.8350e-13
1.0140e-06
2.6490e-14
4.8760e-10
2.8650e-10
2.0670e-10
9.3000e-14
1.5000e-12
1.0480e-13
2.8650e-14
1.1180e-11
3.4790e-14
1.9840e-11
1.0710e-10
5.9990e-07
2.8860e-04
9.4730e-08
5.3180e-09
6.3680e-05
6.0730e-09
9.5840e-14
5.7940e-07
1.1590e-06
1.6070e-05
2.8410e-12
4.9000e-14
9.2760e-06
8.6370e-12
4.9180e-13
1.1240e-13
5.8980e-10
1.3010e-13
3.9730e-13
3.0240e-05
5.5250e-14
7.1280e-13
8.9830e-12
1.8190e-15
2.0620e-09
7.9000e-13
5.0020e-14
5.8690e-09
4.6730e-14
1.4780e-06
1.0730e-13
2.3600e-12
1.1770e-10
1.2570e-12
2.6900e-06
8.0580e-05
2.2700e-05
3.5500e-06
1.6760e-06
1.8660e-04
2.1610e-13
1.4190e-13
1.1670e-12
2.0870e-11
4.8990e-13
9.0950e-14
1.3570e-12
6.2820e-05
7.9520e-06
2.0350e-05
5.9000e-14
1.0180e-12
1.4770e-13
1.3780e-13
1.1880e-09
1.2360e-09
4.4460e-06
5.2710e-09
7.6770e-10
2.1130e-11
1.2100e-03
1.5210e-12
3.4140e-05
2.9160e-10
7.0090e-08
2.0110e-12
5.1050e-14
1.1470e-06
5.7460e-07
3.6330e-13
8.0490e-14
1.1550e-11
1.9200e-11
4.8390e-13
7.1410e-12
8.2620e-06
1.7530e-13
3.9170e-06
4.7780e-06
1.1570e-06
4.8430e-13
1.0150e-12
2.5930e-10
1.7570e-12
6.8400e-09
2.5010e-15
9.8770e-07
3.7140e-05
7.6820e-06
2.3970e-05
1.7290e-08
2.0790e-13
1.0350e-12
6.1410e-13
5.7790e-06
6.0480e-14
1.1430e-06
4.4320e-13
1.1490e-06
4.8270e-05
3.6910e-05
3.2690e-07
3.2980e-13
1.1600e-06
4.3720e-05
2.2980e-09
1.1610e-06
1.9550e-13
1.8130e-09
1.1450e-06
4.4910e-14
1.4030e-13
2.9360e-12
3.4280e-13
6.5940e-15
1.5710e-12
3.3760e-14
1.5090e-11
1.6850e-10
2.1290e-08
6.4900e-13
2.1460e-12
2.3490e-13
1.3090e-13
1.2530e-05
6.3320e-10
1.1470e-06
3.2460e-12
3.4900e-14
4.4340e-06
3.7530e-08
8.8440e-13
1.1570e-06
3.1720e-13
6.9640e-13
7.9820e-07
1.2290e-07
3.2860e-13
2.3790e-09
1.3080e-05
3.3530e-13
2.2770e-07
5.7850e-07
1.1260e-04
5.8640e-07
2.4810e-11
1.7980e-05
1.0110e-13
5.9450e-10
7.0730e-05
1.9880e-12
1.5630e-07
1.4610e-11
1.2500e-12
1.1480e-06
1.2430e-12
5.3430e-15
5.9650e-05
1.7170e-14
7.2700e-05
4.3750e-05
1.4810e-11
2.5370e-08
9.3760e-06
3.0150e-05
1.7510e-14
2.0430e-06
5.2330e-09
1.1600e-06
5.8670e-06
1.4530e-11
1.4030e-13
2.3730e-12
3.9930e-12
4.0670e-12
2.5680e-04
1.2840e-12
4.1600e-12
2.4770e-11
4.9820e-08
5.1510e-13
1.1420e-06
2.6760e-13
2.7480e-04
3.8890e-11
6.7890e-13
1.1400e-06
1.1600e-06
2.5010e-15
7.3750e-13
1.9720e-09
1.1470e-06
5.0140e-14
9.1740e-06
2.5610e-12
4.8290e-09
1.6120e-10
6.4460e-14
3.0970e-13
3.5610e-09
1.8990e-04
7.4900e-04
2.1600e-15
5.6390e-14
7.1690e-13
1.1800e-11
7.2080e-06
7.5980e-13
2.6630e-12
2.2840e-07
3.7520e-14
9.3890e-10
4.7250e-11
3.6690e-12
4.3680e-06
1.1570e-06
4.4850e-09
6.3060e-09
5.2530e-08
3.7380e-13
1.7540e-11
7.9940e-11
9.1120e-06
3.6400e-10
4.8210e-06
2.5780e-06
9.0210e-11
9.9250e-14
7.1630e-13
6.2520e-06
1.1540e-06
4.8620e-06
9.4590e-14
2.5200e-06
3.5920e-08
6.3440e-14
3.2060e-14
2.8930e-13
5.6010e-04
2.3870e-14
1.6870e-11
9.1060e-14
1.6170e-12
2.2710e-05
5.1440e-12
7.8750e-13
5.8970e-11
5.7980e-15
3.9500e-11
7.5010e-12
8.0030e-06
6.3820e-05
1.6240e-12
5.4430e-10
5.5690e-11
5.1770e-13
2.7450e-08
1.2790e-11
4.4860e-11
5.7300e-14
6.3490e-10
4.1920e-12
1.8020e-11
1.2960e-13
2.0030e-07
7.8970e-06
1.5770e-05
4.5470e-15
1.1420e-11
6.3660e-15
9.2090e-14
3.0720e-11
1.2810e-13
4.3010e-09
1.2670e-12
1.9590e-10
1.2730e-14
5.9110e-05
3.5020e-14
3.6430e-12
5.6390e-14
5.9570e-13
9.0270e-14
3.4330e-13
5.9850e-12
4.9550e-12
9.0950e-15
1.7520e-13
1.3630e-04
1.2130e-13
1.5710e-12
1.1370e-15
2.0260e-11
5.6610e-11
4.8010e-06
1.6490e-06
3.3930e-11
6.3370e-05
2.0330e-13
1.1960e-12
1.6020e-13
1.2180e-12
2.2710e-13
1.5070e-10
1.0670e-08
8.0890e-05
1.3410e-04
9.9690e-07
2.2230e-12
9.6610e-05
7.5030e-15
6.4480e-07
4.2970e-14
2.1720e-12
2.9070e-11
9.4750e-10
7.1740e-14
6.9410e-10
8.0720e-15
2.9430e-12
2.4980e-12
1.0570e-13
3.7250e-12
1.1550e-06
9.4160e-06
4.1890e-13
2.1010e-13
3.5420e-13
3.9590e-06
5.5590e-11
7.3440e-14
2.2750e-05
8.3680e-05
4.0680e-09
2.3650e-13
4.8150e-06
7.4640e-10
2.9830e-13
6.3130e-11
2.0290e-11
1.1580e-06
9.4810e-14
3.3550e-13
3.2740e-07
1.5920e-15
8.3730e-13
6.4070e-09
3.1880e-13
7.2840e-09
3.4660e-11
3.7250e-12
1.4050e-06
1.2630e-11
7.7260e-11
2.2960e-05
1.3070e-14
9.6810e-09
5.3860e-08
9.7620e-09
9.2570e-05
7.1680e-10
4.8180e-10
8.9130e-10
2.8420e-14
4.4690e-06
1.0180e-12
1.0370e-13
2.6990e-09
1.1390e-06
3.7550e-12
2.1940e-09
1.1260e-12
2.6760e-06
1.1400e-11
1.8810e-11
7.3380e-05
7.3500e-11
1.1510e-06
1.2860e-13
9.4190e-07
1.1290e-13
1.9880e-05
9.2890e-11
4.2240e-09
1.9220e-04
7.0780e-13
3.5200e-13
2.3530e-12
2.5930e-06
2.8210e-09
2.0070e-13
1.0040e-04
6.7670e-13
4.7110e-11
1.1550e-06
6.6230e-11
7.2850e-13
3.8070e-13
1.2680e-13
8.1850e-15
4.5370e-09
6.4980e-08
1.5990e-04
1.3520e-06
7.6270e-09
3.0700e-15
3.6040e-14
1.9440e-11
1.5720e-12
1.4670e-14
1.1050e-12
4.8150e-13
9.9490e-07
6.5220e-07
5.7460e-08
2.6940e-06
4.0930e-15
5.2520e-12
2.2910e-05
5.0780e-13
1.6710e-14
5.8730e-05
1.3250e-11
1.1550e-06
1.9980e-05
9.0040e-05
3.2380e-13
1.7110e-04
2.6510e-13
1.2410e-13
2.5920e-08
2.2980e-13
3.2970e-15
2.7380e-11
4.3210e-13
5.5640e-13
5.0810e-13
4.0380e-11
1.6050e-13
1.4490e-05
4.0700e-05
5.8320e-14
9.1680e-05
1.1450e-06
2.9520e-08
3.7520e-15
4.4150e-12
1.7680e-05
6.3470e-05
2.7280e-15
6.9440e-11
1.1340e-06
4.3810e-06
8.9130e-14
3.4690e-13
6.7430e-09
7.1050e-14
1.7580e-09
1.1590e-06
5.4800e-05
9.3620e-12
1.0760e-09
6.3890e-05
4.8870e-06
7.9240e-14
1.1550e-06
4.5090e-05
3.3180e-12
1.9330e-10
1.0020e-06
2.6140e-11
1.0200e-11
4.4680e-06
6.6690e-12
1.1930e-11
2.1710e-14
1.3620e-05
2.5300e-06
8.7810e-10
4.4970e-11
1.0180e-12
1.9750e-13
3.4140e-12
1.4170e-13
8.7650e-14
1.4570e-13
2.6880e-06
1.2510e-14
4.5470e-15
2.0240e-14
1.4860e-13
2.7400e-11
8.8230e-13
9.1460e-06
2.2730e-05
1.0970e-07
1.2980e-13
3.5080e-13
3.8200e-14
8.6640e-09
7.1050e-13
3.9590e-12
2.6830e-14
7.9580e-15
7.9690e-14
6.5650e-05
1.3180e-13
1.9950e-06
3.1300e-05
8.2800e-13
3.5350e-13
1.1590e-11
2.3620e-11
6.5910e-09
1.8250e-03
5.0680e-09
6.1220e-12
3.6830e-13
2.4560e-14
2.2570e-05
1.0850e-12
5.7770e-06
2.3030e-05
7.0740e-13
1.8830e-04
2.7120e-11
1.6730e-08
8.7310e-14
1.5990e-05
4.9550e-06
3.9730e-05
2.2960e-14
1.4110e-13
6.6200e-08
3.5240e-15
8.9810e-12
3.7620e-09
1.4000e-05
2.9210e-10
1.1570e-06
5.1160e-15
2.9100e-14
4.3470e-05
2.8880e-14
2.0350e-14
8.8450e-14
2.1370e-05
1.0300e-12
1.2860e-11
1.9230e-10
2.8990e-14
1.1490e-06
2.9750e-13
1.6440e-09
1.4710e-09
8.9470e-14
1.7280e-14
7.5360e-13
2.6880e-13
2.7280e-15
1.7050e-15
3.1600e-14
8.6400e-15
3.9630e-06
3.5850e-07
1.4670e-08
4.8390e-13
3.1980e-13
8.4700e-13
1.2470e-04
9.9850e-12
2.1220e-05
2.3350e-07
5.8680e-07
2.5900e-09
1.4210e-13
1.1390e-06
4.4000e-14
3.1800e-08
1.7030e-08
6.5910e-05
1.2180e-04
1.1710e-14
1.1630e-06
6.2190e-14
1.0150e-04
5.3330e-09
5.5930e-14
7.4490e-13
2.0830e-12
3.4620e-12
3.0280e-08
6.3230e-12
1.1440e-06
8.9810e-15
1.0110e-12
1.4720e-12
6.1280e-13
3.1280e-05
2.2320e-09
7.8240e-06
8.6400e-15
5.7990e-07
2.4120e-13
7.1310e-08
1.0260e-04
3.9400e-09
5.8550e-11
7.8360e-13
3.3070e-12
6.5600e-14
1.1410e-06
1.1940e-13
7.3180e-13
2.0730e-10
1.4120e-05
8.1490e-05
1.9430e-09
1.0610e-13
7.7640e-04
2.3160e-07
1.5710e-06
1.0330e-12
4.8430e-12
1.6310e-11
3.8910e-06
5.8400e-11
1.4080e-11
4.6500e-14
1.0350e-04
3.6550e-13
1.1400e-06
2.8040e-05
7.5920e-09
6.3110e-05
1.1480e-06
3.7070e-13
5.8770e-07
7.3330e-14
5.7240e-05
2.4640e-13
2.6230e-06
2.8620e-09
1.2550e-11
8.6860e-14
1.3370e-04
1.3400e-11
1.1410e-06
4.9340e-14
2.2630e-05
1.6780e-04
5.8280e-13
7.8950e-10
1.4330e-11
2.6300e-06
2.1100e-04
1.1370e-14
1.7510e-14
3.6920e-12
3.7310e-13
2.5490e-13
7.1050e-12
2.1600e-15
1.3860e-11
2.3030e-13
1.5830e-13
2.3090e-13
3.8080e-08
2.6840e-06
5.0720e-12
5.8770e-07
6.2530e-12
5.6130e-08
2.0760e-10
7.5020e-12
8.8650e-05
5.1310e-12
7.2620e-12
8.5540e-12
2.3530e-14
4.2640e-05
6.8850e-13
1.0740e-09
2.8730e-11
3.4080e-05
1.3830e-11
3.9850e-07
2.7650e-13
4.1820e-12
2.0980e-13
4.6830e-12
4.5850e-12
3.8110e-13
1.9040e-12
5.3560e-06
7.8440e-15
4.2630e-14
2.4910e-09
2.7130e-12
6.6830e-13
2.6310e-07
3.3610e-13
1.4440e-14
2.4210e-04
1.3090e-13
7.4760e-13
3.4560e-14
7.0650e-09
3.8990e-06
1.2930e-12
1.2860e-10
4.5730e-05
6.4350e-14
1.1780e-11
1.6440e-04
5.6880e-07
4.4850e-09
9.2790e-05
2.0110e-10
1.1630e-06
3.5950e-11
4.2670e-06
8.0830e-14
1.1410e-04
1.8750e-07
2.6150e-15
1.1510e-06
2.1470e-05
2.4830e-12
4.1040e-06
4.5350e-10
8.8230e-09
2.4730e-11
2.6030e-06
2.9490e-11
1.1120e-12
8.6090e-08
3.1950e-14
4.7880e-05
1.0050e-13
7.3440e-14
2.1530e-11
2.2950e-07
1.2590e-13
1.1550e-06
7.1160e-06
1.7930e-13
1.1220e-05
3.7530e-13
4.4970e-05
7.1620e-12
6.3070e-04
5.9690e-14
1.3700e-13
1.4480e-05
4.3980e-06
1.3760e-14
2.3000e-05
5.8860e-05
2.0420e-09
1.2630e-13
2.2750e-05
7.4010e-06
3.8680e-13
1.1190e-09
1.1290e-09
6.5010e-09
1.0970e-12
7.0370e-11
8.9610e-09
2.2110e-12
6.5820e-07
8.1400e-14
1.9730e-10
1.7060e-13
4.8170e-05
8.6400e-11
4.1190e-13
4.2460e-11
4.5530e-11
6.0990e-11
1.1790e-11
5.7720e-07
2.3110e-09
2.3970e-13
1.1600e-06
1.0710e-12
9.6210e-12
1.9630e-13
1.5460e-14
2.0350e-14
7.6200e-12
7.8840e-04
5.0340e-13
3.0150e-04
1.5840e-08
8.9150e-04
1.1490e-06
7.8590e-13
1.3130e-11
2.2230e-10
1.1640e-06
2.3000e-05
5.3480e-05
1.3010e-12
1.7700e-12
1.8430e-08
2.9260e-04
1.1610e-08
2.0460e-14
9.3620e-11
1.3400e-12
2.6880e-12
1.3560e-11
3.2340e-12
2.0210e-09
1.5110e-12
2.0030e-12
1.8640e-11
1.3980e-13
3.0810e-13
5.8860e-07
4.5800e-05
7.0540e-11
1.3740e-12
4.3810e-06
1.5010e-14
5.9000e-14
3.3870e-05
1.1340e-12
2.3540e-13
4.7750e-15
2.3500e-06
5.9720e-05
8.1270e-13
4.8200e-09
1.2910e-09
6.7750e-12
4.5450e-13
1.4940e-12
2.3650e-14
3.0580e-12
8.0060e-13
1.6420e-13
1.8090e-10
6.2060e-05
2.3190e-14
4.4380e-13
5.4250e-10
4.4340e-15
1.8620e-12
1.7850e-14
2.4870e-13
1.3760e-13
1.0540e-11
4.6880e-05
1.5000e-13
3.9010e-08
9.8370e-13
2.0160e-13
1.0910e-14
2.4410e-12
9.6630e-14
3.9750e-05
6.3210e-13
8.2960e-13
1.0010e-05
2.0920e-14
4.8280e-06
7.1340e-09
2.2380e-13
2.8490e-13
8.8680e-15
3.5290e-13
7.7080e-13
2.2620e-14
1.8410e-13
1.5200e-12
3.6100e-06
1.1370e-15
3.6150e-14
3.5320e-05
9.7920e-05
5.2850e-11
2.7850e-14
7.2650e-13
1.5010e-14
5.1690e-11
2.2740e-11
3.8490e-05
2.1750e-05
1.3690e-13
1.0690e-05
7.8820e-06
4.4110e-06
1.8940e-12
3.4560e-13
1.2510e-13
4.3380e-05
2.2810e-12
9.6520e-14
5.6050e-14
9.4930e-09
3.6410e-10
1.9780e-12
3.4560e-14
1.4800e-13
5.6270e-14
1.1630e-06
9.3450e-14
3.2730e-07
5.4470e-07
9.3740e-10
2.4670e-12
2.0200e-04
1.3160e-11
1.8290e-13
2.2740e-05
3.2040e-09
2.2210e-09
2.7080e-04
1.7630e-08
2.3000e-13
2.7060e-14
4.3620e-13
3.3290e-13
1.6860e-12
1.5230e-14
3.8370e-05
6.5400e-12
8.1710e-05
2.0220e-06
2.1130e-11
9.7180e-12
1.4780e-15
4.5420e-08
2.1640e-05
5.9320e-11
3.1950e-04
3.5350e-07
2.2430e-08
1.2800e-11
1.5370e-11
1.8990e-14
3.9480e-06
1.1440e-06
3.6820e-12
1.2510e-12
1.9720e-09
5.0790e-05
1.7030e-10
1.0480e-12
8.9810e-15
8.0040e-05
7.7400e-06
1.1380e-11
4.7070e-13
4.5960e-05
1.5800e-14
6.0250e-15
2.3280e-11
9.7880e-14
6.2660e-06
4.8990e-06
6.5730e-04
1.3780e-11
6.2150e-13
2.9790e-14
4.6610e-15
3.0480e-07
2.8510e-05
8.2990e-14
4.9180e-07
3.5240e-15
1.9670e-09
1.6880e-12
2.0020e-09
2.4440e-14
6.4920e-14
1.3050e-04
3.3140e-10
1.1210e-11
8.5440e-13
1.1370e-11
8.7380e-09
5.2400e-05
6.3310e-13
1.1200e-05
7.3050e-05
4.3350e-06
4.4500e-12
1.1410e-06
2.6730e-06
1.5990e-05
2.2010e-11
1.1600e-14
1.1450e-06
2.6940e-14
3.4550e-04
1.1350e-06
1.5570e-05
1.3410e-10
5.2750e-14
1.2060e-09
7.1620e-15
6.4250e-05
2.8310e-14
3.4300e-12
1.6330e-05
6.2470e-11
2.1530e-08
6.9940e-10
2.0420e-06
5.3330e-13
5.7180e-14
8.7720e-08
2.0060e-07
5.8060e-07
2.5110e-04
5.7670e-07
3.9640e-06
1.6200e-11
2.8710e-13
1.1370e-06
3.2640e-13
1.1450e-11
2.1940e-13
5.8680e-07
7.7310e-15
4.8960e-09
6.9240e-14
1.5920e-14
5.4550e-12
5.5140e-14
2.6640e-09
6.0680e-11
2.3890e-13
5.3090e-14
2.8920e-11
1.4780e-15
9.9750e-05
1.0480e-04
1.6860e-11
3.5800e-08
1.1580e-06
4.9280e-13
4.4680e-14
4.6780e-04
4.8200e-09
2.6980e-08
1.1590e-06
4.3040e-11
4.7980e-14
5.8390e-11
3.4790e-14
7.2240e-13
3.6460e-13
4.5930e-14
1.2630e-11
1.4010e-12
1.1580e-09
3.2960e-13
1.3750e-12
3.9740e-12
1.6770e-11
1.1500e-06
1.3620e-06
7.3520e-10
2.2440e-10
1.6800e-09
3.9560e-14
3.6380e-14
1.1410e-06
3.0810e-14
1.0090e-03
1.0040e-06
1.8310e-08
1.1430e-06
1.6970e-07
3.4220e-09
1.5890e-10
2.4790e-12
3.7820e-08
9.4590e-14
2.2430e-13
4.5240e-13
1.9550e-05
3.2500e-10
1.1030e-09
8.5270e-15
4.1350e-12
3.2520e-09
2.0340e-06
4.2550e-09
5.1160e-15
2.1820e-07
6.8050e-04
3.3010e-13
7.2360e-13
1.5950e-12
1.4780e-14
5.2180e-14
2.3760e-11
4.2720e-13
5.2430e-05
2.6960e-13
3.3350e-05
1.9630e-09
2.5190e-13
6.2480e-05
4.4030e-06
4.4490e-09
3.5640e-06
3.0640e-13
2.2890e-05
3.1030e-11
1.9440e-13
4.1950e-14
7.7370e-05
4.7370e-13
5.2020e-04
1.2300e-12
6.5600e-14
1.6900e-12
5.4680e-14
9.4560e-09
5.3750e-06
1.1370e-15
6.6730e-14
4.4880e-11
2.5420e-06
5.8930e-07
5.8310e-06
8.3620e-06
2.0960e-05
4.4070e-06
1.2630e-13
2.1950e-12
1.2790e-08
5.8550e-14
8.4600e-05
1.1210e-12
8.7650e-14
7.2510e-13
4.8200e-06
8.5690e-13
9.7360e-13
1.3490e-12
2.5720e-13
1.7030e-12
1.8990e-14
5.0240e-13
7.5690e-10
7.5100e-13
1.0710e-05
1.8180e-04
1.1470e-06
6.7420e-14
1.5920e-15
6.1400e-08
2.2250e-05
3.1720e-08
2.3680e-05
5.5710e-15
2.9340e-13
2.6050e-07
1.7450e-13
1.8840e-13
4.5470e-15
3.9560e-14
5.1720e-09
1.0880e-08
2.0220e-05
9.4700e-14
6.1500e-13
1.0260e-06
6.6830e-12
6.7760e-14
1.7410e-12
1.1620e-06
4.7960e-06
9.5390e-04
1.8930e-09
8.3560e-14
1.2150e-13
9.3150e-12
4.6770e-08
5.1260e-12
1.2740e-08
8.7500e-10
6.7940e-13
7.8900e-14
4.0020e-14
1.4440e-12
1.3020e-11
1.1560e-06
2.3270e-09
3.9770e-12
4.5790e-12
3.3530e-04
9.6310e-05
3.6490e-10
3.8540e-05
8.8090e-06
2.4490e-13
1.1530e-06
1.1670e-12
3.1560e-05
2.2480e-12
1.8110e-05
5.1050e-14
4.1380e-11
1.3720e-13
7.4330e-11
1.7860e-13
4.0750e-13
3.5360e-14
1.3190e-14
5.7430e-13
4.1610e-14
1.9020e-04
1.0910e-14
3.7240e-11
3.4160e-12
1.1940e-14
1.0650e-04
1.4520e-05
2.6060e-06
4.5590e-14
6.2640e-13
9.7500e-09
8.6890e-13
7.1850e-14
1.8360e-13
1.0350e-13
1.2880e-12
3.8650e-14
3.0950e-07
1.5410e-12
3.6800e-06
2.0690e-14
1.1400e-06
2.6390e-10
3.8650e-15
2.7850e-14
3.3580e-13
7.1460e-06
1.0650e-11
9.8660e-08
5.7240e-12
1.7260e-11
2.0890e-07
4.0500e-13
1.5730e-08
9.1920e-13
1.7010e-04
2.0960e-04
7.7420e-13
3.0860e-08
5.4800e-14
8.1440e-09
6.3380e-05
3.0300e-13
2.5130e-11
3.1150e-14
7.7340e-05
2.3530e-14
1.1270e-13
2.6500e-06
1.9290e-12
2.7850e-13
7.6680e-12
7.4050e-08
2.5460e-12
2.1230e-13
2.9440e-13
2.4770e-13
2.8570e-04
1.1060e-04
1.5120e-14
3.6800e-11
1.1260e-12
5.7870e-04
2.4480e-11
5.0020e-15
1.3570e-04
9.4680e-05
1.2550e-05
1.1420e-06
8.2470e-12
8.2540e-14
3.0550e-08
6.8520e-05
6.5690e-05
1.5800e-05
8.7690e-07
2.4120e-05
9.3980e-05
3.4110e-15
5.9870e-11
5.9890e-12
1.1080e-13
6.2060e-05
1.3390e-12
1.5330e-12
1.6970e-10
1.5980e-10
3.5130e-14
3.7590e-11
1.1490e-06
5.2640e-14
4.1220e-12
1.1200e-13
2.9560e-15
1.1510e-06
9.0030e-09
2.3890e-07
1.0640e-12
1.3070e-14
1.3030e-12
2.3650e-14
7.2040e-13
3.6450e-05
5.1190e-10
5.9530e-07
6.0730e-09
1.8740e-13
1.7700e-13
1.6860e-12
9.8620e-11
6.6280e-14
6.6960e-14
1.2060e-11
8.5200e-11
1.9990e-13
6.0230e-12
2.2320e-13
1.7130e-08
2.2440e-13
7.2760e-13
7.1050e-14
7.8440e-15
1.6810e-04
2.6260e-14
1.1370e-15
4.0290e-12
1.4550e-14
2.3410e-11
2.7280e-13
3.1080e-11
2.1490e-05
1.4250e-12
2.7890e-13
3.9050e-12
3.6080e-12
2.2830e-05
6.8540e-06
3.3780e-05
4.8090e-14
1.2240e-04
1.2210e-12
1.0410e-13
2.6540e-06
8.5200e-13
1.1270e-07
2.9200e-12
1.9090e-04
6.8400e-09
1.1140e-05
5.2060e-08
1.1360e-11
9.8710e-10
5.9140e-11
6.5170e-09
1.1490e-06
2.2980e-13
1.8050e-13
2.5740e-11
5.7660e-07
1.3210e-13
1.5760e-05
3.4110e-05
1.4190e-13
1.3850e-13
1.8440e-13
9.3750e-13
1.0820e-04
9.9340e-05
1.7360e-13
6.4350e-14
8.4190e-08
7.9340e-06
1.7910e-09
4.0360e-14
1.0180e-04
2.5390e-04
1.8890e-13
8.5720e-13
6.7280e-12
7.0130e-06
1.5120e-14
1.0350e-11
7.7950e-11
4.5590e-14
6.6560e-07
1.3690e-10
1.1550e-06
1.1400e-06
4.2400e-06
2.5060e-13
6.5900e-12
4.7290e-14
7.6680e-13
3.5940e-10
4.5260e-09
1.4400e-13
9.2090e-15
2.6960e-09
2.0630e-06
2.6350e-11
5.5380e-10
3.1170e-05
5.8990e-05
1.1550e-06
4.4150e-10
9.2770e-14
1.5800e-14
1.5190e-13
3.0100e-13
5.7970e-06
4.1210e-13
2.0730e-09
1.0030e-05
2.3000e-13
1.1520e-13
3.1530e-13
2.0240e-11
5.4030e-06
3.3440e-13
1.2900e-05
1.0840e-05
2.7850e-13
2.1300e-12
5.4250e-11
2.3530e-14
1.7800e-09
1.2720e-08
1.2960e-12
8.8300e-09
2.1830e-13
3.8480e-12
8.9360e-14
3.3050e-04
1.2160e-14
4.3320e-12
6.0350e-12
7.3210e-11
2.5600e-06
2.6310e-04
5.0020e-15
4.3700e-13
2.4780e-14
1.7460e-11
2.5500e-13
1.5290e-04
3.2250e-13
1.4890e-14
1.3560e-13
1.1730e-12
2.5690e-14
4.5470e-15
2.6030e-08
1.2310e-13
9.0950e-14
7.1260e-06
2.1150e-12
1.7960e-14
1.0230e-15
2.0220e-05
1.5950e-04
8.1460e-12
1.9780e-14
4.7170e-12
9.0760e-12
5.5260e-12
2.4730e-08
2.4780e-14
7.9920e-14
5.9230e-05
3.1000e-07
2.7220e-12
1.2760e-13
7.0190e-12
1.0110e-11
7.0610e-13
9.0110e-13
3.0640e-12
2.1860e-13
1.2550e-13
3.0660e-12
2.2280e-13
5.4570e-14
6.1280e-09
3.7180e-05
5.8610e-07
4.3980e-06
1.0160e-13
5.0000e-13
1.3640e-15
1.5580e-12
9.5360e-05
1.8950e-10
8.9610e-12
2.8450e-12
1.4010e-12
2.4350e-12
7.9350e-14
2.2910e-05
6.4800e-14
1.5030e-13
1.4490e-05
2.0460e-15
1.9900e-14
3.8770e-14
1.8090e-04
2.6190e-13
1.5010e-12
2.4730e-11
5.9120e-15
4.8320e-14
8.3220e-14
4.1570e-11
7.8400e-13
1.7170e-14
3.5000e-12
1.2900e-04
2.7140e-05
2.1600e-15
2.3120e-05
4.3240e-13
8.5230e-13
4.6230e-05
7.1660e-09
1.1310e-07
1.3720e-13
3.3180e-12
6.7420e-14
5.4380e-06
5.2750e-14
3.9340e-14
5.7350e-07
1.2380e-13
4.8390e-06
5.5110e-10
5.5220e-10
1.4460e-10
5.6670e-12
2.3400e-13
2.3250e-13
1.2280e-10
4.5550e-13
1.4030e-13
1.0300e-13
5.1270e-14
9.3200e-12
7.7990e-14
1.3380e-04
6.5730e-05
3.1240e-05
6.8210e-07
4.1590e-13
2.2730e-05
1.6190e-13
4.6310e-05
2.6230e-09
2.0920e-14
4.5590e-14
1.2340e-12
1.5150e-08
2.2270e-12
1.7420e-13
3.6490e-14
4.7910e-05
1.9780e-14
1.5760e-06
8.2310e-13
4.1040e-07
2.5810e-14
2.3250e-11
8.6460e-11
1.2470e-12
1.1540e-06
1.3640e-15
6.4080e-09
6.0250e-15
1.1910e-10
1.0570e-09
1.1070e-12
5.8740e-13
7.0960e-13
2.5910e-13
3.0990e-13
1.2050e-14
4.2060e-15
1.3520e-13
4.8750e-04
3.6870e-11
4.0310e-09
5.7180e-14
3.7520e-14
3.4220e-14
9.5440e-11
6.8760e-11
2.2530e-12
1.1440e-13
5.0410e-11
1.2550e-12
1.4600e-13
1.1370e-06
2.2920e-13
2.0800e-14
7.7770e-12
1.1480e-06
1.6160e-12
4.3330e-13
1.3220e-11
5.1740e-11
7.3090e-10
5.0010e-04
3.4940e-06
3.8450e-06
2.0280e-11
7.9490e-10
8.8620e-13
2.1170e-05
2.1360e-05
1.1860e-13
1.2610e-11
1.1390e-06
4.5020e-14
8.5700e-12
2.2310e-05
2.7190e-12
5.5580e-10
3.8880e-14
1.5220e-13
1.5390e-08
1.3110e-05
1.4240e-07
1.3300e-13
3.2130e-12
4.8920e-06
6.4040e-12
3.4710e-13
7.7190e-14
2.4220e-14
2.7280e-14
1.2510e-15
1.8190e-15
3.6340e-10
5.5400e-13
8.1860e-06
1.6410e-13
2.0370e-13
3.1150e-14
6.0610e-13
1.0830e-13
2.7940e-05
9.9710e-08
9.0950e-15
4.6870e-12
7.1930e-05
4.8150e-13
1.3730e-12
1.1030e-04
4.4050e-06
8.9700e-14
2.9610e-12
2.1040e-05
5.1420e-09
1.6370e-14
4.3360e-12
3.1050e-09
1.8600e-11
5.9170e-05
1.7610e-11
5.2610e-12
2.7990e-13
4.4050e-08
4.8510e-06
2.5100e-05
1.9950e-12
4.1840e-14
1.1350e-06
8.6720e-08
2.9970e-11
3.2470e-10
2.2460e-05
3.1400e-06
2.6670e-13
7.1170e-08
6.4800e-14
1.7430e-13
4.0460e-13
5.0810e-13
2.5550e-11
1.4640e-12
6.4800e-14
6.2970e-12
3.0040e-04
3.8730e-05
1.1310e-10
4.7630e-14
3.8830e-12
5.5910e-12
6.1440e-10
5.8890e-14
4.5800e-12
4.8810e-12
4.6610e-15
7.2080e-14
4.6980e-13
1.4440e-14
1.7340e-12
4.4790e-13
6.9350e-15
4.5970e-09
2.3870e-15
6.7760e-14
2.2910e-05
4.7750e-15
3.9790e-15
1.8190e-15
5.6050e-14
1.4440e-14
1.4320e-14
1.0940e-12
1.8200e-06
2.8570e-13
2.7830e-13
6.1140e-13
3.0480e-12
1.1620e-06
1.9990e-13
3.8090e-14
1.5390e-13
4.5470e-15
6.6300e-12
1.2890e-12
7.6370e-06
3.0470e-14
6.3380e-06
1.1360e-12
1.6680e-06
7.1620e-14
4.4210e-13
1.6140e-14
1.0900e-13
1.6540e-12
1.5920e-14
2.3540e-12
4.3130e-13
5.8440e-07
1.1580e-06
1.0720e-04
3.3310e-14
2.1180e-05
5.6670e-11
2.0110e-13
3.3250e-12
5.2460e-10
2.9440e-14
7.6400e-14
2.6150e-15
6.4370e-07
1.5500e-12
7.0360e-13
2.6380e-14
4.6610e-12
1.5010e-14
1.1380e-06
5.8550e-14
1.3540e-12
5.6060e-09
6.4370e-13
9.1840e-13
8.8230e-13
5.9170e-10
1.1440e-06
6.0580e-13
1.8060e-13
4.4540e-06
4.1250e-12
6.7000e-13
8.1740e-12
1.2080e-08
1.2960e-09
5.0370e-05
1.7480e-06
1.2080e-12
1.4970e-08
8.1630e-14
2.4770e-09
1.0120e-14
2.3760e-14
5.4460e-08
1.0450e-12
1.4110e-05
2.2040e-11
9.1150e-10
8.1110e-07
2.1370e-13
3.9390e-06
1.6220e-04
8.3550e-13
1.1440e-06
2.6820e-11
9.4360e-15
5.5740e-12
1.4820e-06
4.0350e-05
1.3570e-13
2.3560e-04
1.4290e-12
1.1740e-06
2.9480e-09
1.1830e-13
7.2200e-05
3.2340e-12
1.1170e-05
1.4620e-08
8.2760e-14
1.1440e-06
6.6510e-14
4.3220e-13
4.4990e-10
5.2380e-13
4.3360e-13
1.5610e-13
1.8320e-04
3.6360e-05
2.3930e-13
1.8590e-12
6.2140e-10
6.1650e-09
2.7590e-07
9.0520e-06
2.2560e-10
1.7850e-14
1.0870e-12
2.3540e-04
6.2970e-11
1.1160e-12
6.2620e-05
3.4280e-12
1.1480e-14
5.0460e-10
1.3740e-10
7.5610e-12
2.3870e-15
1.3050e-04
6.6730e-14
8.2760e-14
9.1580e-05
1.7070e-09
1.1440e-12
1.5440e-11
3.1950e-14
1.1550e-06
5.0700e-14
1.6860e-13
3.1210e-13
3.5180e-12
4.9840e-08
1.2960e-14
1.5130e-13
1.1790e-11
8.4130e-11
1.1540e-06
1.7020e-13
5.5670e-05
4.9990e-09
2.7140e-12
1.4550e-14
1.5460e-14
5.5030e-08
1.3610e-11
5.2130e-05
5.9100e-12
4.0800e-11
1.5700e-09
1.2660e-09
5.8650e-07
2.8520e-09
2.3760e-09
3.7510e-12
4.4360e-06
3.2980e-13
2.3070e-12
8.2720e-08
1.6570e-04
1.6300e-09
3.0920e-14
3.7530e-12
7.9850e-07
6.4100e-08
1.1440e-06
3.0350e-14
6.4270e-07
4.9820e-09
4.3940e-13
1.6920e-13
2.4350e-12
2.8880e-04
1.2920e-11
7.3580e-07
1.7010e-12
2.0060e-11
6.9210e-13
1.2970e-05
3.4540e-11
3.6570e-05
3.2720e-13
4.7360e-08
2.3990e-14
1.2020e-07
2.0880e-05
6.4730e-07
4.9860e-11
3.1830e-14
9.9540e-13
4.3660e-14
1.1600e-13
4.3750e-13
8.3840e-13
6.9340e-13
4.4790e-04
1.5500e-13
4.0880e-11
5.3260e-12
1.9410e-04
5.9820e-11
1.1620e-06
1.4960e-13
3.5810e-14
4.8600e-10
1.5390e-13
2.9990e-13
3.7960e-12
2.4140e-11
2.8860e-12
2.5490e-04
6.6560e-13
5.6600e-11
6.0170e-06
9.0190e-13
3.0470e-13
3.1830e-15
1.0930e-06
8.1730e-13
8.5490e-13
3.1830e-08
8.1290e-14
4.3060e-12
6.2870e-14
4.0130e-14
3.1340e-11
2.5660e-07
4.3630e-13
4.0120e-07
2.2270e-12
1.2920e-12
1.1610e-06
9.6590e-09
4.0470e-14
2.5800e-13
1.1670e-12
3.4580e-07
7.5490e-14
6.4290e-07
2.3970e-13
1.0000e-14
2.0650e-12
3.7140e-13
4.0170e-13
1.2610e-12
1.2230e-13
1.1810e-09
9.3130e-13
7.1250e-13
1.6270e-10
8.3560e-14
3.3490e-13
5.3670e-13
2.4560e-12
5.3030e-11
1.3460e-09
5.8710e-07
2.9340e-09
1.7310e-12
5.0800e-12
1.3790e-11
3.2410e-05
4.5090e-09
3.9270e-13
2.6430e-07
1.2920e-12
3.9540e-12
7.5890e-10
8.5830e-14
3.6520e-10
2.3100e-05
3.1720e-14
2.6140e-12
8.4000e-10
3.4020e-12
6.2140e-09
1.7400e-12
3.6480e-10
1.3040e-10
1.7170e-14
1.5360e-10
8.8450e-14
7.8520e-06
2.6780e-10
1.5130e-13
6.3690e-06
2.5860e-06
6.8110e-13
1.4090e-11
1.2280e-13
2.3810e-13
8.6980e-13
1.7800e-11
2.2870e-05
4.4290e-06
2.1770e-13
3.4560e-08
1.6920e-09
4.7780e-12
2.6260e-14
1.1560e-13
2.4800e-12
3.7620e-13
6.0940e-14
4.4070e-12
5.4230e-13
1.2390e-14
5.8780e-14
2.0950e-13
2.1190e-13
3.9140e-10
3.0030e-04
4.4830e-10
9.1860e-13
5.1270e-14
2.0460e-15
7.6510e-14
6.4410e-11
1.9790e-13
9.6410e-14
8.5270e-15
2.1060e-09
2.8720e-12
4.5250e-14
5.9120e-15
1.5420e-11
1.1760e-13
7.5730e-11
5.7570e-07
6.4960e-07
1.0810e-08
9.6070e-14
4.7260e-09
1.0940e-12
1.6720e-12
7.1650e-13
2.1750e-12
3.4230e-05
1.1280e-13
1.2630e-11
4.6490e-09
6.8590e-10
4.0050e-13
1.4940e-13
5.3050e-13
1.2290e-04
2.7360e-09
2.8690e-04
6.1390e-15
5.8530e-07
2.8880e-14
4.6090e-04
1.1490e-12
7.5720e-14
7.3150e-11
6.9800e-09
7.5350e-04
5.3850e-10
2.6070e-09
3.7860e-14
2.7170e-14
3.0340e-13
4.5520e-10
2.9040e-05
1.0770e-11
1.4800e-13
4.7980e-14
7.2600e-09
1.5220e-11
9.5000e-13
1.4740e-07
6.5490e-04
2.0460e-15
7.4810e-14
3.4850e-11
2.8510e-11
7.7310e-14
2.3650e-13
2.0580e-14
9.9200e-07
2.2390e-04
5.8890e-14
3.5360e-07
1.6450e-13
9.8250e-12
2.8130e-12
4.9080e-06
2.6820e-04
9.2020e-06
3.9220e-14
4.8730e-13
2.5340e-13
4.7020e-09
1.8160e-04
4.4010e-06
8.1860e-05
2.2170e-12
8.9150e-05
9.1860e-14
5.3090e-14
9.0390e-09
1.3890e-05
5.6160e-14
3.0520e-13
2.7440e-12
1.3420e-14
5.6450e-11
1.2940e-13
4.0250e-14
1.5980e-12
7.3850e-12
8.1060e-14
2.0910e-13
4.3090e-14
8.2030e-05
8.1230e-11
3.5240e-14
1.7510e-07
1.6560e-08
8.4460e-13
3.8310e-14
3.0640e-13
2.0490e-13
3.2110e-09
8.0710e-09
1.9590e-13
9.8590e-06
9.6630e-15
9.9250e-08
4.8430e-14
6.4440e-07
1.0060e-12
8.8760e-05
1.9240e-13
1.6680e-06
3.0140e-13
5.5340e-13
3.9900e-12
1.1490e-06
1.6360e-06
4.6730e-13
1.1580e-06
1.2300e-13
1.2080e-13
8.3050e-11
1.7420e-12
4.1900e-13
1.1470e-06
9.5320e-13
2.1270e-05
1.0710e-13
8.0720e-15
3.6610e-13
9.3220e-15
7.6060e-14
3.5020e-14
1.4150e-06
4.2780e-11
9.5700e-05
1.6140e-14
2.7740e-14
7.8880e-11
6.7550e-11
5.9120e-15
3.5320e-13
4.0250e-14
1.6700e-11
5.1160e-15
1.4200e-10
2.7130e-04
1.5250e-13
4.4020e-06
1.0750e-12
1.8610e-12
1.1510e-06
1.2960e-14
1.0980e-11
2.1110e-05
2.3000e-05
3.4540e-11
1.5470e-12
2.5010e-14
6.0030e-14
3.3620e-07
1.8430e-08
9.8050e-13
6.3650e-04
7.7420e-09
1.5170e-09
2.2230e-11
1.1650e-12
4.7840e-13
3.0950e-10
7.3780e-08
1.2490e-06
5.4340e-14
1.1680e-12
1.3400e-12
7.1620e-15
1.0810e-11
7.9100e-10
1.2770e-13
6.1540e-09
2.3440e-12
8.2080e-14
3.1340e-12
1.6360e-12
1.0250e-13
1.4100e-09
4.6710e-12
1.9670e-14
3.8600e-11
1.1390e-06
3.4380e-13
2.8700e-09
1.1910e-12
6.5540e-05
2.2330e-06
1.7400e-05
2.6430e-04
6.6050e-14
7.8650e-06
6.4830e-05
1.7740e-14
4.2700e-13
1.2400e-05
1.3320e-13
2.5660e-12
4.8590e-06
3.8800e-06
1.9220e-11
1.0140e-12
1.2380e-12
1.6700e-13
1.5580e-14
9.5950e-14
6.2450e-06
8.3110e-06
1.5790e-07
5.2730e-13
7.2860e-12
6.3380e-08
1.1650e-12
5.2980e-14
6.4350e-14
2.9730e-12
1.0240e-12
3.4300e-11
3.9770e-12
2.8220e-11
5.0020e-15
1.6650e-10
8.4890e-06
1.1590e-05
4.7030e-08
3.1140e-11
1.7950e-04
3.5030e-13
3.7580e-12
5.5870e-13
3.1050e-09
1.1360e-12
4.5020e-04
3.0680e-11
1.4210e-14
1.1320e-06
8.1850e-15
1.2550e-12
4.3120e-10
4.7750e-15
1.1480e-14
5.0870e-13
3.6390e-08
1.7830e-13
1.8250e-04
4.0470e-14
4.7430e-10
8.2540e-14
7.6870e-06
6.8830e-06
9.5670e-05
1.0180e-12
3.3180e-04
3.6670e-11
1.6670e-13
3.5130e-14
4.2250e-08
1.4940e-13
8.6740e-14
2.2070e-09
4.4620e-06
1.9200e-06
1.5610e-04
1.0420e-09
8.0720e-15
4.4170e-12
1.9850e-11
1.3640e-15
1.4130e-13
4.6250e-10
9.5680e-10
2.9060e-08
5.3070e-07
2.5150e-06
3.8330e-12
2.6260e-14
8.7100e-12
6.7690e-10
1.2100e-10
8.5390e-09
3.2050e-13
3.3170e-04
7.8780e-14
3.1710e-13
1.2970e-13
3.0800e-12
4.7750e-15
6.7300e-14
2.6440e-13
2.7600e-05
7.6920e-12
1.1540e-06
3.8030e-10
7.2760e-15
2.5350e-14
2.0960e-09
7.3030e-13
9.8830e-13
2.8060e-09
7.5420e-10
1.1630e-06
5.8700e-12
1.5760e-05
3.1300e-13
3.0580e-14
3.2970e-15
1.3650e-13
3.9390e-11
9.4710e-09
6.5730e-13
2.8360e-12
1.2480e-12
1.7050e-15
1.7140e-09
6.5260e-14
5.4360e-12
5.9980e-12
1.5930e-13
6.3550e-06
5.5390e-06
2.8390e-05
1.1450e-06
3.6720e-14
2.1670e-13
2.5010e-15
1.4370e-12
2.6610e-06
3.2260e-11
4.9370e-05
8.7180e-11
2.1210e-10
3.2550e-06
2.6620e-06
1.7380e-10
4.0430e-08
5.2380e-13
2.6490e-14
9.4410e-10
6.3480e-13
1.2820e-12
1.0140e-04
8.1440e-05
4.5610e-05
1.2370e-04
3.4210e-07
6.9860e-11
3.4650e-13
2.5600e-10
2.2310e-04
1.6620e-12
1.0910e-14
2.1290e-12
1.8010e-04
9.2880e-06
1.8700e-05
4.6400e-13
1.8370e-10
1.5930e-05
8.0750e-13
1.1180e-12
1.1530e-13
1.7970e-12
1.4180e-09
1.9430e-06
2.4010e-13
1.3090e-12
6.1160e-14
9.3340e-14
1.1590e-06
4.3660e-14
1.5990e-05
5.7370e-07
5.8730e-06
4.3290e-13
1.4000e-12
1.5210e-13
7.4150e-13
1.1230e-09
9.5040e-14
8.2990e-15
2.8850e-11
7.0030e-05
1.3280e-05
3.2960e-13
9.3600e-12
2.4950e-09
2.2540e-10
2.9570e-12
1.1150e-06
1.0230e-15
4.9790e-12
3.2890e-13
5.4270e-13
4.4210e-13
2.8590e-13
6.0540e-12
1.3730e-13
3.7860e-12
8.2200e-14
5.7790e-06
2.3210e-07
1.3740e-11
9.8120e-04
1.4180e-12
1.1560e-06
1.1780e-09
3.7490e-13
1.8040e-13
7.6170e-15
5.4030e-09
1.5880e-05
1.9700e-08
1.5920e-14
1.1140e-13
4.7410e-14
2.8970e-13
6.9530e-13
3.1940e-04
1.1470e-06
5.8040e-06
1.7280e-14
1.9600e-13
2.5040e-11
1.6440e-13
8.4970e-13
4.8160e-12
2.3770e-08
3.0020e-10
1.7170e-08
1.0700e-13
1.0030e-13
2.9640e-09
2.8420e-13
7.1150e-04
5.7720e-13
1.6370e-14
2.7280e-14
1.1730e-04
9.3220e-15
6.3250e-11
3.8770e-14
5.8070e-07
7.3560e-14
1.9960e-05
2.0430e-07
1.5890e-08
6.5070e-13
2.2150e-10
3.4110e-15
1.1570e-06
2.9590e-05
3.4640e-12
6.4200e-12
1.0850e-11
5.4570e-15
7.3670e-12
1.3370e-12
1.9010e-12
5.8340e-05
1.0070e-10
8.9820e-13
7.6620e-14
5.9010e-11
6.6400e-04
3.6710e-10
7.3410e-12
6.2980e-14
1.5330e-08
3.8880e-14
3.2310e-05
2.5370e-06
1.2160e-08
5.4340e-14
7.0690e-13
2.2740e-14
1.1620e-13
2.7110e-12
2.9310e-11
1.1450e-12
7.4440e-10
5.7530e-14
4.6170e-07
2.5690e-13
4.2090e-12
5.4910e-14
7.1510e-14
5.2050e-06
1.0070e-12
4.6360e-13
1.2910e-12
1.2890e-13
3.3830e-13
3.4300e-10
1.6180e-13
1.1370e-14
1.1600e-06
1.6260e-08
2.4850e-09
5.7280e-07
2.7280e-14
3.5830e-07
1.8350e-04
6.2790e-10
2.9100e-04
4.5520e-05
6.4970e-09
1.3230e-09
5.2210e-10
2.3190e-05
8.2500e-13
1.5850e-12
1.4580e-12
1.6690e-08
1.8470e-05
5.1900e-08
4.7560e-13
2.1210e-11
4.4530e-06
1.3680e-12
1.0220e-04
2.3860e-08
3.8760e-13
2.6600e-14
4.0930e-15
1.8000e-13
6.7530e-14
5.8900e-11
1.0890e-13
2.6600e-14
1.1370e-15
1.4300e-11
1.2140e-08
3.4640e-12
6.8170e-04
7.0010e-13
3.7180e-14
4.3200e-15
1.1440e-06
1.8210e-13
1.8030e-12
5.3550e-14
1.0160e-03
4.2810e-13
5.6590e-10
3.8330e-12
4.3980e-07
3.0150e-13
1.6810e-12
3.0700e-15
3.7830e-13
2.7050e-12
2.8330e-12
3.9440e-06
2.6030e-06
4.5480e-09
2.4560e-05
4.6040e-14
5.7390e-13
5.8980e-05
9.5720e-14
5.8070e-07
9.4880e-09
5.9500e-13
2.8440e-11
6.2440e-13
4.9750e-12
1.3140e-11
2.5150e-09
1.4590e-08
1.0720e-07
8.9690e-05
5.9990e-13
2.9420e-13
2.8580e-13
1.8190e-15
1.1330e-12
9.9840e-07
5.8510e-13
2.3770e-07
1.1490e-06
3.9790e-14
3.4020e-13
3.4330e-05
1.7740e-12
1.5760e-12
4.6820e-13
1.4780e-05
1.5630e-05
3.6040e-14
2.9130e-12
4.0630e-10
1.1560e-06
1.2330e-11
2.7830e-12
2.3600e-09
1.4040e-13
7.4120e-14
1.9440e-14
2.2740e-15
5.8260e-07
1.4640e-07
7.1080e-09
2.6640e-13
2.3790e-09
1.1310e-09
5.2980e-14
6.1760e-12
4.4050e-13
4.3810e-06
1.5290e-13
1.2660e-12
1.6840e-06
3.0370e-13
1.0040e-13
5.4660e-13
1.0020e-10
5.7750e-14
1.6720e-11
7.7190e-14
9.8090e-10
3.2180e-13
2.9670e-14
1.0780e-06
3.5950e-11
2.0860e-13
1.8470e-13
9.6850e-12
1.1440e-13
3.2500e-13
1.4070e-08
3.0350e-14
2.8870e-08
2.2510e-12
6.5030e-14
7.3970e-04
2.0240e-14
4.0930e-15
1.6180e-13
2.9310e-11
5.2300e-15
2.1460e-08
4.8010e-13
2.3180e-13
7.5880e-12
4.2730e-10
7.8270e-06
1.1660e-13
1.8700e-13
4.2130e-13
1.0560e-09
2.2970e-05
2.6860e-13
5.8950e-06
1.7590e-13
3.3160e-11
4.0930e-15
1.1950e-08
1.3160e-12
3.5930e-14
1.1990e-11
2.3240e-11
7.6540e-10
3.1630e-13
1.0640e-13
1.5110e-13
1.1520e-06
5.2090e-12
9.1360e-12
3.5700e-14
1.7960e-14
1.1020e-13
1.3790e-12
1.2420e-10
1.8550e-12
3.6900e-12
6.5780e-13
3.9110e-10
2.8420e-15
1.5920e-14
6.7360e-13
6.5680e-13
1.7630e-11
4.3200e-15
1.1690e-13
2.3850e-13
4.4640e-09
1.2040e-07
3.8410e-13
1.8630e-12
2.1480e-13
4.0330e-09
9.7990e-11
1.0440e-12
5.7830e-09
7.7070e-13
1.2050e-13
5.2860e-14
2.3850e-11
1.5280e-06
5.6250e-07
8.4970e-10
5.3330e-13
1.2340e-10
7.2820e-10
1.3880e-09
4.4300e-06
1.1100e-12
3.7290e-14
2.5240e-14
4.4270e-10
3.1840e-12
1.1550e-06
7.0220e-06
7.1820e-11
2.1470e-08
3.5290e-11
9.0950e-15
5.9870e-09
2.6240e-10
1.1440e-06
5.0610e-12
9.9890e-07
3.5850e-12
3.3920e-13
3.3700e-13
1.0450e-10
1.7430e-11
1.2360e-07
1.7860e-05
6.6650e-12
1.1460e-06
1.2960e-14
1.5330e-12
3.3850e-05
2.8010e-05
1.2310e-13
3.5130e-10
2.0540e-13
1.3520e-08
6.2910e-13
3.5140e-10
5.9690e-14
1.1440e-06
1.5980e-05
1.9200e-06
1.0570e-14
5.0930e-14
4.4500e-13
1.8420e-14
3.5360e-14
4.8090e-10
8.3590e-13
3.6540e-13
2.3410e-09
1.8080e-13
1.3980e-14
2.5240e-14
7.6520e-10
4.5350e-04
2.4410e-04
1.7210e-13
6.0100e-07
1.5920e-11
2.3390e-09
4.0130e-14
2.8460e-12
2.2850e-05
9.3350e-10
2.0490e-05
3.7620e-12
1.6230e-09
4.1950e-14
1.4860e-13
3.4440e-11
3.1120e-12
3.7820e-12
4.3280e-07
2.6200e-09
6.1720e-13
5.8610e-05
2.6630e-05
8.3670e-14
2.9140e-10
4.6840e-11
7.8710e-13
3.8070e-07
1.4850e-05
7.4450e-13
5.1820e-13
2.3280e-09
3.5460e-12
5.1050e-13
3.6570e-05
3.0380e-04
1.0300e-12
1.0640e-13
2.1260e-12
1.3050e-04
4.0590e-14
1.5030e-12
2.9430e-13
9.8420e-05
6.5610e-07
1.8690e-08
1.9900e-14
2.5720e-12
2.7800e-13
3.8250e-12
3.4560e-12
6.6390e-14
1.6270e-10
4.8290e-06
4.5780e-05
2.2710e-05
3.6230e-07
6.7030e-06
1.1530e-06
1.5630e-11
1.6310e-06
1.6280e-13
5.8800e-07
3.7890e-13
9.4360e-15
1.7020e-13
1.8630e-08
3.7560e-05
6.3510e-12
1.0120e-14
1.5450e-07
1.9420e-13
5.9210e-05
2.2620e-11
6.8980e-09
3.6180e-11
7.5030e-15
5.7820e-05
5.0410e-12
3.6040e-14
2.3900e-08
1.5120e-14
1.1510e-06
1.4210e-14
1.1390e-06
1.1420e-06
3.6630e-12
1.1810e-13
1.6370e-13
1.1750e-06
3.8070e-13
2.1280e-08
3.5780e-04
6.3210e-14
2.3110e-12
1.8890e-09
3.3740e-04
3.0520e-07
1.1540e-10
2.4710e-12
1.1470e-06
4.9200e-06
9.4880e-10
1.4520e-05
4.8930e-06
6.2250e-13
7.0630e-13
1.5980e-13
1.2610e-13
1.2500e-08
8.2960e-05
1.5180e-10
9.4800e-09
2.8880e-14
1.6670e-13
2.6150e-13
1.7170e-07
3.4670e-12
5.5630e-13
4.5470e-15
8.7450e-05
2.6120e-05
6.7870e-13
5.5660e-05
1.7730e-05
5.5210e-06
2.4390e-12
2.5480e-13
6.4690e-14
1.2370e-13
7.6400e-14
4.3760e-06
1.3390e-12
2.2900e-07
5.4500e-12
7.8330e-14
1.0900e-12
3.5390e-04
1.1510e-06
4.3310e-14
4.1320e-10
6.3290e-05
4.4570e-14
6.3320e-13
7.9680e-08
4.3520e-06
1.2610e-09
1.2130e-12
1.1440e-06
1.4320e-12
1.0540e-08
1.5690e-14
2.5460e-11
1.1430e-06
9.9830e-08
4.5470e-15
1.2620e-14
4.1190e-13
1.5070e-13
1.1150e-08
2.6410e-06
1.5080e-09
3.8650e-06
1.9670e-10
1.1600e-14
5.7870e-14
2.5420e-13
1.2820e-04
3.9790e-15
5.1500e-12
1.9600e-12
4.3260e-05
1.0690e-11
5.4030e-05
6.7510e-11
2.7490e-12
1.9330e-15
1.0230e-15
5.7110e-12
6.2430e-13
2.7620e-09
2.0790e-04
2.2770e-09
7.8000e-06
3.6280e-05
4.4140e-13
2.4780e-14
1.9820e-10
2.1780e-08
6.3040e-07
6.9020e-05
1.3430e-13
6.1000e-04
6.9270e-05
6.6920e-13
1.6970e-10
1.3210e-13
3.2230e-10
8.3220e-14
2.8400e-13
1.7390e-14
8.7540e-15
2.5970e-06
1.0570e-12
4.8120e-06
2.2330e-13
2.1530e-13
1.3980e-08
8.1010e-05
1.5740e-10
1.8680e-12
5.7860e-11
8.0800e-13
2.3040e-11
1.6180e-12
4.2120e-09
1.1030e-12
6.5590e-13
5.7300e-14
6.5260e-14
2.0400e-12
1.1580e-06
1.2260e-12
1.1250e-14
5.4780e-09
9.5620e-12
1.0230e-14
2.2740e-15
4.3180e-12
1.1790e-10
4.3130e-13
4.6120e-12
9.6050e-05
1.2450e-09
4.4790e-14
3.2130e-10
5.3060e-13
6.3920e-12
2.9580e-09
1.6220e-06
1.8870e-14
6.5600e-14
2.8600e-04
5.0250e-14
1.0900e-12
1.1960e-10
9.1050e-06
1.3990e-12
8.1020e-12
5.9460e-14
5.0470e-06
1.1460e-06
2.0080e-13
3.8180e-05
1.1610e-13
2.3330e-05
5.1190e-06
6.6320e-04
2.0880e-06
3.6200e-05
5.6270e-14
1.3620e-06
1.3610e-09
7.0050e-11
5.1950e-14
1.4860e-09
1.5590e-13
1.6980e-12
9.0820e-04
3.6120e-04
7.9860e-06
4.5040e-06
3.6610e-14
3.5840e-12
5.7540e-10
3.4000e-05
5.9410e-05
1.3600e-12
1.8660e-11
1.8660e-12
1.1910e-12
2.4100e-14
4.4020e-13
1.3340e-12
2.1820e-09
1.6850e-12
1.3680e-09
5.0020e-14
2.6350e-13
1.9800e-11
3.4100e-05
1.0080e-09
1.1970e-13
1.8910e-06
1.0070e-06
1.0330e-13
3.9070e-11
1.3280e-12
1.3550e-06
2.3080e-10
3.5400e-05
5.1500e-14
2.0610e-05
2.9730e-13
7.6830e-05
2.8300e-12
1.1370e-06
1.7140e-13
4.6870e-05
6.2420e-12
2.5340e-13
5.3640e-13
2.3210e-12
5.9580e-12
1.1620e-06
6.3550e-14
1.0180e-12
8.7940e-12
1.5780e-09
1.1710e-14
8.9640e-11
1.7410e-11
1.9720e-06
8.4250e-13
4.4900e-05
4.8890e-15
1.2940e-13
2.4380e-09
3.2770e-07
2.2980e-13
3.3420e-14
5.9570e-14
2.0970e-05
1.2680e-11
7.2580e-05
4.3660e-14
9.6290e-14
1.8020e-09
8.1850e-15
3.9160e-06
1.6100e-13
2.3490e-12
3.6630e-05
2.3430e-13
2.1120e-11
3.8710e-06
1.5920e-15
3.1280e-13
1.8190e-12
3.8870e-13
5.8910e-07
3.8130e-05
5.2990e-05
1.8160e-09
5.7580e-13
5.0030e-11
3.7470e-13
6.7600e-09
1.5870e-13
6.5250e-07
1.1480e-06
3.4720e-09
4.1100e-13
1.0620e-09
1.3640e-14
3.5110e-13
6.0480e-14
7.1960e-12
2.3290e-13
3.8530e-12
1.6830e-12
4.4650e-12
9.9620e-10
6.8890e-14
1.2440e-04
7.7720e-10
5.7220e-04
5.2030e-12
2.3580e-12
8.0950e-07
2.7060e-14
9.9130e-14
1.6100e-05
7.0490e-15
2.4410e-09
8.8950e-09
3.4430e-07
4.2960e-10
8.2020e-12
6.8210e-15
1.5890e-05
1.1920e-11
6.3770e-07
1.6950e-04
6.2960e-05
2.3940e-06
6.3580e-10
1.8760e-14
6.1390e-15
8.5270e-15
3.0700e-14
1.0580e-12
3.1910e-07
5.7280e-07
5.3630e-13
5.5930e-14
5.6160e-14
1.7160e-10
4.8200e-14
5.4110e-14
5.7700e-07
2.1950e-12
1.9540e-13
1.8640e-08
1.7860e-10
7.0330e-08
1.7330e-11
2.7110e-05
1.1110e-11
1.9790e-12
1.1030e-14
5.7980e-13
2.2680e-05
9.9110e-11
1.4100e-14
2.6670e-13
4.0840e-10
2.9790e-08
1.1650e-12
8.1970e-06
7.4460e-14
8.6650e-13
3.7560e-12
2.9930e-13
7.4880e-11
8.0520e-08
6.5140e-14
5.6330e-08
1.3360e-12
9.5670e-13
8.6170e-13
7.9070e-10
2.2390e-05
1.5860e-11
5.7980e-15
5.5380e-13
2.4720e-13
4.8480e-09
2.2840e-12
2.8260e-13
1.2930e-11
1.1440e-06
4.0630e-08
4.3610e-09
2.1560e-12
1.7930e-12
4.1620e-10
1.4970e-12
8.8990e-10
1.6940e-14
1.7350e-13
2.6180e-05
1.2330e-04
5.2280e-13
1.6250e-12
3.8150e-13
3.1830e-15
3.2950e-13
1.5390e-13
1.1070e-10
5.0940e-13
1.1570e-06
1.1390e-06
1.0000e-06
4.7410e-14
4.9310e-13
1.0700e-12
1.1570e-12
5.4090e-07
3.9900e-14
9.2300e-13
8.6400e-14
2.1980e-04
