56.5392
88.4726
58.9546
111.811
111.362
168.841
144.797
149.592
105.174
131.615
130.5
148.084
43.5083
75.3772
71.6098
111.089
134.014
81.6705
158.325
186.957
123.568
117.332
127.249
57.8881
131.968
119.163
108.989
103.381
83.7697
111.13
154.186
151.355
53.1612
77.5534
55.5221
96.9534
96.933
116.504
105.914
121.157
57.3196
57.4113
139.782
125.81
109.247
123.274
139.375
56.1409
110.552
50.6587
121.856
92.0361
73.2299
70.7459
58.984
107.162
82.5116
111.823
94.3055
90.8253
139.328
123.872
60.3073
143.745
115.441
95.2452
106.108
83.1397
83.4466
173.356
282.696
65.659
96.6172
118.724
54.9814
112.962
86.1716
117.734
122.414
85.807
120.04
120.379
146.021
85.3039
155.847
120.17
92.5663
52.4692
143.893
106.071
121.808
77.9101
114.347
71.2234
68.4487
125.682
79.7033
93.3749
147.565
61.9608
152.456
84.3656
56.3575
83.5555
102.747
81.7298
112.761
126.402
88.0378
97.1893
113.74
103.194
56.4179
104.102
78.7161
63.6068
112.638
93.2864
71.6559
107.198
84.48
77.1487
113.837
57.9962
58.4791
82.4122
135.368
160.274
148.255
143.823
128.483
203.325
101.956
90.9651
119.34
70.4819
162.604
199.832
144.177
141.76
127.467
94.7904
80.3362
94.5641
60.6352
219.588
67.4159
60.1556
85.7643
105.896
73.5145
82.1081
92.4835
94.863
88.7253
145.731
108.92
102.453
103.821
128.346
88.8319
85.6817
167.208
173.324
129.659
88.5801
105.042
145.938
137.322
158.312
75.7066
110.785
123.683
159.263
179.621
104.598
138.877
162.204
134.446
152.78
133.766
77.7149
105.64
156.388
95.2029
86.4064
86.2918
89.028
108.846
104.904
128.379
124.305
108.087
114.728
123.549
92.8974
133.611
89.9049
118.384
119.739
85.9866
107.724
117.394
164.365
72.6465
121.67
139.782
77.8088
101.925
126.119
141.316
96.6706
92.2007
108.987
66.6182
79.3679
108.214
119.874
99.0649
105.704
81.0694
84.8856
92.8238
161.891
104.18
100.201
55.437
149.113
114.568
107.743
89.9699
127.925
155.872
84.5695
57.7344
75.3269
183.438
104.529
108.903
141.31
109.953
116.164
144.976
71.8576
111.638
142.255
162.545
154.468
132.667
137.138
81.1523
157.417
69.2744
119.459
94.2482
136.459
113.549
111.096
57.4187
73.6683
93.1956
124.077
141.362
120.179
108.464
96.1167
85.1368
132.257
83.3526
90.1338
106.983
59.4205
71.8393
77.6968
69.4997
166.024
83.5748
97.1047
157.61
196.825
53.3668
145.514
118.277
71.2244
79.363
96.1475
110.621
93.2573
112.697
85.2598
61.1266
125.784
213.619
99.7155
84.9356
66.4803
129.139
141.962
153.437
79.9097
136.232
86.6463
87.1443
85.6376
162.997
65.9768
96.7531
185.051
156.221
92.4489
96.5115
62.8094
95.5773
260.922
138.13
347.533
61.3006
138.377
153.221
122.768
183.49
83.1027
70.7443
177.862
84.295
85.5418
124.702
108.565
58.062
146.598
108.951
99.9784
179.064
73.097
90.8241
96.2865
75.1234
101.388
196.997
94.7746
95.4767
178.197
202.448
72.8301
96.7908
140.096
156.526
90.1239
136.778
97.8728
106.327
179.723
151.697
81.7827
65.6273
63.682
88.3605
147.654
120.658
88.1371
93.1682
180.528
72.0464
124.686
90.1181
93.9498
137.021
59.3654
62.4821
88.635
73.416
127.684
74.8293
139.996
92.5108
91.1815
45.7953
166.549
72.2398
61.9705
133.1
119.554
138.085
86.8095
115.629
66.7146
156.907
252.96
132.7
88.6564
71.4312
159.724
190.032
168.491
92.9289
173.242
101.044
68.307
89.8614
142.839
157.162
93.2656
127.361
108.556
106.854
57.828
382.131
83.88
83.2509
103.776
80.8157
119.653
91.6199
128.939
65.3251
92.819
263.149
153.097
151.588
110.314
149.732
90.9194
83.9895
64.6085
169.45
62.4117
161.686
62.2557
146.639
89.6492
153.059
193.544
53.3049
110.249
70.102
91.6629
160.68
52.7897
137.539
163.026
162.24
118.278
134.524
115.091
153.492
81.9168
109.823
92.2489
85.0917
161.012
126.13
85.6957
186.661
172.189
78.2129
156.194
69.9444
135.712
152.542
143.727
165.368
154.227
151.504
86.1559
84.986
87.5306
58.8292
150.107
64.1203
81.6099
86.7278
112.66
67.1633
157.145
116.467
63.006
162.592
112.664
149.495
68.3731
155.051
98.2771
49.4454
157.399
91.0338
60.083
133.617
103.768
60.9141
167.599
62.9206
199.178
173.768
164.072
97.31
118.807
50.9291
141.002
95.0394
136.234
165.62
75.7538
86.7059
97.4566
139.918
55.5427
168.924
159.709
75.9102
54.6278
153.254
140.239
139.039
135.024
139.125
165.785
145.919
154.448
74.6472
161.67
62.4099
73.1283
160.173
146.958
145.997
157.374
166.44
127.223
135.391
125.567
96.864
141.403
147.006
89.2945
98.4104
128.626
116.413
202.207
78.396
115.604
127.57
81.9988
87.9247
134.47
124.973
122.91
107.277
130.948
123.425
99.3239
123.936
119.861
74.7515
66.6123
117.081
104.506
119.912
121.65
118.433
113.338
291.204
191.357
65.5095
109.801
198.058
71.1376
105.279
88.9214
110.203
51.3544
181.628
89.8793
96.3983
175.472
101.366
47.0325
88.485
121.01
83.8744
122.341
91.1659
158.749
74.4497
130.984
149.01
123.488
62.4866
86.547
49.7632
77.8859
143.07
61.6001
71.491
106.801
116.258
136.603
98.4682
111.519
121.21
146.117
88.0222
108.479
116.588
142.883
108.496
120.871
95.5761
109.406
97.8804
161.766
137.958
72.2626
184.942
93.8618
118.09
121.442
149.781
111.236
157.117
105.107
100.323
153.45
51.1768
100.213
53.2151
93.9778
118.036
124.977
102.583
84.5758
53.3192
70.3961
126.689
105.799
61.8826
122.203
77.982
142.337
150.52
86.2696
110.334
77.3684
179.051
121.71
71.7951
141.785
89.1621
136.272
139.287
92.9125
123.763
108.979
125.787
136.767
87.4544
140.86
99.8167
179.096
82.2708
94.9643
82.356
69.6797
109.517
100.689
158.366
86.5431
169.218
64.5171
96.0745
121.096
157.08
128.788
137.538
139.714
106.93
156.366
102.824
122.38
68.0799
154.743
147.499
92.7971
83.0774
55.477
106.995
155.764
99.6118
71.8174
109.17
126.605
58.8154
140.317
129.568
174.941
92.9816
132.66
90.6636
128.459
104.36
87.2897
121.125
117.864
138.356
126.096
90.1215
137.138
119.887
79.6402
125.468
132.525
57.3611
100.803
52.9202
169.353
120.134
168.226
95.4494
137.896
125.716
126.511
137.76
230.407
97.0446
97.2315
141.712
187.198
140.961
120.02
86.4258
163.266
60.3968
114.287
127.672
289.06
119.774
82.1458
137.603
228.917
293.517
95.2081
258.144
77.496
70.9242
146.452
116.457
157.63
126.606
116.225
61.3635
78.6147
90.2956
102.76
141.328
231.217
94.3807
197.943
275.124
309.22
59.1678
96.3078
202.926
90.1315
67.9562
92.4847
61.0755
140.638
181.627
97.0074
105.483
77.2754
143.521
282.252
63.218
108.085
278.891
75.181
150.917
66.5858
86.437
98.1944
76.5578
60.7764
94.3099
81.8942
60.1467
106.758
112.443
167.86
104.862
98.8402
119.822
178.533
67.0391
87.9271
115.529
145.167
117.672
115.728
116.948
84.7778
119.647
159.471
105.985
103.806
84.8092
163.268
59.808
134.229
135.019
103.656
99.7747
74.9547
147.466
109.733
136.46
125.321
143.584
83.2532
86.7728
123.024
91.5464
87.0032
123.714
163.444
60.9697
114.598
111.494
88.1387
120.461
71.7901
157.079
59.0559
57.9212
60.6892
131.741
87.1263
181.951
145.581
103.167
180.351
87.2353
150.192
136.281
59.1217
100.792
125.905
89.4044
62.6489
84.4377
57.9457
92.2461
94.7081
75.8137
177.258
107.733
271.66
118.189
95.8927
100.422
103.985
159.177
83.706
161.82
109.398
175.99
180.32
77.815
67.5089
166.792
138.692
130.152
115.153
109.769
129.128
114.334
160.359
103.652
175.215
72.4772
146.095
104.514
62.2258
161.987
99.6893
180.828
127.878
191.922
152.925
104.216
141.279
116.219
109.382
74.5675
142.929
104.22
69.0714
133.196
64.6097
113.956
75.2497
97.1089
97.9575
93.4189
92.1525
268.541
123.704
95.3759
102.59
61.5282
114.596
76.024
136.567
137.583
115.97
133.229
73.0357
115.478
123.022
128.987
104.213
105.48
122.647
148.036
114.976
81.2063
132.561
56.7373
105.278
103.567
134.716
105.441
140.602
149.696
103.198
105.408
51.2993
123.106
68.986
147.997
104.118
87.3468
144.452
127.855
88.6626
139.5
146.683
78.693
98.5938
157.337
100.932
108.813
64.3345
69.1456
130.261
83.6187
130.881
208.088
143.914
122.907
84.4135
95.9167
124.632
130.208
56.6529
118.156
108.318
71.6944
102.389
63.0736
78.0637
114.749
113.624
65.386
125.487
150.927
118.338
63.2734
107.191
147.287
61.256
68.8658
81.0586
67.785
105.807
67.7727
59.484
90.8505
128.343
124.409
79.0863
211.624
81.6594
105.071
181.326
92.8978
183.265
60.6793
116.829
63.326
102.52
131.213
99.6793
149.722
99.1609
132.392
59.9427
90.396
100.671
148.299
116.934
106.754
61.9734
87.5193
119.757
133.751
79.4648
124.934
68.4298
82.8019
97.3697
79.5289
47.1911
215.8
147.436
85.0749
177.076
60.5849
120.334
87.3601
50.6782
111.337
156.658
106.281
78.6181
58.9384
63.0739
100.163
59.5531
95.6287
109.585
89.0425
89.9935
133.468
81.9369
115.297
95.5424
136.293
431.948
100.838
72.9386
110.364
162.621
72.2083
98.1577
119.506
131.477
129.286
164.217
91.9046
107.205
67.341
89.7609
79.9718
55.0826
100.863
160.833
73.2329
69.0243
177.653
47.7276
101.396
156
145.556
112.736
92.4638
85.7947
111.963
60.224
102.951
104.05
120.165
73.5793
85.4512
57.3769
110.76
137.662
85.016
88.6973
57.4096
73.5887
105.603
111.6
76.217
48.0022
95.5754
74.7679
170.057
95.6018
82.5478
142.213
205.012
140.064
108.033
115.783
124.399
118.627
152.297
51.1843
78.8291
77.6611
108.183
85.2277
128.111
62.6481
91.1081
127.559
75.3219
63.603
120.762
85.4977
82.3797
62.218
59.5856
69.0213
152.586
58.6774
132.441
60.4495
64.1441
135.687
152.391
44.0453
96.6407
132.785
99.6816
80.1272
64.3483
133.997
59.2164
102.911
98.6799
103.338
125.317
182.477
100.901
96.0166
84.3159
104.888
97.6282
122.022
117.484
77.3391
81.5882
94.314
110.503
89.2601
97.6423
142.629
119.076
135.746
102.275
100.658
98.4159
72.6056
140.812
135.763
104.572
94.1768
92.761
100.348
81.8145
84.4625
92.908
57.5591
96.7266
98.9861
116.398
167.188
119.96
137.03
134.279
125.558
170.091
109.802
90.1519
163.241
53.761
146.225
87.1784
96.0468
57.1447
137.4
134.443
107.108
115.938
103.071
59.5773
133.05
103.145
60.0812
157.721
170.605
124.684
109.511
174.448
99.4091
175.87
86.6857
101.781
151.752
152.682
115.127
102.452
106.486
127.92
125.803
90.9074
97.9848
102.279
110.591
122.786
160.547
119.67
104.353
47.757
77.2744
57.075
78.0306
97.086
109.423
89.8209
52.7064
83.5018
135.115
111.034
123.466
112.294
146.552
99.2687
102.359
117.2
137.953
149.548
79.5471
105.434
127.759
91.8067
135.723
180.932
131.546
58.7488
103.61
92.2345
56.0557
78.5048
102.701
155.619
51.8881
113.014
95.6534
67.0904
114.209
43.0158
78.046
93.1325
142.416
91.5955
231.144
109.595
120.467
131.693
99.928
145.1
100.663
106.42
165.999
182.324
138.161
80.5146
143.834
123.161
158.611
107.998
45.4162
158.173
339.162
111.078
102.575
151.011
165.812
110.578
94.8797
184.877
155.052
69.4542
103.844
126.566
121.296
58.5021
127.915
98.9347
62.7367
126.893
138.882
145.068
150.387
199.452
127.381
96.5284
103.374
73.3901
111.409
113.442
107.588
89.633
64.7822
104.349
130.07
104.902
48.138
69.2766
108.468
77.8831
132.625
146.267
155.317
68.9402
133.334
109.402
90.3234
161.901
135.369
88.2523
113.172
84.2873
90.7386
75.4808
86.6801
128.631
87.657
141.899
134.207
72.1465
76.5373
65.454
110.301
86.7988
95.3592
69.4034
92.1757
86.2968
139.487
123.777
92.498
96.6534
353.316
78.9347
138.962
169.413
200.123
112.892
65.3453
154.598
136.206
99.824
132.564
144.248
149.795
100.77
80.7769
122.01
65.1154
65.1562
95.7734
103.851
110.706
106.616
184.276
142.012
169.33
98.9232
107.441
121.878
94.5241
114.682
158.524
105.75
129.719
93.8509
44.6895
123.975
129.356
124.132
137.277
105.393
63.5803
88.3056
108.575
66.0628
95.3202
106.69
99.3313
98.5998
183.111
50.0266
107.388
115.047
194.398
118.29
90.0607
103.887
83.4437
147.737
99.1246
89.2567
168.403
85.0036
152.119
80.7132
135.976
142.458
98.4111
167.484
108.085
97.9432
53.2255
168.705
131.593
115.979
118.466
86.425
52.1633
118.538
138.937
163.836
55.4873
114.027
80.7192
52.4189
106.778
52.7527
164.77
118.65
141.466
75.7406
113.416
137.214
78.877
60.2463
77.8212
82.4256
92.2722
92.9295
99.7308
71.6849
86.3375
86.9894
150.957
53.3755
66.7222
142.144
282.903
103.732
116.045
65.6852
61.5872
78.6089
111.084
141.261
102.176
64.4305
94.8302
227.871
335.81
74.5007
107.266
66.2266
177.608
87.2248
72.7306
65.8515
147.732
79.1468
63.2043
60.8474
73.0416
87.3664
70.8617
155.306
73.7242
68.6119
62.0911
247.098
148.59
48.6334
85.5138
235.551
162.633
149.904
62.6993
245.84
126.909
149.493
82.7526
93.5821
94.048
164.566
91.094
98.5966
64.1406
155.909
118.871
156.043
90.7317
102.133
67.602
164.806
62.3267
133.448
135.915
90.5826
98.3426
97.1927
126.472
107.162
133.105
77.5077
144.544
148.591
172.956
82.0866
85.348
229.906
78.8891
133.987
69.6882
163.64
111.072
136.05
152.021
57.79
71.9469
68.0124
71.6014
102.084
126.839
138.527
138.837
138.853
124.651
97.8295
95.0564
71.1232
119.244
61.0422
126.759
80.6772
128.055
82.9426
115.775
108.976
111.229
96.8312
69.5334
109.675
118.184
115.552
85.9196
47.6595
85.245
128.283
92.8083
73.0298
149.28
105.467
102.367
172.052
101.781
99.6989
126
92.9112
105.563
144.795
66.0011
92.684
109.975
113.054
90.0178
100.895
112.098
91.9605
81.3987
109.299
116.59
261.099
95.997
67.517
107.613
211.583
160.553
261.714
155.782
167.395
88.4794
78.7044
164.96
128.155
152.049
64.54
150.221
99.2641
97.6202
148.758
55.171
97.4869
72.9353
160.361
180.831
72.8986
118.63
88.9092
97.5288
113.434
93.0564
87.0763
126.91
245.031
97.8164
103.809
94.1276
72.128
123.326
82.0486
122.191
90.0144
74.322
85.1797
84.5388
121.589
70.3005
135.9
137.042
87.1947
140.253
53.7863
111.796
66.2791
58.6693
78.0397
45.7265
105.704
64.6129
77.8956
64.1047
100.807
108.247
70.3208
115.352
145.247
64.0625
74.5861
81.4393
96.5584
172.211
55.8342
151.477
102.715
102.477
97.6124
82.5179
58.7912
78.9471
82.4303
89.9951
67.008
89.8134
97.3601
182.45
63.405
97.7572
70.1487
137.941
83.9728
78.4727
69.8633
63.8572
119.86
56.8807
140.613
53.4884
84.8461
78.0136
87.5826
103.32
130.98
132.14
56.377
145.696
102.428
92.5252
83.4042
84.91
120.826
78.5895
175.463
82.6607
66.4478
89.0673
92.641
91.3004
71.2913
103.002
105.104
88.3306
67.1063
94.8341
55.1558
70.121
103.299
61.8222
80.5471
142.112
59.151
72.9445
61.316
90.0522
85.1377
101.753
90.5561
82.5708
49.9702
77.8699
107.408
99.8111
69.5103
107.18
77.5397
129.577
114.7
64.9129
79.5474
75.4352
214.124
84.7225
69.1929
118.812
93.5497
95.4465
56.4167
92.8705
107.558
67.2543
144.739
80.5777
58.2451
95.4178
104.143
101.306
85.3158
67.5612
95.5669
116.562
104.765
77.7167
97.2012
80.0984
59.6622
65.5558
69.8351
90.8245
81.1622
72.7285
100.034
76.1675
90.4074
93.5926
99.1895
68.161
74.0014
67.197
79.3649
69.9052
81.2998
107.793
78.9959
93.8765
137.86
169.285
84.9095
81.5389
60.1283
71.6605
86.2664
73.8033
102.205
89.4054
87.9437
85.6197
120.646
80.2023
71.5187
87.8401
82.8885
83.0254
121.844
67.077
70.6253
72.7216
62.7229
156.402
92.9062
59.8614
120.625
291.473
138.673
107.52
64.3374
111.227
84.7898
83.2823
51.4946
89.1011
93.9535
71.8687
70.6684
67.8281
75.1874
110.536
116.244
73.2108
65.6478
80.5245
249.389
60.1054
71.2198
111.32
69.2794
86.3717
90.2843
125.458
98.1188
69.4243
63.8045
132.229
97.0347
106.221
138.078
102.911
59.1546
153.705
112.235
129.365
68.0743
69.5337
66.0027
109.245
99.2871
93.1141
114.149
90.1026
81.7663
170.712
110.622
189.029
79.2136
79.1661
169.92
123.996
151.769
100.415
147.89
159.156
145.223
91.3092
89.1993
58.8862
133.992
108.421
134.581
159.177
166.065
100.743
72.7479
166.308
54.1948
94.8074
129.094
148.382
139.76
87.8926
106.866
112.671
57.767
57.6131
150.346
208.459
122.641
78.8937
171.149
51.3069
64.7227
173.245
83.4084
128.623
93.1512
96.9064
150.767
124.287
155.947
124.239
85.659
101.848
169.753
82.4261
50.9582
149.98
98.0975
145.207
149.888
137.369
143.325
141.233
80.6495
109.57
118.141
130.838
47.2534
90.5594
52.7088
60.4052
166.712
122.167
110.143
139.015
137.176
140.639
90.6915
97.7026
71.1472
42.0174
96.7638
126.527
105.125
109.07
83.8294
105.017
104.653
116.547
137.035
109.12
129.25
82.9396
117.026
179.201
173.779
63.1686
93.6294
146.379
105.402
115.495
57.0007
86.0299
64.3302
148.788
69.8934
92.8279
211.515
143.668
88.7502
97.2533
114.238
94.7317
56.6236
141.717
79.3625
99.0854
146.146
60.1482
118.678
125.609
93.0979
97.5999
85.6752
142.844
93.4987
172.873
153.232
98.2221
136.621
156.229
123.159
73.3205
68.5612
82.4836
48.054
104.537
120.393
103.453
97.5965
90.4336
76.078
95.5357
89.3167
144.464
136.155
136.297
121.79
117.954
80.7014
166.799
147.584
152.533
117.604
48.7091
168.294
90.4266
135.519
112.305
98.076
162.114
87.0723
110.088
162.811
79.5159
177.85
156.319
124.75
117.483
61.0176
102.266
88.1986
80.2476
175.256
112.698
117.653
106.436
151.849
134.969
67.8765
