2858.8
4445.25
2979.51
5634.98
5597.89
8482.39
7022.88
7347.99
5248.14
6528.16
6519.53
7431.14
2190.71
3792.55
3565.24
5577.57
6737.69
4121.49
7916.92
9261.14
6146.8
5881.34
6387.27
2910.73
6529.02
5931.9
5475.36
5124.63
4192.76
5555.99
7757.58
7585.02
2679.92
3848.63
2791.94
4879.78
4885.21
5767.8
5313.68
6084.71
2871.33
2895.56
6904.78
6262.07
5497.24
6084.61
7004.13
2840.35
5457.15
2520.9
6039.15
4581.97
3669.67
3539.56
2976.22
5401.72
4139.14
5588.26
4733.69
4407.73
6862.88
5722.14
3032.04
7108.1
5800.42
4743.88
5323.48
4187.15
4205.54
8706.6
8366.47
3280.83
4868.01
5951.74
2725.53
5665.61
4345.99
5376.15
6113.17
4322.64
5493.72
6024.19
4694.27
4289.18
7727.73
6019.9
4654.42
2651.91
7236.59
5315.18
5553.92
3927.19
5203.25
3577.0
3405.0
6210.08
3982.1
4683.44
7389.55
3064.03
7567.79
4253.3
2838.31
4223.28
4336.03
4067.95
5619.36
6291.83
4433.78
4876.73
5167.53
5196.74
2794.48
5074.52
3930.43
3200.21
5673.59
4684.25
3613.86
5181.07
4188.59
3878.48
5713.04
2899.65
2946.95
4153.1
6720.95
7871.11
7397.38
7217.31
6447.82
6532.81
5099.06
4578.35
5465.34
3494.37
8171.02
5909.52
7164.57
4443.33
5899.43
4749.85
4024.81
4734.12
3056.53
5913.87
3401.83
3027.98
4333.58
5298.9
3629.21
4138.47
4654.29
4560.4
4469.42
7088.29
5470.54
5153.29
5201.16
6392.5
4441.88
4306.65
8306.44
7829.21
5927.3
4446.9
5262.48
7323.63
6869.54
7873.9
3750.52
5556.23
6178.25
8011.85
8638.45
5196.35
6965.09
8107.88
6749.0
7408.68
6600.29
3910.05
5309.61
7820.84
4798.9
4350.56
4312.37
4446.27
5412.54
5201.66
6279.49
6197.27
5444.33
5758.32
6159.39
4675.68
6683.73
4520.66
5910.57
5981.4
4329.38
5370.32
5866.77
8219.07
3659.32
6014.93
6993.76
3881.19
5092.11
6293.5
7059.75
4824.28
4633.52
5494.55
3283.64
3997.43
5429.34
5981.25
4496.84
5213.57
4072.56
4274.59
4557.09
8112.79
5238.04
5040.73
2766.72
7317.01
5745.62
5404.07
4510.23
6417.01
7789.04
4248.94
2863.84
3797.96
9136.99
5207.57
5427.66
7019.94
5436.7
5778.45
7148.24
3582.09
5499.48
7160.56
8120.65
7749.44
6675.67
6873.05
4073.68
7865.1
3491.55
6001.63
4731.05
6769.95
5658.97
5525.52
2895.34
3696.84
4699.77
6175.26
7045.96
6010.75
5418.5
4793.46
4291.45
6555.01
4201.18
4507.92
5380.91
2980.33
3591.27
3884.08
3473.81
8309.78
4188.33
4814.99
7883.78
9826.92
2679.93
7179.3
5891.87
3562.72
3944.13
4710.35
5505.77
4609.76
5598.19
4188.32
3064.97
6179.59
10291.1
5012.82
4264.82
3329.3
6409.3
7104.34
7394.73
4004.21
6675.45
4269.49
4391.53
4308.22
8140.78
3313.5
4839.68
5295.24
7239.45
4508.25
4849.32
3145.26
4807.06
8044.85
6782.14
9187.48
3072.59
6787.72
7627.84
6093.99
8836.5
4177.25
3506.78
7736.91
4194.65
4301.85
6095.81
5354.02
2896.88
7173.12
5402.41
5024.33
8956.34
3655.1
4555.46
4774.02
3722.74
5039.82
7580.56
4695.82
4785.43
8804.92
10047.5
3591.34
4800.34
7014.1
7547.92
4510.32
6883.79
4860.45
5324.8
8080.61
7529.04
4094.54
3292.83
3172.87
4405.3
7347.86
6048.01
4362.74
4637.69
8248.97
3590.33
6177.31
4514.02
4684.16
6895.46
2953.53
3143.08
4424.2
3673.55
6422.3
3745.36
7013.01
4579.74
4533.8
2298.4
8352.3
3596.55
3067.2
6706.06
5900.41
6936.7
4312.46
5725.1
3363.96
7719.99
8224.99
4494.78
4401.33
3606.01
7725.54
5203.2
8440.01
4640.93
8684.23
5011.56
3413.11
4516.22
7058.48
7877.78
4605.67
6299.1
5394.07
5309.95
2898.5
10131.9
4185.3
4165.89
5169.46
4022.38
5970.2
4571.62
6465.8
3297.78
4604.51
9567.37
7654.59
7473.61
5407.43
7078.36
4498.61
4183.86
3221.38
8200.91
3122.16
8110.13
3113.82
7295.25
4464.25
7642.66
6335.87
2664.09
5540.36
3528.43
4606.68
8091.44
2664.69
6931.56
8133.67
8135.09
5930.04
6744.0
5712.42
7553.73
4104.09
5563.66
4640.95
4283.65
7765.3
6305.94
4271.66
5041.93
8490.24
3906.89
7830.6
3499.02
6821.35
7549.52
7176.66
7593.4
7599.37
7621.14
4268.7
4254.62
4377.2
2947.66
7258.38
3227.55
4068.77
4228.99
5620.28
3366.91
7908.97
5852.26
3165.34
8084.32
5654.76
7521.45
3417.33
7534.08
4936.64
2476.45
7621.0
4542.2
3032.11
6715.95
5139.46
3067.24
8420.35
3144.73
5451.73
8715.89
8157.16
4880.07
5977.89
2568.71
6978.66
4733.53
6855.53
8292.44
3790.77
4359.69
4758.6
7048.58
2798.91
8482.08
8026.85
3820.18
2749.49
7630.32
7032.03
6980.85
6751.54
6999.71
8322.67
7238.0
7757.07
3769.82
8132.33
3042.3
3662.62
7937.79
7378.98
7335.73
7899.48
8322.09
6406.39
6648.7
6278.2
4722.11
7089.38
7146.28
4500.52
4942.96
6476.09
5833.59
10003.9
3946.25
5813.61
6320.23
4138.82
4414.71
6518.04
6289.35
6168.06
5367.67
6302.46
6077.75
4985.49
6219.61
5958.43
3770.66
3350.84
5899.58
5255.53
6009.61
6090.7
5924.17
5701.49
7509.36
9402.44
3290.06
5529.37
9629.79
3573.88
5283.12
4417.84
5555.49
2589.99
9099.75
4504.31
4839.91
8646.23
5036.85
2367.69
4440.13
6042.95
4225.64
6127.69
4598.03
7913.55
3718.59
6581.68
7453.41
6196.27
3143.1
4282.61
2506.18
3916.41
7176.78
3093.11
3601.14
5386.04
5849.93
6848.64
4923.25
5606.31
6058.71
7236.74
4412.45
5455.4
5312.58
7186.69
5412.82
6038.36
4764.83
5457.33
4936.09
8018.16
6885.84
3621.17
9199.0
4733.75
5677.44
6049.01
7446.06
5579.28
7648.21
5287.9
5025.5
7608.87
2582.08
4979.43
2631.05
4733.07
5924.43
6217.43
5158.48
3609.15
2687.92
3516.98
6264.11
5296.35
3120.1
6043.47
3919.95
7093.43
6991.18
4107.79
5520.03
3867.37
8779.07
5842.38
3621.08
7049.34
4488.31
6790.81
6958.95
4656.82
6229.7
4726.95
6288.97
6860.22
4319.37
7043.25
3919.46
9007.29
4146.08
4758.08
4143.71
3474.33
5465.79
5044.26
7929.76
4333.46
8503.74
3216.2
4806.36
6012.35
7826.15
6193.58
6848.28
7000.97
5387.48
7822.24
5083.52
5651.44
3425.51
6680.23
7359.14
4671.01
4183.21
2736.12
5357.91
7699.06
4986.85
3566.11
5387.92
6327.42
2962.22
7029.06
6501.41
8794.4
4675.71
6479.33
4577.1
6389.17
5239.5
4331.07
5816.25
5885.37
6402.05
6277.91
4540.43
6848.43
6015.66
3914.29
6299.22
6596.45
2880.67
5039.45
2665.36
8476.06
5979.94
8451.84
4795.84
6876.04
6319.27
6284.99
6904.36
11009.7
4859.15
4220.45
7118.01
5727.2
6948.67
5995.2
4310.65
7427.85
3008.4
5753.27
6269.78
9344.05
5967.39
4140.61
6790.25
5995.74
9167.96
4711.33
8167.87
3880.68
3531.14
7122.62
5656.52
7849.4
6319.2
4881.83
3086.6
3906.9
4523.62
5087.45
5759.14
8259.82
4739.29
9866.95
9418.15
9512.13
2982.93
4831.54
9839.71
4480.49
3389.49
4636.85
3057.18
6960.89
8810.16
4803.83
4490.58
3902.15
7221.53
9067.61
3147.14
5332.62
9496.56
3784.19
7525.99
3322.04
4338.17
4856.86
3803.14
3051.64
4707.06
4079.98
3024.61
5260.7
5619.26
8378.97
5282.0
4967.1
5912.97
8616.01
3376.53
4426.96
5812.02
6922.0
5917.51
4993.16
5807.2
4257.02
5955.36
7955.76
5302.63
5153.72
4256.97
6500.4
3016.43
6653.61
6666.2
5186.07
4904.36
3780.03
7412.82
5490.22
6708.65
6135.02
7085.73
4185.68
4346.61
6142.72
4520.78
4354.03
6204.57
7898.28
3060.39
5771.08
5565.25
4412.0
6017.83
3617.36
7865.51
2976.42
2913.85
3059.51
6569.49
4359.39
9122.47
7314.27
5129.44
4887.24
4394.69
7380.21
6565.13
2980.32
5046.12
6293.1
4503.56
3152.54
4204.9
2922.14
4412.45
4730.91
3746.19
8779.65
5390.36
13018.4
5674.2
4827.17
5000.12
5231.47
7790.74
4205.3
8137.96
5527.08
8304.12
4912.33
3924.53
3382.6
8389.68
6956.42
6521.23
5773.98
5514.75
6395.82
5705.75
8032.01
5184.56
8441.48
3624.49
7086.49
5179.62
3136.23
8072.63
5014.3
7043.91
6399.45
9409.45
7579.84
5227.02
7093.11
5795.28
5495.0
3759.17
4868.55
5230.9
3447.76
6559.78
3247.29
5644.18
3742.5
4887.54
4931.2
4669.42
4606.82
13239.3
6212.59
3942.96
5090.38
3069.9
5747.88
3808.68
6709.52
4516.79
5828.64
6661.57
3686.03
5739.26
6156.38
6427.7
5213.83
5275.62
6128.17
7435.15
5753.8
4095.21
6633.46
2861.63
5204.29
5197.07
6754.96
5294.65
7016.93
7488.16
5135.68
5231.99
2588.04
6145.01
3433.4
7396.07
5224.74
4337.91
5526.46
6377.02
4463.75
7020.08
5429.77
3931.67
4954.49
7815.79
4864.43
5459.5
3240.9
3462.27
6535.96
4179.21
6523.64
10320.2
7178.73
6142.87
4243.27
4819.98
6201.21
6512.85
2856.28
5891.38
5416.76
3578.03
5075.74
3168.66
3889.7
5744.23
5667.38
3299.0
6027.67
7424.77
5901.7
3193.63
5382.48
7397.27
3086.2
3469.57
4060.74
3394.89
5092.7
3390.73
2970.22
4541.98
6378.36
6202.06
3947.16
6509.4
4094.41
5174.51
8910.92
4634.18
9104.2
3061.31
5844.87
3198.72
5131.06
6441.36
5020.01
7438.44
4990.64
6605.26
3020.59
4553.09
5034.95
7388.24
5778.99
5363.13
3072.78
4419.32
6013.01
6650.16
3950.7
6220.42
3392.9
4168.41
4910.47
3979.81
2379.84
10773.6
7372.57
4230.86
8843.13
3053.5
6037.07
4378.44
2557.41
5463.64
7854.99
5325.9
3959.38
2972.04
3170.81
5014.14
3001.36
3633.58
5515.74
4473.91
4535.15
6606.36
4105.55
5773.68
4755.32
6812.53
11718.5
5081.88
3641.64
5543.22
8189.85
3603.63
4883.57
5932.81
6605.15
6453.14
8233.79
4600.83
5361.88
3394.66
4512.1
3979.75
2773.39
5053.62
8037.95
3675.26
3492.65
8779.97
2414.63
5077.35
7856.67
7316.07
5665.42
4594.98
4289.78
5628.18
3036.03
5164.0
5182.89
6004.2
3694.74
4256.55
2894.0
5304.23
6923.86
4270.91
4445.02
2864.78
3678.09
5305.96
5587.85
3797.69
2374.1
4803.28
3773.02
4271.92
4796.9
4099.92
7130.49
5977.98
6961.21
5253.24
5829.72
6110.15
5886.17
7629.77
2547.92
3920.97
3901.84
5393.46
4252.05
6419.09
3163.22
4574.77
6258.45
3794.38
3176.91
6060.7
4295.73
4103.85
3134.57
2998.06
3420.69
7536.9
2933.69
6506.22
3042.15
3195.38
6791.26
7635.08
2210.09
4814.31
6678.74
4858.0
3617.43
3234.0
6603.81
2984.64
5001.18
4938.26
5210.98
6260.18
9125.23
5061.51
4750.46
4211.89
5283.8
4901.53
6122.38
5819.97
3858.88
4047.43
4745.48
5406.18
4453.72
4917.73
7057.16
5946.43
6712.23
4979.83
5055.24
4903.47
3622.79
6718.3
6822.96
5223.28
4722.27
4657.97
5050.67
4092.72
4220.59
4650.06
2895.43
4812.52
4931.78
5644.13
8289.94
6005.46
6850.14
6626.27
6228.33
8499.2
5493.4
4519.2
8153.52
2706.95
7319.58
4334.36
4841.58
2862.7
6883.77
6759.38
5392.45
5810.25
5190.64
2977.8
6613.99
5195.05
3004.69
7925.5
8510.13
6130.49
5502.04
8495.11
5010.29
8751.52
4357.31
5088.27
7617.94
7681.82
5626.3
5151.84
5366.25
6396.01
6202.44
4546.81
4893.96
5132.83
5518.29
5975.04
8051.36
5980.87
5257.8
2390.43
3892.85
2838.64
3946.27
4849.39
5511.39
4480.44
2640.12
4191.26
6759.99
5589.05
5992.94
5615.69
7291.3
4934.48
5118.43
5891.44
6856.6
7278.55
3917.42
5061.92
6380.32
4390.78
6797.45
9095.6
6591.68
2960.28
5004.03
4594.69
2826.67
3947.16
5089.27
7736.26
2584.75
5673.07
4805.58
3374.45
5712.35
2164.44
3922.5
4670.36
7051.89
4596.13
11491.3
5496.28
6052.64
6501.51
5002.38
7223.24
5021.39
5316.23
8334.68
9103.95
6886.58
4009.74
7183.05
6148.71
7968.0
5394.37
2279.1
7932.31
10350.8
5555.41
5133.32
7586.71
8283.79
5548.01
4708.65
9246.87
7734.69
3492.53
5205.97
6356.42
6113.49
2954.54
6437.38
4932.1
3142.17
4971.26
6949.66
7172.7
7456.45
9967.66
6375.53
4855.32
5191.74
3701.73
5571.4
5598.98
5386.86
4436.6
3242.08
5125.14
6482.45
5243.26
2412.54
3463.79
5441.0
3921.64
6619.85
7283.93
7527.16
3440.84
6694.13
5509.72
4510.18
7894.97
6519.84
4447.26
5667.51
4242.66
4542.31
3801.31
4340.48
6425.2
4317.49
7060.82
6656.94
3593.86
3770.66
3269.47
5499.75
4354.18
4804.0
3472.81
4488.11
4328.22
7021.56
6184.35
4603.71
4808.27
10219.7
3959.15
6805.0
8136.61
9112.26
5651.36
3255.53
7745.36
6858.25
4956.84
6563.07
7246.67
7457.58
5052.27
4036.96
5914.4
3287.43
3258.37
4732.59
5204.67
5559.84
5327.74
9179.97
5953.68
8418.42
4983.72
5394.82
6120.63
4753.75
5668.31
7969.44
5313.89
6492.36
4670.02
2246.0
6193.82
6416.04
6215.44
6812.2
5306.27
3206.71
4442.89
5455.96
3309.23
4808.18
5353.08
5003.39
4967.5
9136.0
2495.06
5376.4
5717.57
9736.33
5399.38
4268.85
4962.6
4130.8
7290.91
4975.64
4452.64
8414.41
4269.02
7594.28
4016.52
6757.92
7147.18
4958.84
8341.5
5423.05
4931.19
2659.33
8316.46
6545.11
5815.61
5927.08
4327.46
2608.38
5968.8
6838.79
8191.03
2780.46
5710.77
3985.94
2633.4
5331.15
2653.13
8271.83
5933.06
6990.8
3780.71
5696.69
6009.92
3940.45
3032.91
3921.27
4134.75
4595.55
4626.76
4978.29
3606.87
4337.37
4284.58
5997.18
2673.52
3335.26
7132.64
13576.4
5201.42
5838.32
3274.71
3093.36
3934.08
5475.15
7015.91
4768.17
3222.98
4523.5
6261.51
9648.54
3726.39
5353.62
3319.45
8571.89
4342.71
3621.32
3293.04
7406.79
3952.1
3084.62
3044.52
3612.85
4365.59
3513.54
7486.97
3675.16
3413.11
3053.04
9382.33
7156.42
2443.63
4268.9
6705.57
8146.33
7465.34
3133.34
8216.61
6394.89
7507.21
4168.47
4691.6
4722.37
8248.16
4581.7
4952.57
3221.43
7613.53
5518.8
5242.17
4549.16
5149.47
3369.77
8207.21
3120.36
6630.76
6774.93
4543.18
4936.41
4863.79
6286.83
5287.84
6672.6
3890.9
7264.77
7436.54
8599.87
4122.1
4282.75
6684.11
3964.55
6643.73
3485.48
7356.62
5580.92
6820.63
7632.75
2910.67
3616.63
3386.2
3520.25
5118.65
6369.47
6951.62
6887.34
6491.33
6269.63
4907.57
4781.48
3486.73
6019.48
3043.49
6286.68
4021.64
6445.8
4178.07
5352.06
5453.15
5581.02
4858.37
3490.61
5492.0
5926.09
5808.44
4338.33
2388.04
4279.55
6366.39
4627.09
3651.32
7503.22
5308.93
5139.74
8551.68
5048.66
4985.84
6316.91
4690.64
5283.02
7293.55
3242.97
4663.85
5492.75
5679.23
4485.0
5064.72
5635.71
4603.47
4090.66
5488.11
5856.42
9476.69
4822.54
3390.82
5374.83
7513.65
7906.58
7212.93
7785.86
7557.62
4443.39
3963.87
8291.14
6349.78
7574.23
3247.74
7525.99
4966.7
4825.1
7439.65
2756.36
4910.41
3605.65
7862.2
9074.18
3648.03
5942.39
4467.67
4887.96
5688.64
4679.52
4371.17
6365.09
9023.71
4908.45
5179.87
4714.45
3633.5
6202.43
4101.69
6129.75
4511.67
3750.59
4292.85
4236.99
6099.58
3537.61
6767.05
6863.09
4381.95
6982.96
2708.33
5625.23
3255.68
2955.27
3923.06
2303.87
5315.6
3237.83
3921.72
3203.69
5001.7
5451.48
3541.04
5808.04
7310.52
3224.15
3747.56
4107.06
4864.42
5066.51
2815.43
7471.92
5150.5
5151.71
4915.42
4141.87
2958.9
3948.81
4154.59
4534.37
3359.47
4509.43
4871.51
9146.81
3198.78
4778.97
3532.44
6911.07
4207.56
3963.61
3521.05
3203.17
5989.53
2849.28
7033.59
2694.16
4247.88
3924.15
4405.24
5199.19
6579.77
6640.74
2838.95
7330.68
5112.78
4656.14
4196.73
4248.98
5927.26
3916.88
5209.2
4144.79
3323.16
4459.52
4631.78
4575.66
3566.06
5187.64
5273.63
4435.09
3371.79
4742.77
2778.79
3523.31
5176.55
3114.37
4017.81
6832.01
2979.64
3672.49
3082.66
4504.15
4272.24
5080.45
4527.98
4152.4
2522.29
3887.6
5305.54
5036.5
3467.87
5322.4
3895.39
6509.93
5770.27
3251.52
3988.73
3803.44
10669.9
4236.47
3455.69
5968.48
4675.15
4801.7
2843.1
4681.83
5417.13
3388.43
7249.74
4033.59
2916.92
4808.88
5242.45
5011.03
4295.46
3387.08
4795.71
5860.59
5272.14
3902.91
4834.25
4020.23
3003.01
3301.55
3496.8
4571.87
4083.49
3616.98
5028.65
3814.93
4528.35
4711.34
4665.75
3424.2
3707.18
3373.93
3972.46
3498.45
4085.26
5417.57
3976.16
4724.06
6915.77
8470.4
4254.67
4111.88
2979.0
3600.16
4343.03
3654.24
5130.65
4466.07
4391.18
4299.46
6020.7
4026.76
3588.45
4399.87
4168.19
4154.4
6114.39
3353.65
3544.97
3638.39
3144.58
5951.25
4677.4
3011.79
6052.0
9233.08
6924.71
5401.66
3228.55
5591.98
4258.67
4208.72
2599.08
4427.53
4730.66
3598.58
3528.4
3386.71
3767.78
5548.43
5833.19
3675.59
3283.71
4044.54
11936.5
3025.23
3556.19
5566.09
3457.53
4286.36
4545.65
5518.99
4914.25
3435.59
3218.82
6630.28
4876.77
5010.65
6957.84
5164.99
2981.18
7719.25
5046.8
6503.42
3407.79
3462.49
3311.37
5479.92
4906.34
4667.06
5715.6
4459.84
4125.24
8440.11
5534.47
9470.61
3994.22
3978.38
8458.81
6193.27
7235.65
5031.23
7427.37
7943.61
7243.01
4589.73
4491.27
2968.05
6713.02
5297.07
6766.56
7967.21
8360.31
5071.2
3668.53
8266.7
2727.27
4755.44
5991.3
7413.49
6976.28
4376.39
5379.66
5632.18
2917.45
2911.97
7549.23
5523.21
6170.66
3939.19
8512.05
2576.32
3259.87
8665.44
4178.89
5499.55
4349.75
4856.02
7553.21
6179.45
7825.2
6153.47
4244.18
5110.62
8456.32
4140.04
2536.22
7501.54
4893.77
7289.99
7399.9
6864.78
6983.97
7107.06
4043.74
5490.46
5848.51
6566.25
2367.74
4568.78
2664.42
2996.53
8275.62
6083.99
5545.63
6997.19
6831.96
7013.34
4567.22
4745.52
3566.2
2096.49
4863.73
6162.38
5284.81
5455.13
4156.95
5239.58
5248.04
5816.94
6876.07
5499.05
6475.93
4117.24
5897.89
8995.3
4816.38
3133.36
4645.34
7236.75
5210.07
5814.28
2879.49
4329.35
3211.08
7397.38
3525.94
4655.56
9876.25
7182.5
4442.06
4628.83
5753.2
4771.24
2856.08
6990.23
3990.86
4981.62
7329.91
3039.06
5879.6
6287.86
4669.72
4904.77
4314.87
6849.22
4687.71
8067.71
7677.34
4911.88
6740.02
7864.37
6173.74
3646.18
3443.33
4103.31
2410.29
4639.34
6065.53
5212.76
4916.83
4548.37
3834.3
4790.05
4473.87
7263.43
6813.64
6821.72
6057.07
5886.75
4060.2
8382.25
7251.92
7635.25
5898.48
2430.04
8411.53
4528.09
6672.45
5516.44
4899.14
7968.1
4371.61
5503.24
7905.72
4008.08
8919.24
7651.01
6236.59
5799.02
3082.98
5085.28
4438.76
4033.91
8753.8
5664.77
4788.37
5330.1
7611.32
6779.65
3392.11
