0.017455
0.0110169
0.0166964
0.00882689
0.00889361
0.0058714
0.00684166
0.00663508
0.00940295
0.0075435
0.00730661
0.00667112
0.0211651
0.0128784
0.0138171
0.00815043
0.00740301
0.0120228
0.00626418
0.00528979
0.00799412
0.00809018
0.00749134
0.0162578
0.00751188
0.00824134
0.00907656
0.00957433
0.0117946
0.00879204
0.00643098
0.00647653
0.0175728
0.0119393
0.0169082
0.0102345
0.0101198
0.0085046
0.00936139
0.00819271
0.0163977
0.0172151
0.00660115
0.00785561
0.00827271
0.00797952
0.00711275
0.0175212
0.00896447
0.0188987
0.00809513
0.00964915
0.0134053
0.012995
0.0167512
0.00841842
0.0120051
0.00846765
0.0104858
0.0107051
0.00662099
0.00768584
0.0164188
0.00687664
0.00851956
0.00985114
0.00932817
0.0119268
0.0118815
0.00572587
0.00350373
0.0148529
0.009241
0.00767273
0.0178458
0.00875593
0.0102283
0.00806635
0.0074611
0.01155
0.00791904
0.00757519
0.00670265
0.0115946
0.00635341
0.00791074
0.0107164
0.0188197
0.00688438
0.00849843
0.00780977
0.0127137
0.00829298
0.0133396
0.0144154
0.0078958
0.0123239
0.0105891
0.0062796
0.0157057
0.00649194
0.0117057
0.017523
0.0112068
0.00887368
0.0121051
0.00875122
0.00753577
0.0112683
0.0100714
0.00833495
0.00871108
0.0173815
0.00949074
0.0110747
0.0155311
0.00855733
0.0104143
0.0138081
0.00873966
0.0116687
0.0127799
0.00872665
0.0162429
0.0169099
0.0120221
0.00680395
0.00611666
0.00667274
0.00681972
0.0077169
0.0048867
0.00968044
0.0109041
0.00796326
0.0130401
0.00610142
0.00496156
0.0068661
0.00697782
0.00747922
0.0103992
0.0120725
0.0104779
0.0163095
0.00451279
0.0146797
0.0156525
0.0109362
0.00925649
0.0125439
0.0120735
0.0107223
0.0102465
0.0111712
0.0065308
0.00868321
0.009681
0.00952742
0.0074304
0.0109812
0.0115351
0.00591757
0.00573278
0.00754022
0.0111332
0.0093907
0.00678529
0.00696404
0.00625131
0.0122084
0.00866931
0.0076949
0.00622805
0.00552164
0.00943466
0.00712833
0.00575121
0.00710385
0.00607979
0.00738517
0.0127243
0.00937686
0.0063306
0.0103804
0.0114604
0.0114833
0.0111102
0.00867799
0.00944932
0.00735604
0.00766026
0.00887284
0.00826637
0.00770136
0.0106758
0.00742437
0.0108437
0.00815639
0.00826855
0.0115275
0.00882223
0.00817563
0.00603275
0.0136104
0.00774166
0.0070747
0.0127261
0.0095798
0.00783071
0.00701864
0.0101535
0.0107118
0.00909239
0.0137322
0.0124373
0.00883789
0.00821181
0.00972718
0.00923445
0.012152
0.0116151
0.0106611
0.00599313
0.00950288
0.00953877
0.0177905
0.00665679
0.0082772
0.00915617
0.0108338
0.0076528
0.00635292
0.0117199
0.0170122
0.0131503
0.00512296
0.00944599
0.00908505
0.00702275
0.00885252
0.00815982
0.00683356
0.0137582
0.00870917
0.00696607
0.00607589
0.00641981
0.00746305
0.00723537
0.0121229
0.00629124
0.0136543
0.00762581
0.0103537
0.00709437
0.00868842
0.00842946
0.0172014
0.0133337
0.00954213
0.00798727
0.00677399
0.00790813
0.0091483
0.0101664
0.0116409
0.00749792
0.0118879
0.0109716
0.00928081
0.0166281
0.0138028
0.0127677
0.0142207
0.00597108
0.0115876
0.0101896
0.00626576
0.00502656
0.0181401
0.00680607
0.0083636
0.0138419
0.0124769
0.0102313
0.00894353
0.0104507
0.00879127
0.0115893
0.0161943
0.0078923
0.00463905
0.00991258
0.01164
0.0148155
0.00762516
0.00696692
0.00645213
0.0123254
0.00721123
0.0114081
0.0113718
0.0115168
0.00608438
0.0149951
0.0102194
0.00535554
0.00634425
0.0105055
0.0102576
0.0157722
0.0103465
0.00379621
0.00717002
0.00285182
0.016129
0.00716878
0.0064643
0.00806501
0.00536465
0.0118902
0.0140042
0.00556837
0.0117635
0.0115594
0.00791659
0.00912539
0.0170084
0.0067656
0.00908639
0.00965686
0.00554007
0.0135516
0.0108818
0.0102606
0.0131135
0.00974053
0.00502614
0.0104309
0.0103473
0.00556563
0.00488268
0.0135819
0.0101531
0.0070782
0.00630622
0.0110057
0.00722367
0.0100835
0.0093099
0.00553476
0.00645612
0.0121215
0.0147846
0.015483
0.0111921
0.00670823
0.00821678
0.011244
0.0106191
0.00549321
0.0137677
0.00795158
0.0109833
0.0103232
0.00723454
0.0166346
0.0158301
0.0110807
0.0134522
0.00774878
0.0132352
0.0070845
0.0107028
0.0108609
0.0211483
0.0059544
0.0136941
0.0159501
0.00743547
0.0083087
0.00717814
0.0114148
0.00855049
0.0148242
0.00631851
0.00389589
0.00743843
0.0111896
0.0138045
0.00621146
0.00520868
0.00587975
0.0106288
0.00572815
0.00977573
0.0145161
0.0108682
0.00694696
0.00630481
0.0105365
0.00778769
0.00911074
0.00926802
0.0167566
0.00259617
0.0117813
0.0119077
0.00942753
0.0122517
0.00825725
0.0107271
0.00768507
0.0151234
0.0106624
0.00377151
0.00648654
0.00651666
0.00894641
0.00655098
0.0108435
0.0117875
0.0153143
0.00585577
0.0158111
0.00614274
0.0158281
0.00675355
0.0110187
0.00647025
0.00508975
0.0185247
0.00897279
0.014081
0.0107853
0.00615961
0.0186491
0.00719789
0.00608952
0.00610891
0.00838746
0.00730347
0.0086047
0.0064513
0.0120946
0.00895292
0.0106983
0.0116086
0.00615991
0.00784245
0.0115357
0.00530745
0.00571446
0.0126081
0.00634696
0.0140864
0.00728752
0.00649926
0.00690556
0.00598743
0.00643554
0.00653729
0.0113621
0.0116364
0.0110943
0.0167636
0.00659143
0.0154302
0.0120958
0.0113823
0.00879017
0.0147066
0.00630242
0.00851372
0.0156952
0.00605094
0.00880119
0.00662115
0.0144857
0.00638859
0.0100862
0.0199478
0.00630209
0.0108472
0.016369
0.00742191
0.00942175
0.0162494
0.00591075
0.0156225
0.00497222
0.0057087
0.00603866
0.0101726
0.00832365
0.0192908
0.00702572
0.0102784
0.00727827
0.00599863
0.0130302
0.011391
0.0101502
0.00706947
0.0177372
0.00587969
0.00620861
0.0130009
0.0176418
0.00646027
0.00705378
0.00711402
0.00734361
0.00712109
0.0059811
0.00679594
0.00641586
0.013218
0.00612854
0.0153721
0.0135207
0.00619059
0.00675161
0.00679587
0.00630837
0.00596674
0.00777638
0.00731288
0.00789182
0.0102277
0.00689808
0.00672489
0.00991158
0.00908908
0.00769653
0.00850967
0.00466934
0.0125709
0.00853557
0.0077798
0.0106836
0.0110453
0.00684172
0.00732034
0.00803997
0.00922071
0.0070071
0.00803278
0.00997351
0.00801227
0.00826443
0.0131435
0.0142477
0.00776962
0.00861273
0.00760322
0.0081479
0.00833449
0.00871809
0.00341062
0.00517129
0.0150827
0.00823689
0.00501874
0.0139074
0.00855435
0.0111335
0.0082083
0.0192339
0.00508695
0.00985589
0.0102222
0.00565463
0.00958225
0.0209082
0.0110344
0.0081767
0.0118077
0.00746246
0.00973051
0.00621837
0.013193
0.00754965
0.00664504
0.00790958
0.0134978
0.0112505
0.0198074
0.0127282
0.00692007
0.0159954
0.0137771
0.00844407
0.00779656
0.00672917
0.0100671
0.00888739
0.00801094
0.00677662
0.0112473
0.00909318
0.00846062
0.00692251
0.00908136
0.00814488
0.010333
0.00901701
0.0101124
0.00607712
0.00715836
0.0119245
0.00535922
0.0105403
0.00838639
0.00814141
0.00662391
0.00889873
0.00630787
0.00942441
0.00962514
0.00647463
0.0192703
0.00985711
0.018491
0.010534
0.0083953
0.00792548
0.00961523
0.010539
0.0183862
0.0140004
0.00782831
0.00928576
0.0159795
0.0081052
0.0126042
0.00694521
0.00659628
0.0102178
0.0089153
0.0126971
0.00549157
0.00812937
0.0136601
0.00700446
0.0110972
0.00728424
0.00712244
0.0106289
0.00738556
0.00902277
0.00783698
0.00725882
0.0112319
0.00702377
0.00917042
0.00553496
0.0119765
0.0104266
0.0106452
0.0141697
0.00897505
0.00890579
0.00587981
0.0112201
0.00585814
0.015282
0.010308
0.00815284
0.00631908
0.00769393
0.007214
0.00708254
0.00926159
0.0063323
0.00960507
0.00809049
0.0145188
0.00594619
0.00672712
0.0106185
0.0105638
0.0177272
0.0092703
0.00637514
0.0098426
0.0137608
0.00896513
0.00780762
0.0166988
0.00705557
0.00764742
0.00566806
0.0106462
0.00744912
0.010909
0.0077178
0.00949788
0.0112405
0.00817734
0.00772359
0.00714661
0.00784914
0.0109638
0.0072382
0.00826954
0.0124301
0.00791079
0.00749026
0.0168356
0.00975635
0.0186828
0.00585636
0.00822181
0.00589442
0.0103465
0.0071952
0.00786086
0.00783518
0.00718665
0.00430005
0.0102083
0.0101108
0.00698869
0.00528382
0.00702454
0.00823651
0.0114345
0.006053
0.0163683
0.00857642
0.00777413
0.00342518
0.00827408
0.0120171
0.00719666
0.0043373
0.00337772
0.0103919
0.00382882
0.0127779
0.0139089
0.00660949
0.00847627
0.00627765
0.00783655
0.0085176
0.0161178
0.0126142
0.0109509
0.00964721
0.00699102
0.00428679
0.0103445
0.00501587
0.00359969
0.00320694
0.0167228
0.0102904
0.00487906
0.0109537
0.0145507
0.0107114
0.0160932
0.00695355
0.00545558
0.0101894
0.00936416
0.012772
0.00685546
0.00350527
0.0155788
0.00915921
0.00355123
0.0131686
0.00650313
0.0148288
0.0114575
0.0100683
0.012915
0.0162375
0.0104068
0.012094
0.0164336
0.00923609
0.0087989
0.00585944
0.00858579
0.0100318
0.00824099
0.00554895
0.0147615
0.0112573
0.00786529
0.00637576
0.00840633
0.00844788
0.00844064
0.011491
0.00828368
0.00620995
0.00850362
0.00952123
0.01164
0.00602061
0.0165255
0.00736806
0.00734086
0.00950971
0.00979477
0.0115547
0.0067297
0.0090284
0.00724793
0.00788495
0.00688967
0.0119112
0.0113975
0.00804629
0.0107969
0.0112875
0.00738967
0.00606524
0.0161927
0.0086048
0.00890062
0.0112394
0.00821378
0.0137902
0.00630818
0.0167316
0.0170272
0.0163088
0.00752958
0.0101307
0.00523712
0.00674429
0.00957435
0.00548927
0.0113622
0.00660962
0.00728582
0.0166366
0.00971756
0.00785211
0.0110311
0.0157139
0.0116351
0.0170718
0.00962984
0.0104309
0.0130027
0.00559553
0.00919437
0.00364715
0.00838755
0.0103201
0.00980938
0.00864919
0.00623844
0.0117727
0.00613083
0.00901851
0.00532507
0.00547734
0.0111853
0.0146496
0.00594332
0.00714232
0.00760474
0.0086032
0.00823858
0.0076755
0.0086507
0.00617999
0.00953714
0.00565202
0.0136495
0.00677845
0.00945848
0.0158902
0.00613346
0.00991086
0.00546768
0.00773647
0.00516252
0.00646657
0.0094857
0.00694331
0.00851841
0.00903857
0.0132149
0.00691543
0.00948055
0.0143017
0.00742892
0.0152716
0.00870534
0.013153
0.0101423
0.0101067
0.0106137
0.0107047
0.00369159
0.00800209
0.0102958
0.00963944
0.0160147
0.00864279
0.0126803
0.00724632
0.00710454
0.00849352
0.00744146
0.0135065
0.00855573
0.00805277
0.00766349
0.00948939
0.00938894
0.00807323
0.0066961
0.00858693
0.012185
0.0074689
0.0173716
0.0092404
0.0090927
0.00735939
0.00941097
0.00705959
0.00661636
0.00956609
0.00941107
0.0190985
0.00805398
0.014322
0.00670649
0.00947229
0.0113293
0.00678555
0.00774171
0.0111851
0.00710777
0.00668963
0.0125765
0.0100488
0.00630751
0.00980094
0.00867851
0.0153463
0.014275
0.00760925
0.0118289
0.00757037
0.00475229
0.00689805
0.0080666
0.0117109
0.0103284
0.00791246
0.00760255
0.0174317
0.00839301
0.0091352
0.013794
0.00955411
0.0156561
0.0126879
0.00860625
0.00868965
0.0151186
0.00789977
0.00653156
0.00834113
0.0156271
0.00880922
0.00663949
0.0160973
0.0143406
0.012204
0.0143481
0.00934693
0.0144723
0.0162904
0.0108698
0.00771132
0.00796549
0.0123142
0.00468111
0.0121339
0.00938298
0.00546043
0.0106653
0.00542009
0.0162888
0.00845812
0.0156085
0.00963815
0.00756653
0.00993284
0.00661925
0.00995085
0.00748659
0.0164838
0.0109426
0.00981461
0.00668574
0.00847207
0.00922014
0.0158885
0.0113003
0.00826705
0.00741626
0.0124457
0.00793862
0.0143687
0.011905
0.0101316
0.0124626
0.0202472
0.00454935
0.00668112
0.0114073
0.00560723
0.0163141
0.00823384
0.011336
0.0194932
0.00884483
0.00632436
0.00929446
0.0125548
0.0167659
0.015268
0.00988707
0.0165923
0.00972643
0.0090438
0.0111234
0.0109964
0.00741045
0.0120535
0.00859698
0.0103344
0.0071543
0.00230324
0.00981608
0.0135696
0.00896259
0.00609646
0.0137122
0.0100571
0.00828312
0.00753477
0.00767132
0.00597977
0.0107657
0.00918578
0.0146631
0.0110209
0.0123773
0.0179377
0.0098262
0.00616235
0.0134883
0.014239
0.00552416
0.0205822
0.00974454
0.00635462
0.00680879
0.00869743
0.0107272
0.0115578
0.00884006
0.0164281
0.00960999
0.00950838
0.00825962
0.0131894
0.0115899
0.0171717
0.0089314
0.00716805
0.0116322
0.0111602
0.017131
0.0134521
0.00933984
0.00887498
0.0130091
0.0203673
0.0103648
0.0131769
0.00581806
0.0103257
0.01196
0.00696775
0.00483749
0.00706758
0.0091318
0.00854671
0.00797575
0.00835193
0.00651034
0.0191121
0.0125666
0.0127377
0.00914845
0.0116081
0.00769267
0.0157782
0.0108508
0.00778183
0.013102
0.0155488
0.00821409
0.0115583
0.0120092
0.0159111
0.0165388
0.0143238
0.00648155
0.0165244
0.00749704
0.0160029
0.0154356
0.00722407
0.00650209
0.0214697
0.0100516
0.00742942
0.00932908
0.0120054
0.0152344
0.00735302
0.0167048
0.00955065
0.00982714
0.00957989
0.00783564
0.00541347
0.00979597
0.0102775
0.0115984
0.00941497
0.0101234
0.00779576
0.00799913
0.0128144
0.0113903
0.010427
0.00847259
0.0110589
0.0101197
0.00691544
0.00827079
0.00725992
0.00911002
0.00980715
0.00955328
0.0136134
0.00656098
0.00728588
0.00933236
0.0104287
0.0105879
0.00957157
0.0118913
0.0112285
0.010552
0.01674
0.0100428
0.00982029
0.00807149
0.00587026
0.00823498
0.0069783
0.00731274
0.00782937
0.00580164
0.00895765
0.0108336
0.0060731
0.0181257
0.00672815
0.0113179
0.00928942
0.0172826
0.00715289
0.00736416
0.00924103
0.00849936
0.00959286
0.0165547
0.00734694
0.00891295
0.0164655
0.00624504
0.00580095
0.00756382
0.00898725
0.00563617
0.00995908
0.00532363
0.0113612
0.00959665
0.00648692
0.00649047
0.00861137
0.00876807
0.00846563
0.00745392
0.00770462
0.010869
0.010021
0.00878146
0.00889607
0.00805053
0.00580644
0.00818194
0.00862249
0.0203104
0.0127963
0.0170743
0.0116862
0.0100948
0.00902635
0.0103066
0.0186752
0.0117504
0.00707387
0.00890968
0.00800319
0.00876167
0.00672808
0.00979313
0.00968064
0.00776213
0.00708287
0.00655417
0.0116616
0.00885357
0.00763451
0.0106805
0.0071382
0.00545446
0.00755331
0.016656
0.00899927
0.0106647
0.0176302
0.0110985
0.00963011
0.00631081
0.0187366
0.00844806
0.0102621
0.0139587
0.00861513
0.022772
0.0116807
0.0105883
0.00648944
0.0106351
0.00427796
0.00898423
0.00756982
0.00747643
0.00990113
0.00637901
0.0098266
0.00924209
0.00593814
0.0054142
0.00709344
0.0119934
0.00686561
0.00768629
0.00621061
0.0091732
0.0213192
0.00622744
0.00292946
0.00891272
0.00946508
0.00651827
0.00592149
0.00889336
0.0102495
0.00533946
0.00640183
0.0142377
0.00897864
0.00782189
0.00814236
0.016896
0.0076959
0.0100033
0.0148635
0.00772471
0.00707794
0.00680025
0.00657002
0.00495428
0.00748197
0.0101744
0.00950677
0.013339
0.0088318
0.00863184
0.00915081
0.0108765
0.0150741
0.00940686
0.00761632
0.00936105
0.0201557
0.0123664
0.00832813
0.0124057
0.00747224
0.0067021
0.00637495
0.0141487
0.00743484
0.00904392
0.0108271
0.00608868
0.00723149
0.0111996
0.00862207
0.0116762
0.0108921
0.0130151
0.0112375
0.00766315
0.0112815
0.0069703
0.00737639
0.0136583
0.0120859
0.0151124
0.00891626
0.0112851
0.0103704
0.0140882
0.0107
0.0113527
0.00709794
0.00801464
0.0106729
0.0100539
0.00280637
0.0110457
0.00707404
0.00583068
0.00496672
0.00861008
0.01496
0.00636931
0.00728093
0.00977681
0.0074798
0.00681888
0.00658918
0.00975003
0.0108255
0.00772075
0.0151899
0.0140132
0.0101992
0.00897526
0.00888601
0.00922066
0.00535771
0.00692281
0.00580872
0.00998942
0.00906878
0.00813254
0.0104097
0.00854272
0.0062115
0.00910055
0.00707258
0.0104554
0.0216611
0.00794603
0.00765503
0.00790293
0.00722513
0.00936912
0.0146038
0.0110224
0.00909312
0.0149433
0.0103829
0.00921675
0.00994715
0.0100199
0.0053877
0.0196338
0.00908047
0.00860271
0.00508268
0.00822165
0.010962
0.00897684
0.0111546
0.0066941
0.00990727
0.0108879
0.00586743
0.011526
0.00648456
0.0122831
0.00721875
0.00692358
0.00975221
0.00590981
0.00874673
0.0100988
0.0184969
0.00585873
0.00744434
0.00854736
0.0081256
0.0112822
0.0186118
0.00836093
0.00682914
0.00606074
0.0177151
0.00863128
0.0115041
0.0187822
0.00909466
0.0174543
0.00598171
0.0082796
0.00696566
0.013043
0.00859599
0.00712231
0.0123272
0.0164094
0.012728
0.011746
0.0107038
0.0106581
0.00990253
0.0135274
0.0114873
0.0113047
0.00654021
0.0184847
0.0148296
0.00698001
0.00350221
0.00954476
0.00852583
0.0150736
0.0156182
0.0126018
0.00887161
0.0070237
0.00970274
0.01535
0.0104203
0.00435495
0.00295026
0.0132973
0.00918527
0.0149213
0.00558328
0.0111401
0.0135793
0.0150027
0.00669119
0.0125043
0.0152256
0.0162638
0.0135279
0.0113353
0.0136311
0.00630804
0.0134373
0.0140583
0.0154881
0.00400555
0.00666314
0.0195445
0.0113622
0.00421113
0.00609669
0.0065734
0.0155677
0.0040297
0.00777638
0.0066299
0.0119613
0.0105778
0.0105326
0.00602404
0.0108538
0.0100243
0.0153938
0.0063578
0.00828183
0.00633458
0.0108902
0.0097007
0.0146415
0.00601385
0.0158314
0.00739235
0.00727619
0.0109214
0.00991854
0.0101885
0.00784448
0.00918742
0.00741891
0.0125743
0.00679433
0.00667122
0.00571122
0.012069
0.011563
0.00428626
0.012544
0.00737698
0.0141836
0.00606522
0.00890191
0.0072339
0.0065023
0.0170525
0.0137452
0.0145488
0.0135657
0.0096693
0.00774815
0.0071461
0.00712754
0.00708931
0.0079181
0.00925181
0.0103421
0.0138159
0.00824689
0.0159783
0.00779252
0.0122578
0.00769513
0.0119033
0.00850018
0.00901267
0.00891295
0.0102062
0.014084
0.00902279
0.00828044
0.00853121
0.0115099
0.0206802
0.011611
0.00769668
0.0104925
0.0135405
0.00662572
0.00930439
0.0095637
0.00571298
0.00973128
0.00989863
0.00784227
0.0106523
0.00931216
0.00681339
0.0146686
0.0106961
0.00901864
0.00871744
0.0109008
0.00979162
0.00879226
0.010689
0.0120147
0.00901112
0.00849323
0.00378602
0.0103002
0.0146319
0.0091068
0.00467566
0.00617691
0.00379272
0.00636416
0.00593078
0.0110499
0.0125737
0.00599869
0.00770879
0.00648191
0.0152923
0.0065686
0.00983063
0.0100691
0.00664491
0.0178897
0.0101685
0.0135258
0.00615995
0.00547912
0.0134243
0.0082853
0.0111495
0.00988747
0.00874232
0.0106297
0.011358
0.00781083
0.00403126
0.0101106
0.00947297
0.0105021
0.0136235
0.00801991
0.0120723
0.00811803
0.0109805
0.0132143
0.0115615
0.0116781
0.0081182
0.0140877
0.00729663
0.00723711
0.0112206
0.00698917
0.018302
0.00883761
0.0145803
0.0168539
0.0126704
0.0215584
0.00929356
0.0153054
0.0126918
0.0153382
0.00982666
0.00915802
0.0140716
0.00856457
0.00679903
0.0154148
0.0132664
0.0120805
0.0102478
0.00573397
0.0176847
0.00648231
0.00965717
0.0096733
0.0100997
0.0120064
0.0168121
0.0125202
0.0118254
0.0109891
0.014523
0.0110352
0.0101706
0.00544058
0.0154877
0.0101164
0.0140956
0.00718861
0.0117946
0.0125868
0.0141526
0.0154457
0.0082688
0.0173653
0.00705051
0.0184582
0.0116017
0.0126852
0.011315
0.00958264
0.00754037
0.00746576
0.0174834
0.00677837
0.00955408
0.0106752
0.0118098
0.0116276
0.00820314
0.0125499
0.00562957
0.0119833
0.014888
0.0111217
0.0105243
0.0107935
0.0135352
0.00961763
0.00942165
0.0111872
0.0147227
0.0104377
0.0179139
0.0140809
0.00958423
0.015979
0.0122765
0.00697986
0.0167189
0.0135479
0.0160797
0.0109875
0.0116281
0.00972896
0.010931
0.0119718
0.019758
0.0126986
0.00916256
0.00987334
0.0141863
0.00923821
0.0127697
0.00765586
0.00863296
0.015184
0.0124154
0.0131098
0.00461774
0.0116997
0.0142508
0.00834381
0.0105831
0.0103558
0.0175203
0.0106236
0.00922071
0.0146832
0.00685759
0.0122606
0.0169656
0.0103399
0.00950218
0.00977419
0.0115699
0.014601
0.0103737
0.00850342
0.00945231
0.0127032
0.0101851
0.0121577
0.0165508
0.0150718
0.0141415
0.0108789
0.0122093
0.0135566
0.00989063
0.0129698
0.0109544
0.0105755
0.00967403
0.0144784
0.0133569
0.0146953
0.0124353
0.0140993
0.0121807
0.00919482
0.0125253
0.0105319
0.00720862
0.00578133
0.0116463
0.0121209
0.0163851
0.0137363
0.0114607
0.0124989
0.00969796
0.0110714
0.0112558
0.0115667
0.00810847
0.0123326
0.0138264
0.0112603
0.0119307
0.011901
0.00814401
0.0147283
0.0139678
0.013588
0.0156922
0.00628002
0.0106549
0.0164305
0.00823
0.0034093
0.00665156
0.00921245
0.0153221
0.00891416
0.0116664
0.0110105
0.019187
0.0109296
0.0105373
0.0137522
0.01399
0.0145667
0.0131286
0.00896669
0.00852603
0.013476
0.0150296
0.0122846
0.00396943
0.0163634
0.0138579
0.0084993
0.014223
0.0108019
0.0109679
0.00785639
0.0100716
0.0132223
0.0154967
0.00743232
0.0102204
0.00928068
0.0071472
0.00873252
0.0167196
0.00644448
0.0084348
0.0070887
0.0134628
0.0142431
0.0149705
0.00908399
0.0099143
0.0106445
0.00870043
0.010796
0.0120954
0.00579614
0.00891419
0.00523235
0.0124328
0.0122712
0.0057207
0.00797777
0.00653388
0.0098165
0.00669955
0.00622378
0.00681827
0.0108234
0.0111124
0.0157641
0.0068654
0.0090009
0.00732081
0.00622862
0.00597128
0.00977153
0.0136085
0.00596498
0.0182504
0.0104119
0.00765549
0.00666789
0.00684358
0.011281
0.00911502
0.00875087
0.0169093
0.0171425
0.00658681
0.00475035
0.00807811
0.0125512
0.00578811
0.0191271
0.015281
0.00561276
0.0114974
0.00762735
0.0106401
0.0102191
0.00656219
0.00795248
0.00633076
0.00796868
0.0115472
0.00913955
0.0055072
0.0118306
0.0192401
0.0064544
0.0100315
0.00682217
0.00660989
0.00719482
0.00687731
0.00700806
0.0122031
0.00899736
0.0083524
0.00736718
0.0200189
0.00978836
0.0187065
0.0162824
0.00594629
0.0080477
0.00898572
0.00711886
0.00720393
0.00680842
0.0107293
0.0100401
0.0138896
0.0232391
0.0102001
0.00746017
0.0094164
0.00905569
0.0111069
0.00942847
0.00946402
0.00847109
0.00722591
0.00908052
0.00758494
0.0118569
0.00777299
0.00554072
0.00568626
0.0144143
0.0103993
0.00678165
0.00936321
0.00858444
0.017317
0.0114622
0.0151513
0.00657705
0.0141563
0.0106225
0.00468385
0.0068923
0.0111278
0.01014
0.00867664
0.010418
0.0174646
0.00700357
0.0124064
0.0100134
0.00675364
0.0163963
0.00800371
0.00787264
0.0106197
0.010103
0.0115514
0.00692614
0.0104171
0.00538561
0.0063242
0.0099033
0.00722983
0.00633687
0.00804886
0.0135126
0.0144108
0.0118957
0.0201866
0.00928933
0.00757466
0.00923164
0.0101189
0.0108834
0.0130186
0.0103139
0.0110802
0.00685464
0.00725657
0.00708138
0.00800536
0.00834475
0.0121934
0.00594809
0.00670456
0.00648096
0.00839713
0.0200867
0.00577317
0.0109494
0.00727804
0.00834734
0.00994727
0.00611339
0.0113221
0.00895254
0.00607129
0.0124645
0.00547139
0.00632129
0.00771427
0.00839895
0.0161944
0.00958635
0.0112436
0.0122524
0.00565366
0.00872965
0.00832706
0.00931279
0.00652826
0.00733135
0.0145369
