2867
4540
2995
5666
5623
8517
7312
7540
5319
6629
6844
7496
2363
3883
3620
6135
6754
4160
7983
9455
6257
6181
6675
3077
6657
6069
5512
5226
4240
5688
7776
7722
2846
4188
2957
4886
4941
5880
5342
6104
3050
2905
7576
6368
6045
6269
7030
2855
5580
2646
6179
5182
3730
3848
2985
5940
4166
5906
4769
4672
7554
6506
3046
7277
5869
5077
5361
4195
4209
8734
14274
3367
5411
6517
2803
5711
4889
6199
6703
4330
6315
6602
7462
4313
7872
6321
4667
2658
7264
5884
6403
3934
6030
3749
3472
6333
4058
4722
7963
3189
7704
4272
2854
4462
5651
4138
5715
6636
4438
4966
6000
5740
2877
5269
4516
3220
5844
4803
3623
5722
4285
3914
5730
3079
2957
4160
7350
8177
7495
7333
6480
10234
5166
4586
6280
3835
8196
10079
7284
7167
6686
4809
4143
4772
3066
11082
3407
3195
4572
5404
3986
4142
4664
4881
4477
7657
5759
5166
5249
6730
4556
4335
8451
8725
6635
4501
5325
7371
7181
8001
4096
5768
6499
8030
9057
5301
7016
8696
7039
8226
6773
3931
5332
7899
4818
4364
4355
4501
5763
5296
6798
6528
5636
6049
6493
4684
6735
4612
6131
6049
4338
5668
6118
8289
3674
6460
7069
3929
5221
6388
7125
4926
4669
5500
3642
4021
5659
6091
5146
5417
4115
4307
4691
8346
5263
5242
2812
7517
6041
5462
4616
6535
7872
4267
2940
3803
9763
5294
5505
7121
5651
6129
7319
3636
5744
7180
8231
7790
6701
6911
4126
7948
3662
6558
4830
7050
5758
5932
2907
3750
5241
6264
7383
6323
5466
4920
4296
6669
4207
4560
5388
3008
3624
3917
3519
8377
4315
4909
7982
9948
2756
7349
5980
3613
4010
4888
5591
4786
5688
4315
3089
6339
10782
5046
4296
3376
6560
7179
7752
4058
6945
4385
4398
4343
8219
3335
4894
9338
7883
4761
4876
3171
4834
13174
6975
17536
3101
6976
7736
6202
9322
4206
3572
8982
4254
4327
6324
5481
2940
7392
5504
5179
9027
3691
4596
4874
3814
5136
9950
4795
4833
8985
10245
3682
4929
7065
7932
4544
6924
4961
5372
9035
7747
4126
3383
3230
4469
7456
6085
4447
4711
9104
3632
6290
4554
4845
6913
3007
3159
4515
3718
6453
3779
7059
4672
4605
2366
8399
3654
3136
6726
6020
6967
4381
5849
3374
7915
12837
6724
4485
3622
8051
9602
8505
4706
8730
5116
3445
4602
7199
7933
4750
6422
5491
5400
2985
19263
4246
4200
5305
4084
6057
4662
6508
3307
4691
13260
7710
7674
5594
7634
4613
4244
3266
8539
3164
8141
3161
7406
4538
7730
9826
2701
5573
3551
4637
8119
2682
6947
8212
8187
5963
6848
5812
7753
4135
5586
4676
4308
8120
6377
4335
9422
8752
3967
7879
3552
6863
7694
7242
8352
7773
7650
4402
4299
4508
2983
7588
3241
4134
4395
5690
3403
7935
5874
3186
8266
5683
7553
3453
7830
4958
2508
7938
4611
3055
6738
5308
3078
8460
3201
10057
8760
8281
4916
6008
2593
7119
4866
6871
8337
3838
4390
4927
7074
2819
8505
8054
3846
2835
7741
7090
7029
6810
7023
8361
7359
7794
3783
8160
3253
3698
8078
7407
7359
7927
8381
6431
6838
6337
4891
7250
7438
5045
5502
6498
5876
10710
3978
5859
6428
4681
4529
7311
6832
6220
5423
7140
6225
5014
6241
6054
3805
3515
6438
5806
6577
6137
6000
5736
14662
9671
3316
6071
9967
3596
5846
4493
6092
2600
9835
5073
4894
8844
5220
2392
4532
6117
4235
6702
5139
8047
3790
6624
7526
6322
3705
4446
2525
3929
7226
3126
3630
5922
6416
7432
4968
5627
6248
7381
4446
5500
5910
7225
5506
6140
4841
5546
4945
8230
6987
4193
9332
4745
5964
6145
7550
5620
7928
5306
5196
7724
2595
5079
2706
4748
5957
6312
5201
4957
2720
3573
6388
5386
3129
6172
3968
7200
7581
4894
5609
3939
9107
6152
3661
7139
4508
6867
7021
4706
6771
5547
6381
6889
4452
7122
5476
9035
4176
4797
4698
3529
5572
5616
8506
4458
8538
3273
4851
6134
7914
6499
6934
7061
5400
7898
5209
6180
3444
8418
7433
4710
4734
2831
5394
7844
5086
3634
5578
6406
2995
7087
6539
8824
4697
6718
4584
6480
5265
4450
6116
6475
6997
6372
4561
6909
6047
4025
6321
6676
2971
5127
2677
8545
6084
8485
4833
6951
6362
6385
6959
11633
4899
4947
7156
9466
7122
6072
4374
8262
3056
5832
6433
14601
6045
4162
6952
11530
14806
4813
13062
3913
3595
7572
5902
7966
6382
5872
3103
3965
4567
5185
7154
11666
4834
9970
13894
15595
2990
4861
10252
4566
3437
4669
3107
7193
9167
4908
5341
3915
7295
14267
3210
5460
14083
3797
7690
3373
4365
4967
3873
3080
4806
4135
3043
5417
5684
8535
5824
4986
6074
9012
3388
4443
6358
7843
5949
5920
5926
4352
6039
8053
5881
5253
4297
8306
3026
6789
6814
5260
5116
4328
7431
5539
6901
6345
7263
4199
4388
6215
4633
4430
6767
8245
3088
5811
5619
4449
6088
3626
7928
2989
2937
3066
6641
4936
9549
7415
5225
9110
4401
7567
6863
3006
5146
6372
4534
3183
4301
2929
5193
4794
3847
8937
5439
13712
5962
4845
5099
5782
8017
4248
8157
5546
9394
9130
4471
3414
8414
7001
6576
5813
6070
6517
5781
8091
5244
8848
3664
7378
5287
3147
8154
5046
9146
6464
9688
7734
5273
7203
5872
5533
3785
7232
5278
3498
6733
3275
5746
3803
4932
4948
4712
4673
13549
6251
4860
5190
3124
5788
3944
6903
7040
5890
6721
3703
5846
6212
6526
5270
5326
6194
7468
5824
4104
6695
2879
5499
5500
6795
5314
7084
7558
5229
5315
2618
6209
3492
7457
5279
4415
7393
6459
4471
7036
7477
3977
4976
7931
5102
5762
3259
3504
6572
4227
6609
10523
7249
6199
4270
4842
6321
6578
2869
5958
5474
3626
5236
3194
3943
5811
5755
3308
6330
7661
5997
3201
5677
7532
3109
3487
4098
3485
5350
3455
3070
4600
6485
6278
4062
10683
4122
5334
9158
4689
9227
3070
5913
3204
5190
6609
5034
7555
5025
6682
3034
4569
5096
7480
5902
5424
3151
4425
6049
6744
4019
6300
3480
4201
4936
4013
2470
10992
7486
4384
8919
3065
6073
4415
2565
5657
7908
5381
3983
2983
3275
5058
3014
5161
5529
4495
4548
6750
4149
5817
4843
6990
21711
5095
3686
5580
8202
3648
4973
6039
6637
6519
8363
4645
5446
3410
4537
4041
2788
5089
8115
3708
3512
9053
2430
5133
7869
7345
5750
4662
4327
5657
3044
5204
5260
6055
3792
4316
2912
5599
6977
4299
4481
2920
3718
5354
5637
3845
2456
4825
3795
8596
4845
4184
7177
10338
7076
5478
5851
6272
5987
7680
2617
3980
3926
5466
4309
6503
3170
4609
6427
3817
3217
6088
4327
4165
3143
3024
3492
7717
3028
6670
3125
3240
6922
7691
2329
4976
6731
5361
4167
3282
6801
2994
5238
5090
5220
6382
9238
5105
4866
4312
5311
4940
6414
6252
3903
4390
4796
5903
4523
4941
7232
6046
6890
5493
5099
5235
3674
7622
6865
5358
4795
4723
5225
4206
4453
4739
2987
4979
5092
6195
8520
6074
7166
6841
6388
8620
5583
4616
8234
2759
7433
4428
5383
2895
6991
6791
5411
5884
5215
3022
6808
5612
3038
8008
8623
6611
5565
8877
5021
9395
4402
5211
7709
7705
5808
5703
5907
6708
6495
4601
4991
5695
5622
6214
8612
6113
5800
2462
3908
2931
4279
4954
5541
4852
2679
4256
7069
5612
6256
5708
7434
5106
5166
6458
7062
7630
4288
5649
6550
4683
7006
9168
6620
3003
5557
4690
2836
4506
5196
7925
2669
5919
4873
3582
5806
2196
4281
4724
7706
4703
11690
5566
6606
6691
5052
7839
5090
5411
8421
9239
7050
4173
7285
6506
8052
5452
2345
8031
17071
5611
5283
7672
8448
5623
4879
9366
7812
3512
5570
6393
6142
2960
6498
5001
3364
6479
7066
7354
7611
10094
6683
4915
5260
3749
5662
5797
5466
4606
3317
5322
6566
5342
2481
4044
6005
4031
6692
7462
7844
3536
6726
5529
4620
8220
6919
4465
5800
4283
4592
3843
4451
6527
4435
7177
6781
3662
4137
3310
5609
4431
4822
3551
4675
4405
7046
6239
4689
4975
17819
4527
7078
8578
10070
5808
3343
7852
6868
5120
6686
7334
7590
5128
4619
6476
3292
3568
4904
5572
5628
5424
9334
7225
8609
5006
5515
6150
4805
5855
8056
5495
7071
4783
2309
6294
6533
6328
6922
5338
3424
4537
5500
3347
4816
5425
5027
4991
9282
2547
5508
5814
9845
6083
4562
5571
4483
7472
5048
4593
8524
4339
7712
4076
6928
7223
5128
8462
5717
4952
2704
8536
6718
5851
6154
4433
2688
5981
7323
8252
2822
5796
4347
2663
5500
2865
8360
6041
7180
3836
5818
7023
4058
3048
3929
4259
4672
4693
5050
3697
4353
4427
7647
2706
3372
7164
14280
5240
5865
3318
3203
3969
5639
7121
5154
3259
4799
11483
16951
3761
5445
3352
8957
4489
3683
3334
7479
3999
3284
3075
3699
4412
3669
7934
3724
3558
3229
12486
7505
2558
4401
11876
8206
7608
3214
12411
6432
7543
4181
4728
4748
8303
4608
4989
3249
7867
6038
7895
4593
5155
3416
8316
3161
6765
6874
4579
5042
4910
6375
5445
6741
3977
7362
7497
8756
4144
4327
11668
3986
6789
3527
8247
5621
6913
7691
2933
3638
3438
3687
5174
6455
6998
7017
7055
6316
5405
4836
3620
6064
3131
6418
4080
6499
4202
5882
5549
5611
4900
3551
5542
6041
5862
4345
2419
4308
6516
4766
3694
7548
5375
5229
8753
5139
5053
6376
4695
5370
7340
3409
4676
5545
5736
4591
5107
5688
4678
4162
5550
5889
13209
4855
3418
5491
10696
8096
13185
7858
8432
4525
3977
8337
6487
7715
3270
7614
5087
4975
7526
2798
4918
3697
8118
9127
3726
6036
4485
5060
5720
4705
4403
6402
12405
4946
5279
4762
3672
6235
4142
6160
4555
3785
4326
4283
6161
3550
6855
6910
4457
7155
2732
5659
3431
2967
3947
2320
5381
3270
3940
3260
5091
5460
3553
5839
7355
3245
3771
4140
4881
8722
2828
7715
5179
5170
4951
4166
2974
3994
4229
4550
3443
4531
4919
9193
3229
4945
3548
6957
4240
3973
3534
3240
6048
2881
7093
2709
4311
3942
4419
5219
6632
6699
2860
7378
5234
4685
4235
4301
6097
3985
8884
4173
3359
4497
4753
4633
3696
5200
5308
4473
3397
4791
2792
3553
5218
3130
4076
7167
2991
3692
3111
4552
4301
5141
4575
4179
2531
3939
5461
5065
3525
5413
3916
6532
5793
3293
4030
3815
10832
4274
3510
5993
4726
4829
2854
4708
5423
3407
7293
4081
2948
4836
5263
5117
4323
3425
4822
5881
5291
3939
4911
4114
3021
3318
3538
4597
4096
3690
5056
3859
4565
4729
5177
3456
3744
3403
4022
3548
4106
5439
3993
4749
6937
8650
4294
4126
3054
3643
4363
4001
5157
4517
4445
4324
6168
4055
3617
4441
4194
4202
6140
3397
3582
3681
3188
7963
4694
3045
6076
14670
7519
5429
3265
5610
4287
4542
2606
4578
4746
3638
3575
3435
3810
5578
5865
3711
3328
4071
12601
3057
3610
5883
3519
4629
4561
6366
4966
3782
3227
6729
4893
5390
6998
5727
2991
7760
5928
7055
3714
3511
3342
5505
5045
4699
5748
4633
4135
8627
5610
9558
4024
4075
8744
6268
7654
5094
7465
8038
7335
4621
4500
3173
7284
5556
6831
8029
8375
5118
3676
8384
2740
4803
6533
7500
7307
4434
5490
5715
2957
2918
7592
10527
6190
3985
8641
2617
3273
8909
4351
6557
4702
4895
7621
6288
7900
6276
4332
5472
9085
4228
2601
7750
4987
7331
7565
6953
7279
7136
4099
5558
5990
6789
2498
5109
2674
3072
8411
6214
5565
7025
6943
7344
4661
4981
3601
2152
4904
6703
5310
5523
4502
5305
5284
5904
6921
5507
6593
4218
6435
9025
8797
3469
4809
7377
5342
5825
2888
4363
3301
7604
3533
4709
10676
7256
4494
4932
5763
4800
2863
7141
4032
4994
7405
3050
6248
6354
4711
4951
4332
7224
4801
9288
7908
5049
6918
7893
6213
3702
3470
4205
2477
5385
6602
5416
4943
4595
3841
4851
4514
7295
6891
7064
6256
5993
4102
8407
7463
7718
5956
2490
8663
4567
6873
5991
5029
8181
4418
5586
8238
4012
9140
7911
6486
5955
3088
5220
4448
4081
8845
5731
6007
5370
7661
6821
3440
