169.022
218.087
203.251
300.037
346.985
433.956
380.844
379.039
245.064
358.975
355.674
420.831
170.988
163.764
225.129
262.859
314.277
230.481
440.019
592.247
337.638
279.918
331.298
139.464
368.193
370.868
252.178
284.206
235.555
254.043
389.435
513.855
171.015
183.286
149.929
254.536
369.956
327.019
272.341
377.574
154.958
159.909
383.191
265.271
290.652
364.71
323.195
191.612
377.56
143.802
289.334
223.625
219.176
239.17
145.359
297.894
214.732
320.715
251.6
285.652
385.799
295.545
163.087
481.299
371.723
253.558
339.884
181.805
249.863
427.224
909.413
167.117
243.378
300.521
135.567
277.495
270.915
280.153
283.174
205.363
332.993
331.425
410.733
257.582
518.2
358.453
239.363
183.674
375.461
313.808
318.598
285.429
343.874
161.098
209.579
297.844
220.168
284.384
301.235
178.79
433.283
211.264
167.146
209.246
691.115
217.851
318.356
363.067
233.51
347.292
432.558
252.878
162.448
344.397
252.907
206.133
313.156
252.153
228.091
273.167
276.217
203.133
288.065
142.538
143.973
242.887
335.735
466.232
407.814
373.314
321.231
623.132
230.161
302.762
298.728
155.315
400.537
495.488
432.205
425.086
365.911
250.583
220.208
310.319
149.886
561.437
209.658
131.984
209.345
234.84
218.64
226.676
265.406
257.094
238.417
439.494
228.035
243.692
266.6
308.764
264.917
314.2
455.614
421.143
392.49
229.467
254.232
378.042
386.501
380.788
204.452
325.898
356.396
427.302
431.044
282.393
294.673
438.52
381.777
439.258
350.54
266.577
282.277
497.909
266.74
243.287
243.366
251.882
290.965
272.14
351.342
369.203
380.203
242.698
355.918
297.003
338.704
256.552
262.03
295.554
197.59
286.519
349.866
408.587
175.185
292.865
618.462
258.293
239.939
371.727
425.973
253.419
216.751
234.784
181.315
225.255
262.267
345.525
229.08
229.773
225.761
212.941
244.416
456.165
229.564
279.723
123.973
468.755
226.931
284.023
250.456
372.62
358.77
228.355
157.503
198.646
432.606
252.23
319.776
455.174
270.86
396.442
387.474
248.804
288.266
342.707
479.068
357.042
378.672
265.022
184.878
454.528
153.142
320.478
246.734
456.052
347.522
275.997
140.534
279.533
259.338
352.683
318.124
313.002
293.586
237.419
191.939
388.974
308.583
211.859
231.733
236.459
165.795
255.85
177.093
357.795
271.411
318.609
457.651
490.203
186.117
407.812
329.954
249.284
211.166
277.735
249.673
265.432
332.312
282.342
163.093
319.102
567.799
274.844
229.071
195.055
353.179
414.061
539.735
232.606
379.971
301.106
249.862
201.836
457.907
166.292
238.454
430.98
351.765
207.3
252.207
184.213
324.13
903.138
392.074
1029.65
175.498
418.092
360.985
306.94
573.302
230.012
243.748
540.136
291.509
222.132
410.569
355.531
135.537
431.211
273.765
306.564
521.776
224.781
272.43
220.819
174.651
234.082
535.795
261.883
255.573
463.315
585.77
231.325
330.167
403.197
429.526
288.896
279.389
273.773
270.983
465.882
532.646
224.286
187.242
193.847
226.685
406.458
335.636
238.768
236.826
559.214
167.241
311.101
216.978
214.938
574.774
162.25
176.775
193.783
240.971
373.766
181.67
447.142
236.015
288.081
138.489
442.213
190.385
157.605
408.074
317.37
420.906
286.87
253.181
142.467
397.103
932.027
505.245
231.91
194.087
437.743
542.613
405.308
262.491
456.003
330.605
178.7
198.115
395.34
425.985
226.694
319.977
313.852
295.689
181.12
862.337
239.942
244.271
315.461
197.495
297.602
241.171
325.712
144.865
296.486
846.977
423.228
414.192
353.23
391.338
229.685
259.994
171.498
445.977
205.563
432.495
172.581
397.652
219.586
367.397
400.772
160.918
274.737
177.753
278.736
385.969
148.529
323.626
403.538
570.517
276.02
298.017
341.391
360.156
240.852
397.055
338.354
305.324
410.724
329.28
228.86
639.913
472.328
247.848
362.377
205.601
392.908
467.652
471.603
492.113
331.005
455.032
227.202
238.714
237.335
151.53
386.403
172.579
248.754
342.587
312.037
178.556
517.429
320.186
188.644
418.649
260.891
434.97
160.701
387.055
261.875
159.049
396.514
237.975
150.255
405.724
234.388
145.269
473.181
229.221
506.394
466.546
497.565
226.574
420.641
131.784
323.87
289.358
402.626
529.455
215.563
237.48
255.188
440.782
124.445
563.661
401.483
216.926
162.426
429.263
417.319
366.933
341.909
392.021
321.949
344.947
422.922
163.709
360.429
178.565
176.795
488.314
418.162
403.69
506.524
557.585
397.173
419.231
396.506
193.344
503.588
395.476
271.162
272.561
334.088
259.542
380.245
201.924
255.194
365.28
204.464
280.423
542.182
334.402
371.36
340.915
603.492
290.796
265.52
340.185
245.358
231.217
208.403
311.997
297.072
267.154
336
318.635
267.675
734.911
452.459
127.262
268.647
472.149
234.734
314.242
210.069
285.128
146.031
409.409
268.119
244.515
491.937
316.814
138.486
202.373
288.4
236.742
319.64
220.138
402.635
272.652
307.864
444.571
292.793
166.265
221.796
108.231
222.034
363.669
144.948
192.133
276.822
382.858
346.546
278.529
273.287
287.578
437.987
201.927
292.951
356.163
410.134
419.26
437.583
246.484
305.24
279.963
390.015
393.972
176.093
431.912
264.027
288.821
332.053
329.319
267.448
438.136
273.199
321.317
421.609
144.796
263.319
168.822
253.185
352.565
301.906
371.627
259.99
143.548
200.813
281.452
345.536
136.353
313.165
202.717
333.08
419.936
489.47
296.632
197.664
418.627
314.935
198.477
319.794
314.221
440.617
415.156
245.591
404.746
423.015
284.24
421.132
187.053
386.857
612.025
362.745
195.975
212.575
203.461
173.323
247.61
248.394
400.605
238.21
402.513
163.573
306.315
332.953
413.363
336.186
422.134
378.613
228.459
500.396
280.23
316.234
182.02
686.237
422.104
221.564
275.216
162.39
237.324
377.292
281.358
193.455
342.763
320.439
153.532
345.204
409.632
538.208
266.217
279.625
258.517
320.05
296.746
216.32
332.14
334.318
358.612
325.798
260.566
421.324
290.661
297.658
330.193
350.782
144.956
355.109
183.748
425.02
253.923
350.04
200.27
377.744
446.724
395.748
407.471
672.436
278.682
332.76
342.463
619.974
369.691
328.327
225.04
596.241
152.23
341.578
336.826
909.222
313.506
197.45
474.39
629.589
909.313
277.685
891.482
232.982
169.597
391.129
366.845
395.516
330.037
815.468
166.948
193.848
295.171
277.16
420.125
872.458
263.909
448.309
857.562
905.6
133.503
205.993
637.656
234.314
168.971
196.095
162
389.379
535.772
315.564
346.607
223.167
590.736
788.288
130.045
297.806
920.026
211.744
355.213
159.545
307.934
199.124
225.632
200.62
238.852
219.292
165.836
259.795
334.788
433.957
278.574
261.103
354.099
490.027
166.784
220.726
286.382
580.228
350.72
297.63
380.305
236.993
309.299
433.976
296.855
250.309
213.193
609.336
141.528
372.141
428.441
271.471
224.085
185.004
445.177
342.171
440.689
396.199
377.962
218.179
206.742
340.266
300.299
194.595
310.114
486.607
146.972
314.006
353.524
285.564
352.88
223.769
390.454
151.729
147.472
174.354
360.011
213.948
456.315
341.68
259.388
625.165
290.94
384.749
337.125
178.446
251.152
341.644
246.655
185.619
213.276
139.957
397.588
271.981
177.345
454.299
353.789
743.813
368.201
276.91
343.351
344.764
448.788
236.04
418.288
328.121
521.685
574.498
176.732
158.868
445.061
391.995
368.787
347.01
259.442
338.734
270.186
438.611
249.306
522.238
201.966
444.759
339.305
158.563
374.243
247.178
574.231
317.465
497.29
434.619
320.628
387.084
323.509
489.67
265.03
345.669
297.389
151.892
354.67
224.638
362.755
229.696
245.427
294.779
222.06
241.716
723.364
333.487
356.775
268.6
218.951
315.189
234.937
427.365
342.089
231.282
369.737
225.026
273.766
440.723
314.167
273.539
248.99
302.858
344.364
294.783
248.106
371.917
136.16
340.381
242.282
348.306
360.146
394.997
439.805
225.49
331.477
145.802
445.27
182.549
441.04
250.62
179.782
751.815
307.504
221.413
330.743
394.256
187.405
233.89
442.996
320.521
268.209
141.543
195.189
401.49
182.534
292.265
582.342
428.252
361.541
260.919
237.363
293.779
317.216
170.689
335.836
282.054
209.051
211.176
156.935
197.655
340.411
315.248
190.709
267.961
568.922
329.814
176.82
319.839
336.347
148.816
180.429
196.121
162.541
268.67
187.779
185.669
195.802
284.899
336.518
205.975
616.992
200.211
292.549
493.8
216.505
430.093
171.453
307.358
163.304
280.632
326.482
291.06
294.099
302.158
424.978
161.925
234.424
279.29
411.834
361.383
291.558
286.045
180.165
276.537
380.893
270.151
366.202
165.882
213.096
246.404
201.828
128.316
553.392
353.479
289.123
470.572
208.308
290.585
207.332
165.534
303.639
492.244
339.329
226.377
139.693
155.896
281.664
131.992
308.104
294.52
192.086
248.791
353.154
243.285
260.009
303.167
349.09
1070.43
262.711
159.869
287.413
415.794
198.439
234.202
280.445
400.562
363.096
406.562
343.946
282.335
197.683
201.759
216.699
166.48
263.479
427.332
184.528
201.897
454.798
194.832
297.319
391.918
320.065
395.962
246.27
191.971
290.394
160.275
301.748
306.826
367.519
188.697
215.525
126.792
311.538
417.466
267.533
198.481
144.037
171.489
265.217
281.723
190.9
150.161
252.663
207.41
744.815
277.424
303.26
382.54
752.845
373.442
292.403
324.461
340.096
302.008
458.775
143.584
178.688
227.351
312.744
262.259
351.389
162.011
229.032
306.493
156.714
129.18
260.167
203.302
261.693
148.814
171.82
176.02
376.824
137.238
324.515
191.521
210.178
289.145
424.39
110.842
262.861
516.812
371.923
240.352
137.313
393.506
175.046
374.832
294.17
269.17
358.189
506.432
270.827
249.04
225.142
309.305
291.454
332.995
287.548
184.501
241.888
240.747
276.14
309.442
242.842
391.711
299.699
395.835
280.428
327.744
312.588
184.455
576.887
463.686
305.462
216.984
223.236
264.364
195.227
245.675
216.493
136.212
311.511
311.856
377.153
399.674
331.967
335.794
368.773
369.265
395.231
273.893
229.386
442.606
166.833
355.241
234.507
239.479
161.87
361.106
298.218
303.381
279.259
263.872
154.065
348.769
237.3
155.246
364.877
487.83
425.111
273.438
457.094
291.158
409.68
228.784
269.206
436.183
366.163
285.318
356.336
318.367
342.243
317.603
226.805
283.692
267.314
326.421
340.048
373.743
331.242
301.776
112.735
257.089
166.361
238.269
352.021
270.762
225.24
132.487
250.962
280.701
297.339
298.363
283.727
401.536
311.39
239.313
352.282
448.894
416.008
226.194
248.402
373.009
231.496
341.609
425.86
348.975
213.158
236.564
260.415
137.902
242.143
248.4
485.929
145.484
297.446
235.429
151.223
316.122
109.319
216.742
296.458
335.862
254.78
705.295
330.91
308.003
506.419
254.144
461.384
261.393
294.857
361.039
517.84
368.906
183.301
315.628
356.332
371.378
250.952
126.222
457.001
861.37
329.422
235.154
384.456
610.126
292.003
271.14
440.212
474.84
165.393
296.437
390.323
447.399
130.223
341.038
339.173
162.043
776.427
484.534
399.28
338.814
500.2
373.319
235.257
222.97
183.353
388.718
284.865
361.972
238.839
204.009
265.817
422.456
237.546
103.626
185.485
272.888
229.873
341.185
414.502
471.741
166.02
330.993
332.85
222.206
392.615
308.848
213.371
303.189
259.682
244.633
185.173
250.303
357.792
263.871
390.091
408.149
190.254
164.47
195.94
317.844
264.527
300.841
170.42
280.358
207.997
389.733
340.095
291.47
214.541
914.674
259.876
381.6
428.855
618.507
340.237
142.869
430.889
493.26
255.102
391.056
499.106
310.991
281.651
188.299
437.778
165.423
130.174
252.095
246.107
322.109
299.226
492.96
530.191
408.366
270.428
306.675
321.996
268.366
361.256
387.962
267.286
378.708
316.878
127.337
361.536
334.026
336.96
379.27
254.883
164.553
266.933
391.577
174.707
229.34
269.158
204.233
253.422
524.676
139.668
268.656
287.865
475.296
279.902
290.658
306.984
223.989
448.8
343.114
225.54
412.311
269.303
353.83
215.76
366.674
347.395
228.479
424.194
299.354
260.421
137.609
452.481
334.135
338.063
301.868
189.753
170.419
259.828
356.587
345.026
142.611
341.768
209.657
145.752
318.389
183.885
442.348
405.106
329.162
233.674
326.952
839.914
250.646
114.931
287.543
205.466
307.878
241.562
256.823
247.463
251.575
269.024
483.905
124.253
219.523
363.061
824.465
375.604
324.199
159.321
184.24
211.066
234.407
348.237
546.441
159.427
293.571
580.559
932.277
240.051
372.424
160.719
491.481
227.778
192.61
170.731
378.165
235.511
157.19
190.294
226.976
207.379
186.223
403.621
195.144
189.961
168.464
944.947
387.444
124.888
249.97
719.458
444.95
339.188
153.211
659.04
343.944
382.548
225.617
237.338
300.79
491.431
250.971
286.958
198.841
448.797
432.987
514.873
196.176
215.655
179.393
382.988
162.449
345.111
432.332
169.879
256.294
226.234
278.991
274.4
313.877
210.561
345.01
412.583
351.625
229.247
248.365
722.426
195.937
384.677
170.517
511.654
241.822
410.933
397.967
147.561
201.827
175.082
163.137
262.434
407.922
425.748
397.528
414.523
484.617
256.771
272.256
207.12
385.406
161.37
317.49
221.246
337.028
223.034
312.54
276.15
265.805
281.732
186.696
317.6
303.606
300.699
244.821
154.022
211.88
337.645
187.553
179.207
358.441
248.36
285.653
457.657
265.579
311.96
302.321
257.732
247.995
313.017
195.126
210.926
288.651
296.331
192.221
269.927
320.242
205.759
208.458
275.784
300.703
742.8
295.547
196.915
231.423
811.179
414.943
801.099
398.633
412.488
240.908
224.294
483.404
341.024
625.765
173.743
415.483
270.889
258.817
406.044
166.121
236.218
225.733
495.429
553.251
242.477
297.878
269.888
299.34
288.793
214.105
231.307
341.385
639.286
286.815
287.58
201.997
239.112
285.854
226.836
334.293
215.635
212.663
213.368
308.012
360.295
204.878
362.024
374.093
229.091
368.264
136.33
339.524
205.704
161.586
208.849
147.621
229.037
199.05
203.372
164.667
340.477
268.552
260.282
266.81
396.113
165.821
179.095
220.352
295.341
462.882
167.616
319.603
290.192
274.353
300.661
222.639
148.049
238.888
250.722
222.981
223.349
260.523
255.87
421.715
215.518
226.097
190.583
390.4
214.172
212.522
229.991
165.377
341.652
153.385
398.136
134.268
211.672
162.606
236.071
314.85
480.405
435.594
180.853
381.994
248.668
231.217
218.706
234.234
283.957
215.556
381.742
198.669
153.13
234.041
231.575
268.962
197.947
261.589
243.825
237.79
195.247
249.272
155.052
200.747
253.927
219.949
211.937
485.782
163.7
253.823
197.614
252.629
219.579
284.577
302.601
239.755
145.257
191.336
304.549
277.757
193.723
245.443
240.11
308.119
287.721
217.188
223.898
228.315
603.059
194.715
161.234
305.608
241.572
275.526
177.214
241.58
269.922
232.552
385.507
208.656
134.397
296.407
268.212
255.099
253.844
147.891
310.73
301.821
228.624
202.424
242.195
220.25
160.649
192.659
184.284
235.947
231.726
200.819
234.48
175.106
216.33
297.573
234.445
185.389
227.138
223.77
187.083
191.703
251.689
309.701
219.168
323.903
284.12
441.802
197.78
248.679
189.462
243.228
230.421
254.221
243.203
253.86
192.642
257.721
374.285
254.556
176.04
267.245
199.682
190.92
330.061
164.086
238.747
142.994
191.315
512.114
258.886
148.745
341.219
1028.92
326.592
255.66
181.008
281.81
171.333
196.917
156.708
216.695
242.444
232.381
174.036
193.633
208.984
260.473
283.999
216.214
166.886
196.16
657.902
211.197
197.495
341.609
161.414
227.022
257.375
574.909
241.317
180.018
170.818
435.075
247.323
288.142
342.626
246.169
171.816
356.743
268.523
357.399
211.259
193.547
150.583
270.713
239.957
323.95
292.313
330.034
240.427
515.719
322.481
492.264
233.696
209.296
443.513
307.994
472.249
248.778
377.568
566.118
387.698
281.216
297.085
157.447
366.926
426.485
388.293
378.142
506.102
259.178
257.551
483.689
152.521
285.147
327.904
395.122
348.629
238.345
400.799
324.04
175.503
134.514
482.47
547.857
272.877
171.19
405.42
150.97
173.099
474.303
269.248
343.374
292.973
227.145
400.511
346.401
500.065
299.079
233.467
315.337
478.434
208.622
120.544
467.627
309.161
358.856
443.042
385.188
370.807
402.656
252.178
247.846
336.556
277.156
143.552
219.699
127.401
139.29
450.549
353.107
263.929
412.374
484.724
425.918
188.585
234.151
199.589
119.964
266.608
462.323
287.702
324.439
194.135
305.262
273.83
294.176
313.221
260.864
346.993
219.516
369.912
462.712
631.777
211.603
219.276
340.319
250.7
318.245
175.733
245.381
191.113
434.542
169.046
242.528
461.896
411.683
228.872
249.213
394.136
247.594
154.939
371.03
238.994
356.815
406.258
158.844
454.251
367.772
242.956
274.658
264.462
401.339
299.503
820.896
319.837
279.055
305.313
400.854
311.601
223.093
233.901
207.306
135.994
275.592
295.413
314.035
272.006
234.558
222.591
311.465
268.884
558.979
397.574
313.397
312.198
279.511
239.276
465.173
398.001
528.794
335.933
145.196
522.786
292.554
349.984
361.407
273.652
401.578
183.098
309.727
397.799
252.186
446.994
421.889
422.209
375.324
178.022
341.827
245.212
189.854
429.644
284.814
471.769
277.118
363.932
425.423
218.87
