2.51591
2.16309
0.0432138
3.45947
4.24689
4.44398
2.22124
0.237258
0.1825
15.3867
0.341033
0.146654
2.37561
3.88251
0.859943
8.67132
14.9975
0.150304
0.196056
0.140477
6.17005
9.65891
0.0891681
1.2216
0.541525
4.5552
10.3299
11.2298
1.39942
0.0772109
5.12039
6.84093
1.4059
0.406518
1.83245
15.3774
0.894135
22.5032
0.588575
0.185379
0.799694
0.930572
23.4672
7.762
1.23955
2.55033
2.087
3.70301
0.395267
2.6759
11.291
2.21074
1.49683
2.47951
0.077563
5.59093
0.0712221
1.98292
0.772185
1.66331
14.8513
7.3695
2.40715
25.2028
3.28404
2.35994
2.42761
9.47024
3.59118
1.76354
0.779044
0.350108
0.343103
0.671186
0.598647
10.416
3.80205
3.37273
0.076561
3.56815
15.3904
0.486354
0.07777
1.20275
12.6384
0.825575
18.6182
0.070493
9.01261
1.0528
14.6189
5.09237
0.438998
3.24156
0.038764
0.119684
10.3273
4.04794
4.27071
0.280347
0.120112
2.1318
0.0494142
4.47207
0.058568
9.33722
1.23385
2.51183
6.96485
19.3457
5.2018
0.127153
0.351663
0.37551
2.52549
0.067796
1.76497
8.38326
3.05215
17.4492
5.54824
0.118716
0.832801
2.2975
1.84902
6.53244
21.3182
0.0826499
3.81754
12.0695
5.61227
1.03475
5.3709
9.30583
0.089221
5.14796
4.51585
31.9996
0.486148
0.199732
9.00367
0.080281
4.30197
0.699344
1.50349
3.62129
1.01937
0.79264
0.101828
1.15261
0.707229
0.608957
0.80263
3.71152
5.37382
16.7907
0.0483382
5.89075
1.39669
0.0704629
0.678829
3.17309
17.2218
1.97883
0.148282
0.167074
3.1713
0.213123
0.144248
0.787271
3.60532
11.7681
4.27082
0.586557
3.35736
6.98346
6.4781
2.331
0.0400589
22.444
2.84527
6.99238
12.0057
7.5066
1.10072
0.615151
2.0634
0.248689
0.595473
5.16238
14.5911
0.0377941
1.17465
0.536555
6.48771
0.0523961
4.11263
1.50242
1.64676
15.6306
6.46803
0.0680399
0.15785
18.4865
5.93193
0.426974
0.78232
5.17264
1.50343
1.73003
0.092627
2.1285
3.13136
9.16846
2.6613
0.0494871
7.78419
4.95247
0.0827329
0.0578442
0.106562
2.81639
2.25359
14.2981
6.1527
9.98445
0.109738
15.2009
15.242
1.38422
6.74993
6.37077
6.09755
2.2451
3.75911
3.88996
9.84221
7.95704
6.36604
14.6098
8.99294
0.845842
16.7128
0.0759909
0.155905
0.299833
4.75113
6.38013
12.4654
0.683192
1.73237
0.279327
0.71402
3.39634
3.08491
6.96083
0.0951691
5.21422
0.649517
2.37012
0.821591
1.77139
3.9439
0.672696
2.68547
0.461573
0.641441
9.30017
2.17904
1.30333
0.949531
1.96161
7.88839
2.36076
6.44988
0.111007
0.694655
7.2039
18.6346
10.5777
0.355763
1.07946
2.92782
10.2733
1.26823
8.01892
2.05758
10.2247
5.54636
0.070348
3.62484
0.138667
3.07841
0.965338
3.71789
0.0599079
1.24048
10.4531
0.170906
3.19113
1.84397
13.0557
5.97116
7.73785
5.91975
3.12528
0.0875881
0.166319
2.73224
0.751051
4.31173
2.2971
0.147626
2.06277
2.5349
50.9478
3.40084
8.25445
20.2147
3.40233
1.84458
0.073698
0.265331
9.36146
0.0865941
2.30596
0.124124
3.71844
1.18076
13.4234
5.53604
0.094378
0.158519
1.79631
4.37842
2.613
15.6282
1.11127
2.01275
2.55504
0.14609
0.210288
2.47106
6.31903
0.404724
0.225812
0.112251
4.89354
14.9193
1.66189
0.0842991
17.7894
0.968158
1.93208
0.138169
2.62364
0.0884681
0.129771
0.218545
0.424541
0.0626469
0.202352
1.30145
0.190208
1.69331
0.927809
3.73569
0.0395861
0.0404298
6.02654
0.402612
8.01674
2.6354
5.25116
2.27433
0.117259
2.01738
0.123261
0.0408931
0.040386
2.13519
0.260816
10.6772
0.0891659
4.92734
2.7612
0.858476
19.5632
2.35502
5.32401
0.0850489
15.9907
20.2935
0.484141
4.36939
0.762754
0.20844
8.44112
1.41917
1.52826
22.7833
16.7885
7.12713
12.335
0.0526319
0.0762398
0.194922
0.8116
0.856848
2.81865
0.046371
7.94193
0.0692508
8.37245
9.78458
9.86778
1.86395
2.70466
0.107787
2.64218
0.429004
7.62302
6.83792
0.611665
1.16987
0.469382
0.641771
0.09108
11.0002
1.77569
0.387673
15.7372
4.9042
0.128004
0.810462
7.49024
7.08127
0.239469
7.80753
13.0335
10.1782
9.32817
18.1453
1.2725
0.346346
0.0955141
1.14613
0.388081
0.08778
10.1982
0.127551
0.146288
4.05796
20.4342
1.55585
1.87308
4.34058
4.60652
0.11126
0.935782
2.23178
3.26465
4.16747
4.36821
1.68544
7.13851
0.762964
0.500051
0.754767
2.28489
0.120753
3.6759
2.08664
3.68498
9.83434
0.199494
0.267898
4.64442
7.163
8.31334
9.07568
0.0950131
0.0395789
6.03238
2.83821
2.39845
0.449777
2.91608
0.0371242
7.38155
0.068012
4.1252
0.142699
22.6389
4.0195
2.88497
1.15454
9.28645
0.0481851
0.276748
6.77152
5.18478
0.200732
1.17163
0.237988
0.907305
7.39456
0.259157
0.325371
0.931543
14.9767
6.41618
1.13409
3.72706
1.33206
1.76795
0.572963
0.563668
4.99776
17.1713
0.0869241
1.01129
0.441951
1.80832
13.8909
2.01715
0.125535
0.159336
17.4991
8.36963
0.529577
5.7607
12.3776
3.35662
4.3234
0.110978
0.077173
36.375
4.10785
5.98959
0.112047
0.125895
1.39982
0.106442
0.0770271
2.50961
6.21595
8.28111
0.091548
6.43536
2.10142
12.6989
4.78248
0.607005
4.26319
2.10951
12.9885
3.29438
10.7771
5.87516
12.1358
8.85438
3.60336
8.21856
3.41041
1.4899
7.72738
0.558746
0.15387
6.56122
0.165234
3.53303
2.04709
3.41832
7.10628
0.0367818
6.88198
0.120007
0.942428
0.157361
0.128777
0.160697
0.0451138
1.13226
0.0940201
6.76488
1.39765
0.150948
0.0456688
4.36565
7.6258
0.032634
1.54993
6.71379
12.7054
2.72848
2.73454
4.23324
0.0735948
0.830696
4.46375
20.451
4.40591
7.53239
1.55544
10.1579
7.39394
1.5083
4.04886
8.24444
9.48054
0.280702
8.49683
11.1097
0.655783
0.723296
6.50905
10.4298
9.97405
0.139977
3.03259
6.84768
1.10313
0.087347
0.048928
0.355175
4.66574
0.675878
2.26552
0.0571749
0.034641
0.055665
0.610179
0.439775
8.56959
1.07504
1.14201
4.8245
13.339
5.14608
4.07209
0.0500929
20.1628
16.8633
0.0502419
2.3118
0.0469131
3.08707
0.120723
2.36647
1.49271
4.00661
12.3579
0.828676
0.0446191
9.44523
4.35601
21.7048
6.4536
1.20226
6.80817
7.7746
0.092567
7.72043
2.52697
0.068836
12.2547
3.78101
0.064646
0.249119
14.2436
0.077667
0.267287
0.0467372
21.1863
2.62918
8.91041
16.0447
2.84335
10.3013
1.43026
0.0655699
0.0570571
0.587865
2.80136
5.94201
3.22204
3.28118
0.070462
0.073926
1.63768
0.373866
1.78524
9.62695
1.14203
34.161
0.101669
2.13964
0.0608029
0.550349
4.80898
2.12937
1.32711
1.05851
7.27723
0.135384
1.28528
1.09396
3.50012
0.105386
1.14342
4.61533
0.587431
3.95263
0.277818
0.196032
2.59996
2.95697
2.83823
0.0788069
0.249166
3.81042
3.52251
0.647033
6.56358
3.11743
3.7306
8.60172
0.0780652
3.37679
0.0439458
2.48643
10.5627
14.4153
0.839547
2.77155
6.29669
3.8471
12.0261
4.28197
0.224302
4.0424
0.757012
2.26296
14.997
0.174031
2.02095
0.258851
0.990755
0.062232
2.25378
0.055295
0.319455
1.32078
0.59253
0.132199
9.59878
0.674724
0.801876
0.070415
1.05059
0.28103
0.70214
8.09064
3.1612
12.1836
4.51263
0.0902669
0.376837
0.311173
0.117147
0.286863
0.040097
2.49654
26.5025
14.2389
0.106685
0.037183
0.0640171
3.41733
1.03076
0.260874
2.51913
5.73455
0.0936222
8.41989
1.52641
0.067565
2.45387
2.02799
14.6427
15.4028
2.26868
3.35902
2.88017
5.17027
0.106227
15.1234
3.9306
0.0272028
2.97485
6.28709
8.65098
0.074877
0.797595
8.94833
1.98559
24.0954
0.308056
7.22374
0.058212
2.58259
8.98723
0.0930309
0.0721042
0.09674
0.595203
9.64625
14.7472
9.63016
0.142672
9.37046
0.982337
12.9496
3.82129
15.7605
2.30203
0.182492
4.45759
0.362222
10.1841
0.953539
1.12209
4.84091
4.3757
0.820246
53.8864
0.092063
0.682357
0.882726
4.80548
2.58085
9.51665
0.042284
1.35584
0.474489
12.4679
0.0693979
10.6283
1.64773
7.58303
5.88699
1.78246
0.717707
1.71131
10.737
0.26291
0.334452
6.68692
8.34035
0.492402
8.06035
4.80958
3.27071
0.296772
0.143493
1.83778
0.0375578
15.3961
10.5105
0.0827849
0.216611
2.76625
2.71461
1.30865
1.74712
2.12862
0.108631
1.18136
1.40269
0.133492
0.400454
2.19654
0.16563
0.0682921
3.75164
3.92642
2.05326
3.39381
3.58562
4.35895
1.58138
0.289514
0.501915
0.295238
4.06511
0.363325
1.05153
9.34166
1.70269
2.55018
0.210457
0.0732448
1.75382
0.98799
2.38151
3.91352
5.20708
2.26896
0.721251
0.376948
2.6746
6.62154
6.32106
16.777
0.157421
0.685853
21.2605
3.00464
5.64452
0.259002
22.1323
0.075738
4.65663
5.92795
5.03096
1.31145
1.31318
6.75145
5.37029
0.169411
3.11106
0.67661
0.512631
3.66623
0.094475
0.107149
0.199147
0.628495
0.102347
6.0791
5.85356
0.122686
0.108218
2.12875
3.9738
2.12104
4.72532
7.81428
1.0295
3.66737
0.089529
1.5235
7.74027
4.97108
0.118346
4.59057
2.18806
7.23892
0.273857
1.65005
7.15272
13.8385
6.65741
3.34938
0.701344
8.38759
1.40846
0.332354
7.53869
1.90534
3.11272
5.3456
6.67649
0.117385
0.189059
2.12002
1.43938
0.273379
0.532745
2.27221
0.0439301
0.634602
6.97293
0.0428379
1.13045
0.06915
6.12247
1.08294
0.0562482
13.2008
1.11162
2.69109
2.8312
5.74527
3.18804
0.895343
0.0725131
7.02803
0.485272
0.240065
2.98981
0.782152
1.92627
23.2133
0.0786729
1.68471
5.86783
0.130606
0.874739
0.0698559
1.11994
8.46034
0.682899
1.94238
0.111235
2.13504
6.72236
6.71645
0.131219
4.47566
0.0409479
17.0363
0.111879
2.16264
1.00584
0.0660381
10.6017
0.077395
0.604268
2.42282
25.0351
0.083149
1.87407
4.96179
8.75533
0.082535
1.24347
8.09765
0.222746
0.133231
0.322033
9.14846
2.07153
10.326
5.41076
0.126402
0.40763
0.137531
2.11608
0.522599
0.299069
0.0557461
0.0404251
3.21491
0.665137
0.0796409
2.67461
0.948425
5.22735
6.93985
0.0577741
1.7494
0.75528
3.57253
7.22529
7.96141
0.15186
5.78951
1.82868
0.0667889
5.52025
6.63117
9.32589
7.93594
5.91532
5.26271
0.10328
1.60966
0.0766361
2.8309
0.206312
11.3302
0.401711
0.099297
0.80944
5.55242
0.101827
0.890997
1.3914
2.44351
2.75876
0.666378
0.0377059
5.7086
0.0898349
0.445474
2.76261
9.54528
13.6759
2.78631
13.3347
0.357575
2.21052
18.2136
0.95454
5.93973
1.94238
10.8851
0.583599
4.57047
4.13313
7.46976
0.157958
9.51544
4.468
11.6466
0.0373242
14.2561
0.074733
0.881178
0.040405
0.266903
1.47138
0.620086
1.26602
9.91214
2.03018
0.669935
13.6376
0.109771
0.0576808
0.0703189
0.274653
3.19056
0.037636
0.080616
0.179302
3.41049
0.131282
0.0772688
9.35112
5.52028
22.0333
3.22584
14.0039
5.01567
0.066457
6.89542
14.0926
1.18627
7.48669
4.68583
7.70014
1.82138
0.286877
0.100064
0.144869
1.18092
2.03871
4.3414
0.24135
0.0704169
11.4834
18.5514
5.83307
0.138901
0.119845
6.13195
0.0724649
0.19189
0.211065
9.21394
7.40646
0.0929189
0.052371
0.163838
2.91418
0.359364
11.7638
0.289409
4.39493
6.19323
0.897893
5.39636
5.49003
1.20013
0.151426
0.076009
0.0680282
0.0404382
0.0970919
5.93066
0.113687
0.493495
6.79429
0.222053
0.673701
0.0709751
8.39087
11.5592
4.66025
10.833
9.06591
0.133255
0.263337
0.0969501
0.375182
10.5542
0.110172
0.4328
2.17364
2.86129
0.615801
6.77955
17.9383
0.072371
1.24925
4.97608
8.57328
10.0096
2.66032
4.2633
0.181925
12.1447
0.14339
0.736748
2.58249
0.084882
13.6505
0.0718651
1.15912
0.818853
9.31545
5.73567
2.24896
3.10859
10.3052
17.5598
4.96577
8.93789
0.267572
11.1898
1.03297
2.43058
5.17185
0.257082
8.12041
0.11114
0.083858
0.234457
0.16005
6.20282
3.19967
0.21195
1.22186
4.34568
0.251905
6.54507
0.763111
0.095289
0.947376
7.68164
0.0648079
2.74866
10.9821
3.94339
3.89554
0.67188
12.9878
0.097868
0.951886
6.01413
4.71459
18.1979
0.310455
0.342747
3.08082
3.62768
1.4332
0.155693
0.341428
4.20443
0.0333261
6.38214
13.6729
14.4122
3.86505
7.6191
0.105853
2.13407
10.3414
10.9107
3.9909
9.02292
3.94138
5.51515
0.0672569
0.100481
7.76034
2.1453
5.77049
1.14692
0.287455
13.9809
13.4286
3.1599
10.3411
0.255877
0.309231
0.767791
13.5131
1.83913
0.167259
1.28765
4.27668
1.90325
0.0524619
3.3319
7.13336
2.5325
2.52364
0.113111
19.746
2.58994
3.67008
0.976786
2.76515
5.14554
0.808044
3.49446
15.2065
0.533211
8.03197
0.302339
2.43668
8.14017
12.1728
14.6297
0.095098
3.38504
0.328025
4.09977
1.10953
3.26778
9.40344
0.342104
9.48865
1.65454
0.145601
0.128352
9.61495
4.28175
1.33966
1.89062
20.2801
1.16863
5.41017
6.05181
14.469
0.148831
0.685695
0.846774
0.244602
0.234823
0.198002
0.148181
0.103814
10.509
4.31087
7.16545
7.73089
13.8643
1.35413
1.53396
7.55922
1.15074
10.4109
1.71332
6.31162
0.178698
6.24663
0.076118
3.64056
1.43149
6.82537
6.31426
16.9286
0.741701
0.567624
7.52144
0.115834
0.20052
0.472109
4.69604
4.82642
10.3781
4.92751
0.0696001
1.85369
27.5659
1.64338
0.873044
9.49914
0.031935
2.27533
3.68959
19.4098
0.0857158
1.39231
0.627564
2.56399
8.23402
2.0954
0.0830259
6.45159
0.063308
9.89481
0.938369
14.7395
16.5574
1.99175
17.873
9.88183
0.0787871
0.0373302
12.7397
8.48481
9.36883
4.04109
4.80418
0.114112
14.7546
9.74741
3.83735
0.033489
4.31709
3.07197
2.75026
3.39799
3.3769
10.0086
5.76181
0.0835738
0.868926
6.43354
1.45564
0.829282
5.0673
0.101299
6.63097
6.54192
0.127325
1.53489
0.078392
3.17905
2.18472
10.753
0.041353
0.06195
2.87236
4.45645
8.08915
2.47245
4.30711
0.106089
10.0825
14.5313
16.3133
0.063771
0.133927
1.36206
32.9378
3.21599
0.0386171
2.8492
1.57135
0.215782
9.56301
1.66745
4.73519
3.50858
0.4413
5.5299
0.0526252
6.60615
0.242964
0.092613
7.04021
11.3935
2.25758
4.2568
11.5588
4.79866
4.51856
0.0825028
2.36066
0.107623
10.794
9.19928
10.8571
5.17949
6.73531
11.4778
1.44366
1.22994
1.50761
0.077733
3.10442
3.25056
0.113096
7.75529
3.69325
0.496799
5.63684
0.0397918
4.57545
0.569262
0.169763
0.101899
9.05707
3.28445
9.65643
25.8946
4.05103
0.274792
1.30257
1.54332
0.842855
0.438882
0.056885
3.27712
13.0653
1.04098
4.60785
3.89377
3.29115
0.133781
0.265563
11.8997
3.99999
0.675198
0.0315459
1.27567
2.96568
0.291811
1.22497
11.3081
2.13182
2.67514
2.05734
0.0737119
14.2709
0.111242
3.02568
0.0851469
7.53414
12.8263
4.93236
6.76254
6.79728
7.17678
5.9282
3.23144
1.26343
6.51464
6.99626
7.79418
0.834238
9.25559
5.46113
4.81053
2.2666
4.25761
3.12775
1.20497
2.87246
0.0665009
3.4921
7.20674
2.22955
6.5945
21.7107
1.42603
0.684535
11.9733
5.13297
15.5017
0.109678
4.6506
1.38686
5.24902
3.24585
0.203284
0.126729
0.051439
5.68069
3.33716
2.15851
16.323
5.46515
1.9639
16.9706
1.69462
8.08404
14.207
1.0668
2.04781
0.125033
7.16405
2.33939
0.283956
5.50797
0.0345981
4.47687
0.0687969
0.50465
0.084516
2.0144
0.211705
2.44276
0.0769539
11.096
2.9496
2.16071
0.127833
0.271145
10.7273
5.97655
4.83394
7.0448
17.2792
0.040452
2.49245
7.73102
1.24336
12.8964
2.77613
0.548184
0.793084
0.779091
0.565713
2.44073
0.336814
7.83432
0.070586
7.51446
10.1344
1.58456
0.450173
0.386016
1.5415
1.97957
10.734
7.18731
2.54521
0.0566161
0.198384
8.75893
9.9667
8.33628
0.5581
0.0739989
5.06838
2.06004
6.40008
5.89795
4.93553
1.73302
0.191956
2.02982
0.0395689
0.0718811
0.95208
0.045691
15.8754
13.4555
6.68379
1.06348
0.227169
3.43939
1.82385
0.0542271
0.222509
4.40299
3.50944
0.107619
0.950124
0.795613
2.6539
3.71542
3.95147
11.3721
4.36761
1.20594
20.0352
1.20685
0.336765
0.779399
2.04585
2.69526
3.44751
4.39002
1.9745
2.20658
2.53656
2.27041
0.117304
2.61679
13.9316
7.68685
1.5659
10.9696
5.65578
3.602
3.80778
0.034559
0.718652
3.72472
0.043613
5.20844
0.119833
0.175824
0.467903
6.04442
4.20078
0.0705841
15.884
0.077275
0.405989
0.0403399
0.199249
10.0983
2.61755
5.67435
0.255358
0.764919
2.80589
24.8418
5.18835
0.046731
3.99761
1.42066
5.51587
3.16891
10.5474
1.4095
4.38998
0.0949631
1.57022
21.7727
3.35721
0.67689
2.94866
2.47866
2.42384
6.08018
0.0607049
1.06496
7.65343
1.53562
3.50166
0.995242
2.85011
9.32511
16.3332
2.81507
3.7112
1.22582
0.159221
3.48673
1.10172
4.5758
1.34095
3.56728
0.407743
7.97711
4.02865
0.039763
2.34443
7.20409
0.0697598
1.42357
12.6392
2.54763
7.13431
21.9715
0.135524
10.9
0.912838
2.61469
1.46233
6.81303
7.08111
0.278273
9.48619
6.5266
0.0993428
2.86223
0.15501
0.0607018
17.1188
0.109034
0.165164
0.173149
3.1071
1.54461
3.94821
0.175417
1.18585
14.1061
2.44215
11.477
12.1592
16.9956
1.11383
3.17321
0.292766
0.0520668
3.68288
0.055563
0.0794201
4.82041
0.128895
0.748434
0.658473
2.56832
11.1142
1.29463
4.5438
0.042212
2.58939
3.24787
8.86537
6.41563
8.82292
0.0722091
5.37376
0.176063
0.0956819
0.57315
0.99435
5.79692
1.29324
0.413534
0.128828
0.113149
0.74236
0.819697
5.68703
0.30534
6.53055
0.41087
3.83391
0.931168
1.38046
1.96204
0.180909
15.5923
1.20177
1.63852
0.887666
0.102521
0.0584412
0.111907
2.24609
0.212074
0.556798
9.47226
0.414924
4.84309
0.149442
3.69306
0.158478
2.80909
0.135786
0.224294
0.0600901
9.52498
19.2053
0.108311
4.63264
9.12478
4.31084
0.327355
0.0755689
3.7518
0.155877
0.134437
0.904881
0.091208
7.40321
1.07312
1.22723
0.102474
16.7934
1.60581
8.49119
2.48124
0.0319581
3.28391
0.243709
5.02521
9.62706
0.664775
6.57597
0.109749
3.47302
0.0992639
10.6148
0.042248
3.29835
0.135693
3.91856
3.45782
2.13049
0.0874569
13.0004
6.7521
14.6602
7.33145
0.752632
2.4213
20.3357
0.962433
11.3393
3.23712
11.0791
4.51509
0.04845
8.71046
0.172063
2.09534
0.553341
0.163723
16.486
1.92791
0.484044
3.10376
0.0615039
1.26879
3.09455
7.72514
3.654
0.097641
0.0792282
2.05933
16.4718
9.15189
5.54569
4.75177
0.52805
8.27898
5.22518
2.47645
2.09285
0.124378
2.43048
0.195731
3.58161
1.31939
5.31951
0.134422
9.25552
7.01964
1.15124
0.223075
16.0184
3.26524
0.056684
0.643676
0.864577
3.7149
6.10441
0.889875
7.4343
1.48009
0.0447891
0.077368
2.52057
4.48891
0.0728331
4.56907
0.108498
0.109251
0.396881
11.2718
10.0554
0.0821562
0.119908
7.52647
1.36536
0.053139
4.09246
0.914626
0.0444431
24.6987
8.85712
1.18435
8.33316
4.37629
0.342257
0.0551701
0.097018
2.10333
5.05492
3.18439
1.4645
5.34793
1.25771
0.399475
3.68008
13.4474
0.887323
5.80273
2.4516
9.43213
0.498032
4.3918
14.7497
0.62508
2.93911
7.58358
0.0529599
6.51162
0.253776
0.127042
0.987084
1.18334
0.0578671
2.87395
3.18682
0.280172
6.26555
1.66864
7.04184
13.7519
6.35321
0.676566
