2867.2
4540.08
2995.68
5666.09
5623.17
8517.29
7312.48
7540.58
5319.89
6629.7
6844.63
7496.57
2363.54
3883.24
3620.42
6135.84
6754.95
4160.32
7983.77
9455.69
6257.12
6181.97
6675.56
3077.09
6657.32
6069.99
5512.85
5226.92
4240.84
5688.77
7776.5
7722.53
2846.12
4188.61
2957.91
4886.54
4941.76
5880.72
5342.3
6104.17
3050.16
2905.23
7576.31
6368.13
6045.43
6269.22
7030.93
2855.45
5580.92
2646.85
6179.27
5182.56
3730.99
3848.5
2985.79
5940.56
4166.73
5906.62
4769.04
4672.09
7554.54
6506.86
3046.08
7277.45
5869.68
5077.09
5361.03
4195.67
4209.3
8734.15
14274.5
3367.54
5411.67
6517.86
2803.44
5711.58
4889.65
6199.62
6703
4330.37
6315.15
6602.05
7462.01
4313.35
7872.59
6321.86
4667.65
2658.13
7264.68
5884.86
6403.36
3934.19
6030.28
3749.29
3472.15
6333.84
4058.41
4722.78
7963.61
3189.5
7704.92
4272.27
2854.23
4462.55
5651.94
4138.06
5715.72
6636.45
4438.53
4966.38
6000.94
5740.79
2877.43
5269.84
4516.26
3220.62
5844.5
4803.52
3623.1
5722.01
4285.96
3914.22
5730.81
3079.85
2957.68
4160.47
7350.47
8177.17
7495.39
7333.6
6480.99
10234.7
5166.37
4586.98
6280.17
3835.34
8196.14
10079.8
7284.63
7167.63
6686.54
4809.96
4143.02
4772.8
3066.4
11082.3
3407.71
3195.33
4572.79
5404.05
3986.99
4142.54
4664.82
4881.16
4477.54
7657.84
5759.32
5166.34
5249.17
6730.33
4556.08
4335.85
8451.97
8725.68
6635.09
4501.61
5325.87
7371.38
7181.02
8001.11
4096.01
5768.52
6499.06
8030.16
9057.97
5301.98
7016.74
8696
7039.93
8226.18
6773.32
3931.12
5332.99
7899.73
4818.9
4364.63
4355.37
4501.83
5763.37
5296.75
6798.46
6528.11
5636.08
6049.89
6493.6
4684.47
6735.93
4612.99
6131
6049.45
4338.88
5668.35
6118.47
8289.73
3674.99
6460.11
7069.37
3929.85
5221.92
6388.93
7125.75
4926.18
4669.35
5500.27
3642.15
4021.94
5659.61
6091.32
5146.28
5417.12
4115.76
4307
4691.77
8346.67
5263.37
5242.68
2812.07
7517.34
6041.7
5462.12
4616.62
6535.67
7872.29
4267.28
2940.21
3803.51
9763.13
5294.61
5505.21
7121.74
5651.03
6129.12
7319.72
3636.05
5744.1
7180.98
8231.98
7790.16
6701.47
6911.9
4126.79
7948.85
3662.68
6558.31
4830.86
7050.69
5758.27
5932.76
2907.55
3750.71
5241
6264.67
7383.44
6323.71
5466.38
4920.02
4296.61
6669.99
4207.6
4560.3
5388.8
3008.77
3624.28
3917.41
3519.27
8377.35
4315.8
4909.27
7982.33
9948.91
2756.97
7349.18
5980.24
3613.4
4010.61
4888.43
5591.66
4786.12
5688.75
4315.92
3089.34
6339.61
10782.6
5046.52
4296.82
3376.64
6560.44
7179.15
7752.63
4058.32
6945.21
4385.54
4398.03
4343.61
8219.52
3335.31
4894.95
9338.04
7883.79
4761.29
4876.67
3171.22
4834.57
13174.2
6975.85
17536.4
3101.05
6976.97
7736.96
6202.55
9322.35
4206.52
3572.61
8982.55
4254.83
4327.22
6324.28
5481.84
2940.72
7392.82
5504.76
5179.95
9027.17
3691.36
4596.44
4874.97
3814.42
5136.36
9950.66
4795.43
4833.68
8985.9
10245.3
3682.7
4929.28
7065.89
7932.41
4544.15
6924.61
4961.03
5372.35
9035.42
7747.69
4126.37
3383.37
3230.49
4469.28
7456.38
6085.98
4447.86
4711.25
9104.23
3632.82
6290.04
4554.15
4845.96
6913.21
3007.71
3159.5
4515.64
3718.24
6453.93
3779.23
7059.5
4672.82
4605.34
2366.03
8399.06
3654.26
3136.72
6726.14
6020.11
6967.39
4381.68
5849.32
3374.23
7915.87
12837.3
6724.09
4485.82
3622.98
8051.43
9602.03
8505.47
4706.11
8730.83
5116.8
3445.79
4602.5
7199.41
7933.32
4750.48
6422.52
5491.4
5400.65
2985.71
19263
4246.62
4200.03
5305.08
4084.66
6057.7
4662.05
6508.51
3307.42
4691.3
13260.7
7710.07
7674.9
5594.72
7634.94
4613.76
4244.35
3266.48
8539.73
3164.23
8141.39
3161.49
7406.32
4538.93
7730.11
9826.47
2701.03
5573.88
3551.79
4637.15
8119.16
2682
6947.81
8212.55
8187.52
5963.53
6848.25
5812.61
7753.52
4135.77
5586.98
4676.58
4308.38
8120.07
6377.93
4335.42
9422.66
8752.08
3967.58
7879.97
3552.33
6863.68
7694.8
7242.61
8352.67
7773.28
7650.35
4402.88
4299.4
4508.06
2983.57
7588.02
3241.2
4134.97
4395.07
5690.37
3403.75
7935.36
5874.67
3186.92
8266.13
5683.14
7553.07
3453.62
7830.36
4958.72
2508.67
7938.15
4611.19
3055.76
6738.4
5308.21
3078.06
8460.66
3201.96
10057.9
8760.31
8281.37
4916.1
6008.9
2593.06
7119.68
4866.62
6871.2
8337.46
3838.77
4390.9
4927.41
7074.46
2819.8
8505.52
8054.89
3846.71
2835.43
7741.17
7090.28
7029.81
6810.39
7023.17
8361.28
7359.69
7794.48
3783.9
8160.24
3253.65
3698.79
8078.29
7407.59
7359.21
7927.62
8381.63
6431.75
6838.91
6337.56
4891.05
7250.6
7438.57
5045.54
5502.98
6498.62
5876.79
10710.5
3978.43
5859.68
6428.2
4681.49
4529.98
7311.12
6832.13
6220.88
5423.97
7140.14
6225.83
5014.22
6241.76
6054.1
3805.25
3515.24
6438.59
5806.5
6577.88
6137.41
6000.18
5736.9
14662
9671.87
3316.16
6071.6
9967.6
3596.75
5846.48
4493.49
6092.52
2600.2
9835.2
5073.81
4894.18
8844.58
5220.8
2392.44
4532.81
6117.38
4235.91
6702.87
5139.48
8047.3
3790.82
6624.21
7526.14
6322.99
3705.55
4446.92
2525.12
3929.29
7226.94
3126.9
3630.85
5922.95
6416.36
7432.32
4968.07
5627.78
6248.65
7381.61
4446.76
5500.91
5910.66
7225.41
5506.81
6140.69
4841.62
5546.98
4945.3
8230.41
6987.12
4193.82
9332.58
4745.5
5964.56
6145.59
7550.19
5620.06
7928.77
5306.53
5196.73
7724.08
2595.55
5079.31
2706.84
4748
5957.69
6312.29
5201.75
4957.74
2720.86
3573.88
6388.37
5386.54
3129.88
6172.14
3968.37
7200.46
7581.98
4894.62
5609.86
3939.02
9107.97
6152.38
3661.32
7139.67
4508.33
6867.33
7021.76
4706.36
6771.25
5547.59
6381.08
6889.62
4452.78
7122.04
5476.21
9035.94
4176.54
4797.23
4698.25
3529.83
5572.29
5616.25
8506.18
4458.21
8538.78
3273.68
4851.51
6134.99
7914.08
6499.96
6934.8
7061.18
5400.39
7898.46
5209.55
6180.96
3444.81
8418.1
7433.89
4710.4
4734.42
2831.31
5394.65
7844.72
5086.63
3634.28
5578.69
6406.07
2995.77
7087.97
6539.73
8824.17
4697.48
6718.27
4584.35
6480.01
5265.77
4450.44
6116.43
6475.06
6997.34
6372.66
4561.6
6909.26
6047.74
4025.73
6321.87
6676.87
2971.13
5127.33
2677.37
8545.38
6084.11
8485.05
4833.84
6951.19
6362.72
6385.15
6959.29
11633
4899.36
4947.27
7156.36
9466
7122.65
6072.64
4374.51
8262.85
3056.99
5832.35
6433.37
14601.3
6045.25
4162.35
6952.24
11530.1
14806.2
4813.02
13062.8
3913.99
3595.78
7572.39
5902.52
7966.43
6382.23
5872.05
3103.67
3965.87
4567.65
5185.78
7154.56
11666.2
4834.64
9970.81
13894.8
15595
2990.97
4861.09
10252.7
4566.28
3437.92
4669.58
3107.99
7193.75
9167.02
4908.58
5341.75
3915.67
7295.79
14267.3
3210.68
5460.53
14083.2
3797.86
7690.45
3373.49
4365.05
4967.43
3873.73
3080.19
4806.09
4135.17
3043.46
5417.42
5684.16
8535.56
5824.81
4986.84
6074.06
9012.05
3388.16
4443.2
6358.53
7843.92
5949.25
5920.88
5926.12
4352.67
6039.89
8053.77
5881.5
5253.18
4297.3
8306.34
3026.51
6789.87
6814.06
5260.78
5116
4328.37
7431.16
5539.67
6901.83
6345.1
7263.33
4199.03
4388.83
6215.09
4633.34
4430.93
6767.65
8245.86
3088.74
5811.98
5619.72
4449.17
6088.35
3626.92
7928
2989.56
2937.46
3066.87
6641.84
4936.83
9549.2
7415.03
5225.98
9110.88
4401.81
7567.02
6863.82
3006.06
5146.3
6372.51
4534.92
3183.71
4301.15
2929.68
5193.17
4794.44
3847.16
8937.13
5439.2
13712.5
5962.19
4845.96
5099.5
5782.68
8017.73
4248.91
8157.07
5546.08
9394.09
9130.44
4471.11
3414.64
8414.23
7001.74
6576.07
5813.25
6070.43
6517.39
5781.53
8091.83
5244.18
8848.83
3664.34
7378.04
5287.81
3147.63
8154.19
5046.77
9146.03
6464.91
9688.95
7734.28
5273.76
7203.33
5872.28
5533.66
3785.57
7232.95
5278.55
3498.08
6733.18
3275.41
5746.11
3803.33
4932.12
4948.41
4712.56
4673.78
13549.2
6251.11
4860.72
5190.01
3124.39
5788.18
3944.68
6903.68
7040.48
5890.14
6721.55
3703.77
5846.89
6212.08
6526.67
5270.87
5326.7
6194.8
7468.3
5824.19
4104.59
6695.41
2879.19
5499.99
5500.77
6795.69
5314.33
7084.04
7558.66
5229.32
5315.11
2618.99
6209.43
3492.08
7457.36
5279.89
4415.56
7393.19
6459.8
4471.75
7036.11
7477.56
3977.27
4976.33
7931.35
5102.46
5762.78
3259.09
3504.07
6572.31
4227.94
6609.78
10523.3
7249.68
6199.88
4270.32
4842.19
6321.23
6578.05
2869.22
5958.98
5474.89
3626.32
5236.07
3194.66
3943.02
5811.19
5755.33
3308.54
6330.52
7661.58
5997.08
3201.18
5677.32
7532.49
3109.66
3487.34
4098.81
3485.62
5350.48
3455.47
3070.09
4600.88
6485.93
6278.17
4062.13
10683.2
4122.21
5334.21
9158.89
4689.64
9227.81
3070.5
5913.85
3204.43
5190.89
6609.79
5034.73
7555.43
5025.84
6682.25
3034.31
4569.85
5096.06
7480.25
5902.98
5424.61
3151.25
4425.77
6049.74
6744.29
4019.53
6300.54
3480.82
4201.65
4936.47
4013.19
2470.63
10992.4
7486.43
4384.52
8919.66
3065.81
6073.36
4415.26
2565.82
5657.25
7908.37
5381.54
3983.86
2983.13
3275.75
5058.39
3014.23
5161.58
5529.41
4495.97
4548.62
6750.57
4149.37
5817.01
4843.79
6990.75
21711.6
5095.27
3686.01
5580.33
8202.87
3648.78
4973.72
6039.9
6637.35
6519.85
8363.87
4645.41
5446.17
3410.87
4537.68
4041.69
2788.59
5089.71
8115.63
3708.18
3512.77
9053.07
2430.1
5133.15
7869.85
7345.56
5750.43
4662.63
4327.74
5657.8
3044.55
5204.28
5260.43
6055.46
3792.04
4316.1
2912.87
5599.43
6977.27
4299.79
4481.63
2920.48
3718.05
5354.44
5637.38
3845.85
2456.62
4825.43
3795.73
8596.04
4845.23
4184.24
7177.28
10338.6
7076.61
5478.05
5851.76
6272.26
5987.81
7680.91
2617.28
3980.19
3926.86
5466.75
4309.8
6503.57
3170.71
4609.38
6427.17
3817.38
3217.63
6088.99
4327.09
4165.36
3143.4
3024.06
3492.08
7717.51
3028.16
6670.91
3125.47
3240.56
6922.73
7691.68
2329.86
4976.55
6731.32
5361.05
4167.79
3282.83
6801.31
2994.02
5238.71
5090.65
5220.21
6382.94
9238.35
5105.51
4866.44
4312.37
5311.55
4940.99
6414.83
6252.25
3903.1
4390.63
4796.99
5903.42
4523.49
4941.77
7232.68
6046.73
6890.07
5493.38
5099.83
5235.05
3674.79
7622.19
6865.14
5358.45
4795.57
4723.46
5225.42
4206.61
4453.77
4739.43
2987.94
4979.58
5092.4
6195.94
8520.34
6074.44
7166.48
6841.38
6388.5
8620.67
5583.32
4616.07
8234.33
2759.11
7433.42
4428.38
5383.92
2895.74
6991.86
6791.13
5411.66
5884.84
5215.98
3022.99
6808.37
5612.45
3038.64
8008.32
8623.92
6611.78
5565.46
8877.84
5021.97
9395.2
4402.46
5211.96
7709.84
7705.75
5808.69
5703.77
5907.66
6708.96
6495.35
4601.66
4991.53
5695.19
5622.75
6214.32
8612.6
6113.5
5800.28
2462.86
3908.83
2931.33
4279.79
4954.24
5541.57
4852.5
2679.16
4256.83
7069.61
5612.98
6256.03
5708.47
7434.22
5106.58
5166.08
6458.72
7062.62
7630.96
4288.49
5649.07
6550.38
4683.13
7006.8
9168.15
6620.62
3003.33
5557.19
4690.65
2836.84
4506.14
5196.08
7925.96
2669.64
5919.9
4873.33
3582.8
5806.3
2196.55
4281.88
4724.57
7706.47
4703.01
11690.8
5566.81
6606.53
6691.12
5052.78
7839.53
5090.02
5411.73
8421.79
9239.9
7050.67
4173.06
7285.32
6506.23
8052.54
5452.83
2345.98
8031.43
17071.5
5611.68
5283.69
7672.68
8448.39
5623.59
4879.35
9366.12
7812.75
3512.98
5570.23
6393.62
6142.92
2960.07
6498.94
5001.04
3364.97
6479.93
7066
7354.21
7611.42
10094
6683.75
4915.9
5260.24
3749.77
5662.83
5797.19
5466.67
4606.28
3317.9
5322.93
6566.71
5342.23
2481.92
4044.19
6005.28
4031.54
6692.6
7462.77
7844.59
3536.04
6726
5529.41
4620.59
8220.32
6919.05
4465.37
5800.56
4283.9
4592.09
3843.13
4451.36
6527.5
4435.35
7177.3
6781.3
3662.29
4137.8
3310
5609.43
4431.46
4822.43
3551.58
4675.82
4405.08
7046.71
6239.54
4689.34
4975.69
17819.1
4527.54
7078.27
8578.87
10070.3
5808.31
3343.04
7852.07
6868.85
5120.41
6686.27
7334.13
7590.23
5128.93
4619.85
6476.75
3292.85
3568.98
4904.7
5572.08
5628.38
5424.51
9334.83
7225.97
8609.11
5006.46
5515.12
6150.11
4805.02
5855.48
8056.26
5495.77
7071.31
4783.8
2309.58
6294
6533.82
6328.25
6922.74
5338.21
3424.67
4537.53
5500.59
3347.26
4816.4
5425.64
5027.6
4991.08
9282.47
2547.87
5508.03
5814.01
9845.13
6083.46
4562.27
5571.13
4483.34
7472.69
5048.32
4593.51
8524.49
4339.01
7712.97
4076.27
6928.82
7223.07
5128.54
8462.92
5717.4
4952.46
2704.77
8536.43
6718.2
5851.16
6154.39
4433.69
2688.06
5981.25
7323.87
8252.53
2822.98
5796.49
4347.36
2663.01
5500.7
2865.48
8360.37
6041.58
7180.48
3836.48
5818.35
7023.54
4058.74
3048.08
3929.69
4259.39
4672.97
4693.57
5050.42
3697.66
4353.66
4427.82
7647.28
2706.99
3372.75
7164.97
14280.6
5240.34
5865.72
3318.32
3203.69
3969.33
5639.31
7121.51
5154.38
3259.21
4799.51
11483.6
16951.1
3761.22
5445.65
3352.93
8957.63
4489.35
3683.99
3334.55
7479.13
3999.9
3284.79
3075.93
3699.6
4412.94
3669.23
7934.07
3724.81
3558.1
3229.47
12486
7505.97
2558.97
4401.76
11876.8
8206.07
7608.65
3214.2
12411.2
6432.08
7543.46
4181.3
4728.82
4748.73
8303.24
4608.43
4989.53
3249.96
7867.74
6038.27
7895.17
4593.31
5155.4
3416.23
8316.81
3161.39
6765.67
6874.73
4579.66
5042.79
4910.68
6375.65
5445.45
6741.6
3977.53
7362.22
7497.73
8756.77
4144.1
4327.77
11668.4
3986.95
6789.24
3527.42
8247.99
5621.44
6913.91
7691.84
2933.11
3638.47
3438
3687.53
5174.81
6455.16
6998.56
7017.69
7055
6316.13
5405.66
4836.23
3620.5
6064.69
3131.37
6418.25
4080.2
6499.47
4202.07
5882.98
5549.13
5611.22
4900.17
3551.57
5542.65
6041.26
5862.28
4345.63
2419.5
4308.36
6516.42
4766.34
3694.04
7548.38
5375.48
5229.48
8753.96
5139.05
5053.38
6376.89
4695.05
5370.29
7340.2
3409.63
4676.23
5545.47
5736.82
4591.11
5107.68
5688.02
4678.81
4162.72
5550.87
5889.49
13209
4855.96
3418.58
5491.91
10696.9
8096.58
13185.6
7858.61
8432.88
4525.99
3977.42
8337.61
6487.96
7715.46
3270.53
7614.42
5087.95
4975.25
7526.44
2798.85
4918.26
3697.71
8118.81
9127.66
3726.28
6036.46
4485.85
5060
5720.71
4705.65
4403.82
6402.67
12405.8
4946.82
5279.52
4762.43
3672.19
6235.77
4142.93
6160.83
4555.4
3785.06
4326.03
4283.52
6161.33
3550.08
6855.67
6910.9
4457.61
7155.71
2732.88
5659.08
3431.4
2967.86
3947.9
2320.48
5381.71
3270.16
3940.75
3260.67
5091.11
5460.78
3553.93
5839.53
7355.77
3245.18
3771.06
4140.15
4881.23
8722.57
2828.39
7715.48
5179.05
5170.37
4951.92
4166.02
2974.7
3994.9
4229.58
4550.85
3443.83
4531.96
4919.44
9193.5
3229.68
4945.04
3548.56
6957.06
4240.05
3973.7
3534.23
3240.62
6048.96
2881.98
7093.7
2709.82
4311.73
3942.46
4419.97
5219.3
6632.47
6699.24
2860.57
7378.13
5234.69
4685.85
4235.02
4301.57
6097.37
3985.64
8884.6
4173.35
3359.2
4497.37
4753.83
4633.71
3696.27
5200.27
5308.93
4473.05
3397.2
4791.94
2792.46
3553.38
5218.34
3130.28
4076.72
7167.26
2991.37
3692
3111.42
4552.45
4301.58
5141.33
4575.79
4179.33
2531.88
3939.36
5461.79
5065.73
3525.92
5413.98
3916.55
6532.28
5793.09
3293.93
4030.2
3815.3
10832.4
4274.71
3510.63
5993.84
4726.13
4829.85
2854.57
4708.27
5423.73
3407.21
7293.18
4081.75
2948.52
4836.76
5263.15
5117.55
4323.84
3425.44
4822.4
5881.39
5291.24
3939.14
4911.73
4114.28
3021.85
3318.87
3538.47
4597.5
4096.65
3690.54
5056.71
3859.02
4565.91
4729.77
5177.24
3456.97
3744.56
3403.6
4022.19
3548.66
4106.85
5439.14
3993.71
4749.16
6937.63
8650.98
4294.82
4126.65
3054.19
3643.37
4363.96
4001.36
5157.93
4517.67
4445.11
4324.45
6168.52
4055.62
3617.52
4441.95
4194.04
4202.64
6140.87
3397.02
3582.06
3681.38
3188.61
7963.72
4694.02
3045.71
6076.85
14670.4
7519.1
5429.61
3265.06
5610.38
4287.15
4542.26
2606.73
4578.54
4746.02
3638.83
3575.33
3435.62
3810.21
5578.84
5865.52
3711.6
3328.06
4071.18
12601.8
3057.39
3610.16
5883.9
3519.89
4629.78
4561.12
6366.66
4966.23
3782.47
3227.71
6729.6
4893.91
5390.23
6998.57
5727.06
2991.43
7760.8
5928.75
7055.79
3714.95
3511.72
3342.03
5505.69
5045.07
4699.36
5748.16
4633.08
4135.29
8627.68
5610.37
9558.82
4024.74
4075.91
8744.02
6268.98
7654.28
5094.81
7465.03
8038.26
7335.13
4621.41
4500.94
3173.13
7284.51
5556.17
6831.27
8029.61
8375.37
5118.59
3676.08
8384.76
2740.61
4803.52
6533.28
7500.69
7307.4
4434.31
5490
5715.71
2957.84
2918.11
7592.72
10527.5
6190.98
3985.49
8641.38
2617.15
3273.12
8909.99
4351.27
6557.56
4702.6
4895
7621.21
6288.96
7900.4
6276.03
4332.79
5472.03
9085.56
4228.73
2601.15
7750.62
4987.73
7331.15
7565.89
6953.22
7279.57
7136.91
4099.13
5558.63
5990.68
6789.61
2498.7
5109.38
2674.16
3072.02
8411.35
6214.67
5565.51
7025.92
6943.84
7344.68
4661.25
4981.66
3601.35
2152.73
4904.56
6703.36
5310.97
5523
4502.52
5305.52
5284.9
5904.67
6921.16
5507.31
6593.75
4218.54
6435.86
9025.81
8797.14
3469.54
4809.01
7377
5342.42
5825.31
2888.49
4363.01
3301.66
7604.53
3533.23
4709.79
10676.5
7256.04
4494.16
4932.75
5763.45
4800.93
2863.93
7141.97
4032.16
4994.59
7405.59
3050.81
6248.82
6354.25
4711.09
4951.14
4332.45
7224.17
4801.53
9288.14
7908.34
5049.98
6918.56
7893.31
6213.07
3702.2
3470.63
4205.5
2477.8
5385.31
6602.28
5416.95
4943.02
4595.99
3841.7
4851.62
4514.25
7295.59
6891.94
7064.02
6256.81
5993.68
4102.31
8407.92
7463.46
7718.65
5956.99
2490.33
8663.34
4567.71
6873.18
5991.01
5029.34
8181.15
4418
5586.77
8238.56
4012.71
9140.98
7911.1
6486.87
5955.26
3088.78
5220.37
4448.47
4081.86
8845.17
5731.25
6007.22
5370.07
7661.15
6821.03
3440.82
