2858.05
4444.39
2978.67
5633.78
5597.08
8481.28
7021.12
7346.52
5247.28
6527.14
6518.32
7429.93
2189.68
3792.07
3563.86
5576.57
6736.94
4120.57
7915.3
9259.57
6145.55
5880.07
6386.4
2909.59
6528.07
5930.89
5474.26
5123.59
4191.88
5555.2
7756.33
7583.61
2679.21
3848.05
2791.29
4878.86
4884.49
5766.78
5312.81
6083.88
2870.46
2894.87
6903.25
6260.78
5495.98
6083.12
7003.07
2839
5456.03
2520.13
6037.77
4581.42
3668.92
3538.86
2975.37
5400.74
4137.81
5587.11
4733.12
4406.79
6861.21
5720.92
3031.41
7107.16
5799.73
4742.64
5322.78
4186.21
4204.68
8705
8364.9
3279.77
4867.21
5950.77
2724.85
5664.89
4345.02
5375.32
6112.09
4321.55
5492.63
6022.94
4693.24
4288.51
7726.51
6018.82
4653.06
2651.06
7234.96
5314.19
5552.99
3926.28
5202.5
3576.02
3403.76
6209.09
3981.28
4682.64
7388.55
3063.14
7566.85
4252.59
2837.59
4222.36
4335.53
4066.82
5618.22
6290.71
4432.88
4875.41
5166.62
5195.94
2793.97
5073.42
3929.62
3199.28
5672.68
4682.82
3612.78
5180.48
4187.7
3877.33
5712.05
2898.84
2946.44
4152.19
6719.58
7869.36
7396.04
7215.65
6446.64
6531.67
5098.02
4577.24
5464.22
3493.59
8170.04
5908.65
7163.07
4442.56
5898.3
4748.67
4023.78
4733.44
3056.03
5912.81
3400.69
3027.14
4332.87
5297.61
3628.41
4137.56
4653.1
4559.37
4468.33
7087.08
5469.7
5152.04
5200.25
6391.48
4441.21
4305.69
8305.04
7827.62
5925.89
4445.83
5261.6
7322.38
6868.54
7872.53
3750.21
5555.41
6177.31
8010.19
8637.19
5195.54
6963.67
8106.85
6747.8
7407.04
6598.41
3908.8
5309.03
7819.72
4797.75
4349.48
4311.3
4445.06
5411.72
5196.53
6278.41
6196.62
5443.63
5757.47
6158.44
4674.91
6682.76
4519.25
5909.97
5979.66
4328.53
5369.66
5864.63
8217.98
3658.35
6013.63
6992.29
3880.46
5091.35
6292.14
7058.46
4823.41
4632.35
5493.63
3282.89
3996.65
5427.57
5980.29
4495.72
5212.08
4071.81
4273.11
4555.9
8111.53
5236.74
5040
2766
7315.63
5744.85
5403.22
4509.05
6415.63
7787.56
4248.15
2863.12
3797.02
9134.96
5206.66
5426.48
7018.67
5435.15
5777.51
7146.81
3581.27
5498.06
7159.02
8118.69
7748.18
6674.74
6871.94
4072.32
7864.05
3490.77
6000.77
4729.66
6768.71
5658.17
5524.78
2894.61
3696.09
4698.93
6174.11
7044.55
6009.87
5417.76
4791.96
4290.42
6553.7
4200.16
4506.77
5379.85
2979.3
3589.97
3882.98
3472.44
8307.87
4187.67
4813.53
7881.96
9825.46
2679.47
7178.14
5890.7
3561.79
3942.57
4709.49
5504.96
4608.89
5597
4187.12
3063.24
6178.27
10289
5011.4
4264.05
3328.56
6407.67
7102.99
7393.21
4002.97
6674.39
4268.72
4390.55
4306.97
8139.74
3312.89
4838.59
5294.25
7237.45
4507.28
4848.08
3144.3
4805.61
8043.55
6780.09
9185.92
3072.03
6786.6
7626.13
6092.38
8834.79
4176.24
3505.48
7735.23
4192.83
4300.46
6094.73
5352.59
2896.1
7171.92
5401.67
5023.06
8954.73
3653.84
4554.26
4772.81
3722.13
5038.69
7579.25
4694.57
4784.29
8802.99
10045.5
3590.09
4799.31
7012.72
7545.83
4509.39
6881.86
4859.13
5323.84
8079.14
7527.71
4093.38
3292.02
3171.96
4403.86
7346.09
6047.35
4361.82
4636.47
8247.33
3589.35
6175.79
4512.59
4682.99
6894
2952.2
3142.5
4423.28
3672.34
6421.26
3744.08
7011.44
4578.84
4532.46
2297.08
8350.6
3595.59
3065.95
6704.8
5899.06
6935.17
4311.24
5723.86
3363.18
7718.21
8223.58
4493.62
4400.15
3605.22
7724.16
5202.09
8438.46
4639.6
8682.64
5010.28
3412.03
4514.85
7057.3
7875.95
4604.51
6297.88
5393.19
5308.76
2897.92
10130.3
4182.84
4164.97
5168.19
4021.38
5968.94
4570.82
6464.3
3296.99
4603.02
9565.82
7653.17
7471.74
5406.49
7076.36
4497.65
4182.74
3220.78
8199.86
3121.13
8108.76
3112.8
7293.48
4463.25
7640.86
6334.43
2662.93
5539.44
3527.73
4605.63
8090.06
2664.05
6930.51
8132.25
8133.5
5928.96
6742.76
5711.12
7552.62
4103.49
5562.13
4640.03
4282.8
7763.72
6304.62
4270.83
5041.09
8488.51
3905.97
7829
3497.99
6819.72
7548.09
7174.88
7591.81
7598.13
7619.67
4268.12
4253.53
4376.44
2947.04
7256.37
3226.9
4067.66
4228.03
5618.65
3366.27
7907.39
5850.73
3164.66
8083.11
5653.69
7520.26
3416.4
7532.31
4935.37
2475.31
7619.71
4541.01
3031.11
6714.82
5138.37
3066.66
8419.18
3143.51
5450.81
8714.4
8156.01
4879.26
5976.55
2567.92
6976.85
4732.28
6854.39
8291
3789.54
4358.42
4757.48
7047.1
2798.36
8480.75
8025.8
3819.56
2748.84
7629.08
7030.4
6979.78
6750.22
6998.24
8321.33
7236.28
7756.05
3768.84
8130.88
3041.59
3662.01
7936.74
7377.58
7334.71
7898.26
8320.56
6404.72
6647.38
6276.86
4721.02
7087.7
7144.5
4499.88
4941.75
6474.37
5832.72
10002.2
3945.35
5812.18
6319.31
4137.91
4413.73
6516.29
6288.17
6167.01
5366.54
6300.98
6076.78
4984.77
6218.5
5957.42
3769.92
3349.97
5897.73
5254.68
6008.41
6090.07
5923.45
5700.6
7508.53
9400.69
3289.13
5528.26
9628.25
3572.84
5281.9
4416.17
5554.54
2589.45
9098.32
4503.76
4839.05
8644.89
5035.95
2366.8
4439.06
6041.79
4224.68
6126.53
4597.25
7912.3
3717.92
6580.64
7451.96
6194.98
3142.45
4281.14
2505.47
3915.64
7175.55
3092.46
3599.88
5384.93
5848.68
6847.54
4922.49
5605.06
6057.65
7235.73
4411.76
5454.32
5311.85
7185.11
5411.97
6037.51
4763.88
5456.14
4935.32
8016.22
6884.07
3620.71
9197.74
4732.55
5676.56
6047.92
7444.68
5578.29
7647.17
5286.92
5024.45
7607.65
2581.28
4978.62
2630.43
4732.05
5923.22
6216.23
5157.26
3608.28
2687.3
3515.74
6263.17
5294.95
3119.31
6042.34
3918.81
7092.55
6989.97
4107.05
5519.45
3866.4
8778.07
5841.48
3620.36
7048.17
4486.93
6789.63
6957.81
4655.08
6228.68
4725.74
6288.15
6859.13
4318.43
7041.98
3918.62
9005.85
4144.78
4757.35
4142.82
3473.66
5464.91
5043.04
7928.44
4332.65
8502.88
3215.5
4805.7
6010.78
7825.17
6192.48
6846.26
6999.82
5386.34
7820.88
5082.53
5650.73
3424.62
6679.08
7358.04
4670.31
4182.2
2735.5
5357.08
7697.57
4986.05
3565.56
5386.63
6326.38
2961.56
7027.91
6500.23
8793.14
4674.91
6477.4
4576.24
6388.37
5238.7
4330.16
5815.3
5884.28
6401.29
6276.47
4539.57
6847.28
6014.72
3913.15
6298.25
6595.5
2880.08
5038
2664.76
8474.89
5979
8450.12
4794.92
6874.62
6317.94
6283.69
6903.24
11007.3
4858.25
4219.29
7116.35
5725.97
6947
5994.09
4309.51
7425.95
3007.7
5751.71
6268.42
9342.52
5966.13
4139.37
6788.78
5994.84
9166.62
4710.06
8166.21
3879.79
3530.37
7121.52
5654.94
7848.31
6317.75
4880.8
3085.96
3905.56
4522.27
5086.14
5757.92
8258.8
4738.32
9865.51
9416.46
9510.53
2982.36
4830.5
9837.69
4479.38
3388.29
4635.51
3056.45
6959.38
8808.33
4802.68
4489.43
3901.52
7219.66
9065.71
3146.35
5331.35
9494.97
3783.41
7524.68
3320.85
4337.47
4855.73
3801.82
3050.79
4706.36
4079.27
3023.82
5259.07
5617.92
8377.13
5281.01
4965.46
5911.46
8614.89
3375.7
4426.05
5810.83
6921.05
5916.36
4991.95
5806.22
4256.04
5954.14
7954.32
5301.39
5152.57
4255.95
6499.45
3015.63
6652.24
6665
5184.91
4903.53
3779.09
7412.09
5489.43
6706.94
6133.67
7084.79
4184.67
4345.43
6141.95
4519.66
4352.9
6203.49
7897.11
3059.6
5770.17
5564.05
4411.52
6017.07
3616.58
7864.14
2975.5
2913.19
3059.02
6568.41
4358.83
9120.98
7313.22
5128.59
4886.26
4393.78
7378.9
6564.23
2979.78
5045.39
6291.65
4502.16
3151.89
4204.14
2921.51
4411.86
4730.25
3745.38
8778.44
5389.54
13016.3
5673.57
4826.36
4998.78
5230.11
7789.49
4204.17
8136.61
5525.77
8302.83
4911.44
3923.72
3381.43
8388.55
6955.54
6520.14
5772.92
5513.57
6394.45
5704.51
8031.15
5183.48
8440.09
3623.43
7085.6
5178.61
3135.31
8071.4
5012.97
7043.02
6397.81
9407.5
7578.44
5226.13
7091.66
5794.19
5493.53
3757.96
4867.39
5229.61
3446.59
6558.71
3246.2
5642.83
3741.39
4886.68
4930.25
4668.15
4606
13236.7
6211.06
3942.07
5089.29
3068.63
5746.06
3807.46
6708.05
4515.74
5827.03
6660.16
3684.93
5737.73
6154.41
6426.14
5212.81
5274.61
6127.43
7434.14
5752.59
4094.29
6632.64
2860.81
5203.53
5195.83
6753.87
5293.56
7015.77
7486.96
5134.23
5230.8
2587.63
6144.15
3432.72
7395.13
5223.71
4336.78
5525.48
6376.01
4462.93
7018.87
5428.58
3930.98
4953.99
7814.53
4863.79
5458.33
3240.09
3461.71
6534.94
4178.44
6522.24
10318.3
7177.67
6141.6
4242.68
4819.1
6200.1
6511.79
2855.54
5890.43
5415.48
3577.35
5074.6
3167.75
3888.36
5743.07
5666.55
3298.1
6026.94
7419.9
5900.45
3192.61
5381.34
7395.82
3085.45
3468.92
4059.8
3394.12
5091.91
3390.2
2969.53
4541.23
6377.23
6201.15
3946.02
6508.61
4093.92
5173.07
8909.18
4633.02
9102.84
3060.52
5843.5
3197.93
5129.72
6439.9
5019.24
7437.3
4989.9
6604.13
3019.69
4552.69
5034.16
7386.81
5778.15
5362.03
3071.58
4418.35
6011.87
6648.82
3949.47
6219.23
3392.15
4167.87
4909.57
3979.14
2379.23
10772.4
7371.43
4230
8841.99
3052.64
6036.45
4377.67
2556.81
5462.21
7853.76
5324.46
3958.75
2971.28
3170.2
5013.18
3000.65
3632.73
5515.17
4473.18
4533.84
6604.86
4104.76
5773.08
4754.27
6810.82
11717.2
5080.63
3640.51
5542.04
8188.69
3602.18
4882.13
5931.73
6604.25
6451.82
8231.98
4599.96
5360.29
3393.83
4511.41
3978.47
2772.84
5052.9
8036.62
3674.51
3491.59
8778.2
2413.89
5076.15
7855.4
7314.43
5664.58
4593.89
4288.97
5626.9
3035.27
5163.05
5182.22
6003.12
3694.1
4255.36
2893.04
5303.6
6922.28
4269.91
4444.03
2864.14
3677.13
5305.12
5587.02
3796.56
2373.44
4802.1
3772.2
4270.96
4795.78
4098.37
7129.43
5976.79
6959.73
5251.87
5828.66
6108.87
5885.29
7629.13
2547.35
3919.93
3901.17
5392.52
4250.42
6418.13
3162.51
4573.62
6256.97
3793.37
3175.67
6059.97
4294.85
4102.63
3133.85
2997.48
3419.94
7535.17
2933.24
6504.86
3041.39
3194.32
6790.1
7633.44
2209.24
4813.49
6677.62
4856.89
3616.26
3233.42
6602.75
2984.02
5000.15
4937.35
5210.22
6258.96
9123.53
5060.35
4749.43
4210.88
5283.14
4900.29
6121.57
5818.91
3858.03
4046.66
4744.26
5405.22
4452.49
4916.99
7055.85
5945.41
6710.89
4978.87
5053.9
4902.44
3621.56
6717.32
6821.47
5222.66
4721.56
4657.21
5049.41
4091.6
4220
4649.22
2894.8
4811.84
4931.01
5643.2
8288.7
6003.44
6849.27
6624.44
6227.18
8497.24
5492.27
4518.63
8152.55
2706.57
7318.01
4333.24
4840.58
2861.94
6882.33
6758.35
5391.69
5809.33
5189.79
2976.71
6612.65
5194.26
3003.69
7923.98
8508.3
6129.39
5501.19
8493.67
5009.41
8750.07
4356.1
5087.1
7616.48
7680.17
5624.89
5150.84
5365.12
6395.15
6201.41
4545.67
4893.11
5131.75
5517.01
5973.29
8050.3
5979.75
5256.72
2389.9
3892.1
2837.8
3945.4
4848.43
5510.49
4479.73
2638.89
4190.32
6758.82
5588.21
5991.91
5614.57
7289.7
4933.74
5117.61
5890.43
6855.51
7276.75
3916.68
5060.98
6379.42
4389.75
6796.02
9094.6
6590.87
2959.12
5003.24
4593.76
2826.06
3946.46
5087.85
7735.01
2584.21
5672.07
4805.11
3373.78
5710.87
2163.89
3921.49
4669.49
7050.9
4595.19
11489.2
5495.18
6051.93
6500.2
5001.59
7222.37
5020.05
5315.36
8333.4
9102.01
6885
4008.5
7181.52
6147.89
7966.56
5393.5
2278.54
7930.56
10349.3
5554.08
5132.38
7585.25
8282.12
5547.15
4707.92
9245.36
7733.4
3491.85
5204.85
6355.33
6111.59
2953.95
6436.05
4930.68
3141.33
4970.4
6948.35
7171.3
7455.55
9966.12
6374.81
4854.5
5191.06
3700.84
5570.3
5597.87
5385.71
4435.85
3241.45
5124.01
6481.43
5242.52
2411.97
3463.24
5440.12
3920.92
6618.88
7282.8
7526.1
3439.9
6693.35
5509.09
4509.46
7890.05
6518.64
4446.67
5666.32
4241.62
4541.02
3800.44
4339.56
6423.95
4315.97
7059.24
6655.64
3592.93
3770.06
3268.2
5498.79
4353.5
4803.22
3472.08
4487.47
4327.6
7019.8
6183.5
4602.62
4807.52
10218.5
3958.52
6800.45
8135.05
9111.04
5650.37
3254.89
7743.98
6857.12
4955.11
6561.82
7245.58
7456.38
5051.72
4036.27
5913.88
3286.54
3257.65
4731.52
5203.84
5558.51
5326.28
9178.3
5952.4
8417.24
4982.86
5393.41
6119.89
4752.69
5666.93
7963.1
5312.57
6491.37
4668.85
2245.44
6192.8
6414.29
6214.37
6810.65
5305.29
3205.88
4441.91
5454.56
3308.08
4807.51
5352.5
5002.72
4966.73
9134.35
2494.41
5375.24
5716.6
9728.92
5398.41
4268.09
4961.65
4130.13
7289.33
4974.97
4451.91
8413
4268.29
7592.98
4015.32
6756.51
7146.34
4957.59
8340.01
5422.32
4930.16
2658.59
8314.95
6543.77
5814.61
5926.4
4326.16
2607.44
5967.93
6837.59
8189.74
2780.05
5709.49
3985.04
2632.79
5330.42
2652.38
8270.65
5932.02
6989.42
3779.44
5695.3
6008.27
3939.09
3032.35
3920.35
4133.65
4594.13
4625.58
4977.34
3605.82
4336.42
4283.33
5996.24
2673.07
3334.32
7131.28
13574.1
5200.1
5837.39
3273.58
3092.53
3932.83
5474.21
7014.78
4767.34
3221.33
4522.61
6260.69
9647.03
3725.43
5351.97
3318.52
8570
4341.92
3620.11
3291.82
7404.82
3950.94
3083.91
3043.55
3611.64
4364.28
3512.69
7485.56
3674.1
3412.11
3052.31
9380.48
7154.79
2443.04
4268.11
6704.43
8144.46
7463.93
3132.06
8215.3
6393.4
7505.57
4167.84
4690.26
4721.19
8246.45
4580.32
4951.68
3220.32
7611.76
5518.15
5241.34
4547.86
5148.44
3368.61
8205.5
3119.32
6629.24
6773.2
4542.03
4935.04
4862.87
6285.4
5286.83
6671.04
3890.24
7263.01
7434.75
8598.02
4121.43
4281.49
6682.79
3963.97
6642.12
3484.26
7355.32
5579.81
6819.05
7631.06
2909.92
3616
3385.06
3519.63
5117.78
6368.05
6950.25
6885.68
6489.55
6268.35
4906.63
4780.45
3485.5
6017.89
3042.28
6285.19
4021.08
6444.27
4176.84
5351.52
5452.16
5579.88
4857.63
3489.74
5491.09
5925.23
5807.36
4337.3
2386.99
4278.37
6364.79
4626.31
3650.11
7501.64
5307.91
5138.71
8550.03
5047.92
4984.83
6315.97
4689.6
5282.5
7292.12
3242.22
4662.48
5491.72
5678.28
4483.81
5063.94
5634.77
4602.69
4090.02
5486.59
5855.28
9475.5
4821.23
3389.59
5373.98
7512.16
7905.09
7211.87
7784.16
7556.04
4442.6
3963.24
8289.76
6348.26
7572.81
3247.04
7523.94
4965.81
4824.06
7438.21
2755.22
4909.42
3604.81
7860.64
9072.43
3646.92
5941.04
4466.67
4886.52
5687.56
4678.13
4370.26
6363.9
9022.62
4907.16
5179.02
4713.24
3632.43
6201.7
4100.59
6128.32
4510.61
3749.54
4291.79
4235.61
6097.89
3536.92
6765.78
6862
4380.91
6981.45
2707.8
5624.35
3254.98
2954.77
3921.67
2303.2
5314.54
3237.17
3920.77
3203.05
5000.41
5450.48
3540.45
5806.95
7309.09
3223.32
3746.93
4106.19
4863.02
5065.37
2814.84
7470.24
5149.25
5150.6
4914.53
4141.1
2958.41
3947.66
4153.68
4533.63
3358.89
4508.7
4870.46
9144.81
3197.92
4777.53
3531.71
6909.95
4206.91
3962.57
3520.39
3202.52
5988.22
2848.29
7032.25
2693.59
4246.56
3923.53
4404.44
5198.4
6578.57
6639.05
2838.43
7329.14
5111.65
4655.04
4196.03
4247.91
5925.9
3915.93
5207.84
4144.2
3322.56
4458.78
4630.74
4574.63
3564.99
5186.58
5272.63
4433.89
3370.86
4741.78
2777.97
3522.26
5175.48
3113.68
4016.55
6830.86
2979.05
3671.24
3081.64
4502.87
4270.86
5078.88
4526.56
4150.74
2521.55
3886.35
5304.32
5035.12
3466.86
5321.01
3894.7
6508.84
5769.04
3250.62
3987.25
3802.25
10668.1
4235.47
3454.76
5967.29
4673.78
4800.21
2842.54
4680.87
5416.17
3387.19
7248.41
4031.57
2916.14
4807.92
5241.37
5009.49
4294.18
3386.21
4794.37
5859.39
5271.04
3901.46
4832.99
4018.89
3002.43
3300.59
3495.58
4570.79
4082.47
3615.46
5027.47
3813.46
4527.04
4710.28
4664.71
3422.38
3706.3
3372.92
3971.42
3497.27
4084.26
5416.7
3974.79
4722.6
6914.74
8468.37
4253.27
4110.72
2977.5
3598.86
4342.06
3653.53
5129.54
4464.74
4390.02
4298.25
6019.29
4025.71
3587.39
4398.62
4167.24
4153.3
6113.15
3352.57
3543.72
3637.11
3142.67
5950.18
4676.59
3010.36
6050.84
9231.75
6923.56
5399.98
3227.64
5590.88
4257.79
4207.72
2598.43
4425.95
4729.91
3597.25
3527.23
3385.51
3766.62
5546.95
5832.28
3674.47
3282.6
4043.6
11934.4
3023.7
3555.11
5565.36
3456.35
4285.65
4544.62
5517.86
4912.99
3434.87
3218.04
6629.06
4875.63
5008.86
6956.48
5163.95
2980.55
7718.32
5046.2
6501.92
3407.01
3461.51
3310.21
5478.76
4905.03
4665.98
5714.54
4459.04
4123.88
8439.14
5533.56
9468.7
3992.87
3977.36
8456.9
6192.08
7234.32
5030.18
7425.81
7941.89
7241.64
4588.53
4490.35
2967.11
6712.24
5296.15
6765.45
7965.31
8358.72
5070.43
3667.49
8265.31
2726.5
4754.47
5989.88
7412.25
6975.27
4375.11
5377.95
5631.34
2916.7
2911.04
7547.92
5522.31
6169.83
3938
8511.08
2575.74
3259.02
8664.06
4177.48
5498.36
4348.86
4855.12
7551.83
6178.21
7823.51
6152.36
4243
5109.56
8454.54
4138.24
2535.62
7500.42
4892.32
7288.35
7398.92
6863.53
6983.01
7105.57
4042.6
5489.59
5847.75
6565.22
2367.19
4567.84
2663.64
2995.77
8274.55
6082.94
5544.72
6995.81
6830.69
7012.71
4566.33
4744.62
3565.04
2095.99
4862.36
6161.43
5283.94
5454.13
4156.3
5238.53
5246.81
5815.62
6874.84
5498.16
6474.64
4116.09
5896.1
8993.85
4815.07
3132.85
4644.66
7235.38
5208.47
5813.56
2878.6
4328.6
3209.82
7396.05
3525.16
4654.76
9874.98
7181.45
4441.37
4627.6
5752.44
4770.15
2855.41
6988.79
3989.71
4980.64
7328.39
3038.2
5878.78
6286.47
4668.29
4903.94
4311.12
6847.43
4686.44
8065.68
7675.94
4911.26
6738.65
7862.95
6172.97
3644.89
3442.58
4102.08
2409.61
4638.3
6064.52
5212.01
4915.72
4547.26
3833.52
4789.18
4473.02
7262.28
6812.38
6819.93
6055.54
5885.3
4058.94
8380.63
7250.25
7634.24
5897.07
2429.39
8410.26
4527.21
6671.2
5515.63
4897.39
7967.15
4370.22
5502.42
7904.21
4007.16
8917.78
7650.08
6235.64
5797.81
3082.2
5083.9
4437.73
4033
8752.71
5663.86
4787.24
5329.16
7610
6778.88
3390.97
