2864.5
4538.46
2994.65
5664.51
5622.01
8515.86
7308.17
7535.71
5317.48
6628.22
6843.12
7494.99
2362.38
3882.46
3618.69
6134.64
6754.01
4158.76
7981.9
9452.16
6254.6
6180.33
6674.37
3075.45
6656.12
6066.97
5508.7
5222.3
4239.22
5686.96
7774.87
7720.18
2845.31
4187.85
2957.14
4885.43
4940.8
5879.17
5341.09
6102.99
3049.21
2904.42
7574.44
6364.88
6043.97
6266.04
7029.63
2853.69
5577.57
2645.69
6176.56
5181.8
3729.86
3847.63
2984.87
5939.35
4164.91
5904.83
4768.36
4670.66
7551.74
6505.47
3045.3
7271
5868.85
5075.55
5360.11
4192.24
4208.23
8732.3
14270.5
3366.34
5410.67
6516.58
2801.77
5710.42
4888.38
6198.59
6701.43
4328.99
6313.9
6600.49
7459.73
4312.35
7869.78
6320.52
4665.73
2656.8
7262.81
5883.44
6402.23
3932.77
6029.2
3748.23
3468.51
6332.48
4057.14
4721.83
7962.29
3183.55
7701.86
4271.41
2853.4
4461.57
5634.64
4130.5
5713.49
6635.02
4437.22
4964.54
5998.84
5739.82
2876.62
5268.29
4514.79
3219.35
5842.94
4801.1
3621.05
5721.05
4284.97
3912.38
5729.57
3078.26
2956.85
4159.01
7348.68
8174.4
7493.18
7331.68
6479.28
10231.9
5165.06
4585.43
6278.83
3834.33
8194.81
10077.5
7282.15
7165.56
6685.19
4808.05
4141.66
4771.96
3065.7
11079.6
3406.07
3194.38
4571.99
5401.61
3985.99
4141.29
4663.18
4879.71
4475.8
7656.03
5758.24
5164.75
5248.01
6729.11
4553.25
4334.58
8449.42
8721.76
6631.11
4491.07
5324.42
7368.88
7179.74
7998.32
4095.54
5767.47
6497.81
8028.2
9055.28
5299.61
7014.27
8693.83
7038.44
8223.97
6770.33
3929.48
5332.28
7898.14
4816.79
4362.86
4354.17
4500.37
5761.7
5291.38
6797.14
6527.2
5635.17
6048.61
6492.36
4683.48
6734.58
4610.97
6130.16
6047.01
4337.47
5667.5
6115.74
8288.09
3673.66
6458.57
7067.44
3928.94
5219.32
6385.12
7123.88
4924.42
4667.75
5499.11
3641.09
4020.18
5657.46
6088.79
5140.23
5414.51
4114.56
4304.76
4689.93
8342.88
5261.56
5241.77
2810.49
7511.13
6040.69
5460.8
4615.18
6533.56
7870.39
4266.23
2939.06
3802.21
9759.98
5293.25
5503.55
7119.72
5648.11
6127.59
7316.83
3634.19
5741.08
7177.65
8229.24
7788.4
6699.68
6910.49
4124.42
7947.56
3661.85
6556.68
4829.19
7047.84
5754.79
5931.58
2906.75
3749.9
5239.92
6259.96
7381.17
6322.61
5465.49
4918.18
4295.2
6668.51
4205.95
4557.21
5387.46
3006.96
3622.44
3916.13
3515.99
8373.69
4314.96
4906.95
7979.88
9947.16
2756.32
7346.38
5978.29
3612.23
4007.41
4886.96
5590.64
4784.37
5687.46
4314.32
3087.51
6335.29
10778.1
5044.1
4295.53
3374.84
6557.24
7176.77
7749.37
4056.65
6933.63
4382.86
4396.84
4341.47
8217.77
3334.42
4892.67
9336.12
7881.15
4759.4
4874.45
3170.14
4832.55
13171
6973.48
17532.6
3100
6974.69
7734.79
6199.62
9320.27
4205.14
3570.37
8979.28
4250.43
4325.48
6315.85
5479.22
2939.73
7390.33
5502.74
5177.67
9025.15
3689.6
4594.83
4873.03
3812.88
5133.19
9947.99
4793.44
4832.2
8983.71
10240.3
3681.38
4924.63
7063.94
7928.68
4543.12
6921.69
4958.6
5370.63
9033.81
7744.59
4124.92
3381.9
3229.34
4467.44
7453.53
6085.11
4446.82
4708.49
9102.14
3631.68
6288.06
4552.38
4843.44
6911.29
3005.78
3158.55
4512.33
3716.87
6452.63
3777.79
7057.66
4671.69
4603.67
2364.26
8397.15
3651.2
3134.78
6724.52
6017.79
6965.59
4380.28
5847.62
3372.86
7913.26
12834
6721.85
4468.45
3622.01
8049.64
9599.37
8503.76
4704.22
8728.82
5114.71
3444.45
4600.57
7197.4
7930.45
4745.41
6420.39
5488.03
5394.89
2983.9
19259.2
4244.03
4198.95
5303.61
4081.06
6055.29
4661.07
6506.12
3306.13
4689.38
13257.3
7708.27
7672.65
5588.84
7632.45
4611.05
4241.78
3264.93
8538.58
3162.33
8139.69
3158.94
7403.51
4537.76
7727.68
9823.67
2699.1
5572.4
3550.9
4635.92
8117.4
2681.1
6946.48
8210.83
8184.77
5961.28
6846.06
5810.78
7750.38
4134.07
5584.77
4673.64
4307.15
8117
6375.56
4334.38
9420.71
8749.73
3965.69
7877.79
3549.53
6861.05
7693.18
7240.54
8350.83
7769.35
7648.43
4400.61
4296.88
4506.8
2982.66
7585.6
3240.4
4133.67
4392.79
5688.17
3399.84
7933.46
5872.87
3185.69
8263.18
5681.05
7551.56
3451.68
7826.46
4957.29
2506.54
7933.88
4609.5
3054.55
6736.81
5306.87
3077.04
8459.16
3200.52
10055.9
8758.56
8279.98
4915.15
6006.98
2591.9
7116.71
4864.57
6869.76
8335.24
3837.23
4389.41
4926.02
7072.67
2818.94
8503.85
8053.34
3845.89
2834.17
7739.62
7088.39
7028.38
6808.64
7021.4
8359.67
7357.33
7793.18
3782.72
8158.56
3252.65
3698.03
8076.77
7405.65
7357.41
7925.98
8379.79
6429.73
6837.25
6335.67
4888.67
7248.4
7435.06
5044.6
5501.11
6496.43
5875.67
10708.1
3977.44
5857.84
6426.9
4680.07
4526.82
7308.1
6830.28
6218.93
5422.58
7135.62
6224.49
5013.28
6240.43
6050.02
3804.16
3509.34
6435.32
5805.36
6576.16
6136.55
5999.17
5735.2
14660.1
9668.77
3315.07
6070.25
9962.67
3595.21
5844.98
4490.97
6091.4
2599.58
9829.08
5073.11
4891.3
8842.31
5217.98
2391.41
4531.3
6114.94
4234.54
6700.21
5138.48
8040.7
3789.89
6622.82
7524.41
6321.44
3704.32
4444.23
2524.31
3928.28
7225.36
3125.91
3629.2
5921.31
6413.08
7430.34
4966.7
5625.95
6241.46
7378.31
4445.53
5498.63
5909.73
7222.81
5505.78
6138.82
4838.88
5545.07
4944.42
8227.59
6984.84
4193.05
9329.72
4743.71
5962.04
6141.44
7548.41
5618.78
7926.6
5305.37
5194.73
7722.44
2594.66
5072.48
2704.01
4746.53
5955.72
6308.77
5200.08
4744.29
2719.42
3571.32
6387.07
5384.59
3129.01
6168.88
3966.94
7199.2
7580.03
4893.41
5608.34
3937.9
9104.86
6150.54
3660.3
7138.31
4505.66
6864.13
7020.06
4704.15
6769.96
5541.53
6380.01
6888.17
4451.59
7118.68
5452.32
9033.48
4174.86
4795.44
4696.94
3528.67
5571
5614.32
8503.67
4456.3
8535.14
3271.83
4850.6
6132.83
7912.54
6498.63
6930.96
7059.61
5398.64
7896.03
5205.58
6180.1
3443.8
8408.74
7432.6
4708.78
4733.16
2820.53
5393.57
7842.96
5079.96
3633.52
5577.16
6404
2994.23
7086.6
6538.15
8821.36
4696.5
6712.2
4583.38
6478.53
5264.33
4448.18
6114.46
6473.67
6996.33
6370.12
4560.46
6907.8
6046.28
4022.5
6320.48
6675.33
2969.9
5124.87
2676.27
8537.72
6081.38
8482.6
4832.54
6949.08
6360.63
6381.48
6957.35
11627.8
4897.99
4945.2
7154.42
9462.85
7117.9
6070.54
4372.73
8260.37
3054.69
5829.94
6431.59
14597.8
6042.97
4160.73
6947.67
11527.9
14802.9
4811.46
13058.9
3913
3594.83
7564.88
5898.82
7964.76
6380.36
5870.2
3102.17
3963.79
4565.83
5182.85
7152.03
11663.7
4833.49
9968.36
13890.1
15591.2
2989.93
4858.88
10247.9
4564.68
3436.25
4667.92
3106.9
7190.57
9164.93
4907.06
5339.51
3914.82
7293.46
14264.2
3209.48
5458.99
14079.6
3796.9
7688.6
3371.81
4363.95
4966.08
3871.46
3079.29
4804.55
4134.29
3042.55
5413.54
5682.53
8533.23
5823.58
4984.14
6067.23
9010.71
3387.2
4441.57
6357.04
7842.2
5947.9
5918.64
5923.72
4351.24
6035.97
8051.6
5879.85
5251.42
4295.52
8304.81
3025.62
6786.05
6811.19
5257.78
5104.77
4327.25
7429.75
5538.08
6898.52
6341.19
7257.24
4197.73
4386.91
6214.05
4630.97
4429.68
6766.21
8243.7
3087.81
5810.71
5617.58
4448.62
6087.33
3625.75
7926.22
2988.35
2936.48
3065.84
6640.48
4935.49
9547.23
7413.68
5222.29
9108.69
4400.54
7564.73
6862.65
3005.42
5145.33
6367.71
4532.64
3181.89
4297.35
2928.81
5192.2
4793.46
3845.36
8935.7
5438.11
13709.3
5961.22
4844.92
5097.16
5780.89
8014.82
4247.11
8155.51
5544.15
9389.54
9128.52
4470.13
3413.07
8412.8
7000.52
6574.85
5811.79
6069.01
6514.24
5779.88
8090.62
5242.66
8846.4
3663.13
7376.32
5286.26
3146.59
8152.01
5044.97
9144.64
6462.9
9685.19
7732.08
5271.09
7201.18
5869.64
5531.85
3783.61
7230.21
5273.96
3496.1
6730.45
3274.06
5743.6
3801.43
4929.85
4947.22
4710.91
4670.87
13544.3
6248.37
4856.34
5187.02
3122.13
5785.17
3943.12
6900.05
7037.76
5886.84
6719.11
3701.91
5844.04
6209.04
6524.44
5269.04
5325.42
6193.31
7467.03
5822.81
4103.42
6694.43
2878.25
5411.02
5498.92
6794.05
5312.95
7082.56
7557.02
5226.8
5312.89
2618.01
6208.11
3491.13
7455.46
5278.55
4413.32
7368.6
6458.52
4470.23
7034.55
7474.25
3975.68
4975.71
7927.06
5101.55
5761.36
3258.12
3502.62
6570.95
4226.94
6604.7
10521.2
7248.43
6198.4
4269.53
4841.03
6319.15
6576.74
2868.33
5957.34
5473.33
3624.78
5233.35
3193.63
3940.76
5809.73
5753.97
3307.18
6329.3
7655.14
5994.39
3199.57
5675.87
7530.7
3106.11
3486.61
4097.01
3484.78
5349.35
3454.87
3069.29
4599.89
6483.97
6277.08
4060.35
10681.2
4120.68
5328.8
9156.79
4688.11
9224.93
3069.6
5911.48
3203.38
5187.72
6608.05
5033.81
7553.72
5024.7
6678.61
3033.29
4569.29
5094.44
7478.6
5901.75
5422.91
3146.93
4424.67
6048.11
6741.94
4017.46
6298.32
3479.78
4199.92
4935.04
4012.02
2469.47
10990.6
7483.78
4383.15
8917.06
3064.83
6072.5
4410.72
2565
5653.02
7905.94
5379.55
3982.55
2982.25
3274.82
5057.11
3013.44
5140.63
5528.65
4495.04
4546.94
6747.23
4148.19
5815.99
4838.2
6988.8
21708.5
5093.68
3684.7
5578.75
8201.48
3646.38
4971.62
6036.37
6635.9
6517.78
8361.53
4644.39
5443.2
3409.91
4536.84
4039.65
2787.42
5088.44
8113.79
3706.93
3511.48
9051.15
2429.28
5131.08
7868.29
7343.45
5748.82
4661.07
4326.07
5656.07
3043.56
5202.92
5258.52
6053.55
3790.92
4314.1
2911.77
5598.23
6975.39
4298.4
4480.2
2918.68
3716.89
5353.41
5633.82
3843.46
2454.91
4824.01
3794.51
8593.92
4842.3
4180.6
7175.92
10335.9
7074.56
5475.37
5850.21
6269
5986.64
7680.1
2616.14
3978.79
3925.35
5465.41
4307.35
6499.7
3168.94
4607.97
6425.23
3816.2
3215.68
6087.1
4325.88
4163.47
3142.46
3023.19
3490.69
7714.21
3025.84
6669.3
3124.44
3239.27
6921.31
7689.84
2328.87
4974.35
6730
5359.58
4164.81
3282.04
6799.92
2993.15
5235.25
5087.95
5219.27
6381.1
9236.22
5104.14
4865
4310.93
5310.69
4939.05
6413.74
6250.68
3901.87
4389.71
4795.25
5901.39
4521.24
4940.85
7230.19
6045.37
6887.12
5488.46
5098.32
5233.8
3672.85
7620.81
6862.59
5357.7
4794.46
4722.35
5223.8
4204.75
4452.97
4738.42
2986.85
4978.71
5091.5
6194.64
8517.52
6071.66
7165.07
6837.39
6386.21
8618.25
5581.82
4615.26
8233.02
2758.51
7431.46
4417.79
5382.47
2893.08
6990.18
6789.64
5410.65
5882.79
5212.21
3020.28
6805.56
5609.81
3036.65
8006.35
8619.28
6610.42
5563.44
8871.27
5020.54
9392.09
4400.94
5210.15
7707.82
7703.6
5806.28
5702.51
5906.24
6707.88
6489.61
4600.26
4989.54
5693.81
5620.46
6210.77
8611.12
6111.02
5798.79
2461.8
3907.37
2928.38
4278.54
4953.03
5539.34
4851.26
2677.35
4255.17
7068.27
5611.87
6247.51
5706.67
7431.54
5105.62
5164.95
6441.53
7059.28
7628.73
4287.58
5647.44
6549.21
4681.44
7004.56
9166.82
6619.61
3001.93
5556.01
4688.38
2836.04
4505.11
5192.05
7922.91
2668.58
5918.52
4872.28
3581.99
5803.74
2195.68
4280.58
4722.2
7704.83
4701.43
11687.8
5565.31
6605.18
6687.69
5049.93
7838.2
5088.23
5410.03
8420.15
9234.97
7048.76
4168.97
7282.67
6505.09
8050.73
5450.66
2345.3
8028.98
17068
5609.96
5282.58
7670.75
8443.82
5622.17
4878.29
9364.24
7810.27
3511.8
5568.77
6392.32
6140.72
2959.29
6496.96
4998.37
3363.94
6472.74
7064.21
7352.67
7610.32
10092.3
6682.73
4914.29
5259.41
3748.42
5661.36
5792.51
5463.99
4597.08
3316.94
5315.27
6564.85
5341.28
2480.69
4043.21
6003.75
4030.4
6691.43
7460.34
7843.2
3533.89
6725.1
5528.58
4618.02
8211.97
6914.2
4464.45
5799.07
4282.2
4590.5
3841.7
4449.41
6524.73
4432.02
7173.29
6778.38
3660.77
4137.06
3308.55
5607.73
4430.63
4821.42
3549.08
4672.91
4404.23
7044.3
6238.59
4684.76
4973.18
17816.6
4526.64
7068.1
8575.33
10067
5807.15
3342.24
7850.14
6867.26
5114.14
6684.67
7332.58
7588.2
5128.19
4618.73
6476.06
3291.66
3568.06
4902.34
5570.87
5626.82
5422.6
9332.34
7222.5
8607.75
5005.29
5513.42
6148.14
4803.2
5852.94
8049.58
5494.17
7069.55
4782.2
2308.29
6292.45
6531.65
6326.77
6920.29
5336.68
3423.75
4536.23
5498.66
3345.98
4815.6
5424.91
5026.57
4990.05
9280.41
2546.63
5506.32
5812.12
9837.33
6081.51
4561.2
5569.89
4482.45
7469.26
5046.8
4592.26
8521.61
4338.03
7710.62
4070.63
6926.41
7221.7
5127.04
8460.51
5716.42
4951.1
2703.16
8534.28
6716.51
5849.76
6153.39
4431.75
2686.47
5980.2
7321.56
8249.82
2822.46
5792.88
4346.28
2662.1
5497.73
2864.62
8358.81
6038.94
7178.07
3833.48
5816.66
7020.2
4056.08
3047.04
3928.35
4256.77
4671.22
4691.27
5049.22
3696.2
4352.62
4422.96
7645.01
2704.94
3371.62
7163.32
14276.7
5238.48
5864.53
3317.06
3201.4
3967.68
5635.96
7118.75
5153.18
3257.32
4798.32
11481.2
16947.7
3760.17
5443.5
3350.91
8955.31
4488.27
3682.06
3332.73
7472.51
3998.61
3283.94
3074.32
3696.06
4410.98
3668.07
7926.4
3720.98
3556.62
3228.28
12482.7
7503.97
2558.26
4400.56
11873.3
8201.18
7606.41
3211.78
12407.9
6429.73
7541.59
4180.14
4726.87
4747.16
8300.08
4606.67
4987.89
3248.06
7864.36
6037.31
7893.18
4591.28
5154.27
3414.95
8314.14
3158.29
6763.75
6871.73
4578.15
5041.06
4907.47
6373.91
5442.23
6739.54
3976.36
7359.08
7494.89
8754.7
4142.85
4324.16
11665.2
3985.96
6777.84
3525.19
8243.72
5616.78
6911.9
7689.59
2932.12
3637.65
3436.71
3685.77
5171.01
6453.16
6996.82
7015.04
7052.87
6314.65
5404.35
4834.62
3619.03
6062.89
3129.24
6416.41
4079.04
6497.61
4200.53
5882.23
5547.75
5609.82
4899
3550.14
5541.52
6038.32
5860.84
4344.09
2417.77
4306.24
6496.31
4765.29
3692.62
7546.35
5373.8
5228.1
8752
5138.07
5051.2
6375.7
4693.84
5369.32
7338.49
3408.65
4674.59
5544.07
5735.63
4586.82
5106.41
5686.82
4677.7
4161.55
5548.7
5887.04
13206.5
4854.29
3417.19
5490.4
10693.7
8094.66
13183.1
7856.5
8430.59
4524.94
3976.57
8335.15
6486.1
7713.77
3269.62
7611.98
5086.14
4965.68
7524.56
2794.91
4917.15
3696.64
8116.95
9125.55
3724.59
6034.79
4484.51
5056.91
5719.31
4703.82
4402.17
6401.37
12403.1
4945.29
5278.18
4760.96
3670.12
6234.48
4141.72
6159.13
4553.54
3783.79
4324.69
4281.53
6159
3549.19
6852.48
6908.84
4456.08
7153.92
2731.94
5657.64
3429.29
2966.68
3946.2
2319.28
5380.07
3266.83
3939.54
3259.85
5088.2
5459.69
3553.25
5838
7353.99
3243.63
3768.91
4138.89
4879.11
8719.97
2827.3
7713.3
5177.5
5168.87
4950.62
4164.45
2974.05
3993.54
4228.18
4549.95
3442.81
4530.97
4916.14
9190.2
3228.36
4942.48
3547.21
6955.45
4239.22
3972.41
3532.92
3237.14
6046.83
2879.31
7091.68
2708.82
4309.69
3941.61
4418.91
5217.77
6630.98
6697.24
2859.86
7376.41
5233.36
4683.76
4233.76
4300.12
6095.23
3984.1
8881.67
4172.46
3358.4
4495.71
4750.91
4632.41
3694.07
5198.79
5306.93
4469.41
3396.12
4790.35
2791.13
3550.91
5216.9
3129.11
4072.83
7163.47
2990.62
3690.61
3109.5
4550.62
4299.92
5139.3
4574.15
4176.47
2530.62
3937.44
5456.99
5064.14
3524.52
5412.31
3915.53
6530.95
5791.76
3292.94
4027.25
3813.95
10827.8
4273.61
3508.58
5992.47
4724.53
4828.19
2853.82
4706.51
5422.58
3405.25
7291.19
4078.11
2947.14
4835.62
5261.95
5115.51
4321.57
3424.41
4819.87
5879.99
5289.71
3936.02
4909.14
4112.61
3021.01
3317.46
3535.68
4596.04
4095.25
3688.23
5055.29
3855.1
4564.37
4727.9
5168.48
3453.42
3743.39
3402.46
4020.83
3546.28
4104.84
5437.84
3991.91
4747.5
6936.14
8648.54
4293.22
4125.11
3051.55
3640
4362.73
4000.35
5155.72
4516.15
4442.17
4322.76
6166.39
4054.29
3616.26
4440.38
4190.86
4201.33
6139.48
3394.82
3579.66
3679.73
3186.29
7961.76
4692.69
3043.13
6075.33
14665.8
7517.03
5427.44
3263.27
5609.05
4285.81
4541.1
2605.94
4574.72
4745.07
3635.77
3573.99
3432.48
3808.48
5576.19
5864.39
3710.29
3326.77
4070.14
12596.3
3055.59
3608.06
5882.84
3515.44
4628.83
4558.76
6364.24
4964.44
3781.48
3226.5
6727.37
4892.19
5387.54
6995.75
5725.73
2990.49
7758.58
5927.82
7053.48
3713.92
3510.46
3339.91
5504.19
5043.22
4697.26
5746.84
4631.36
4133.79
8626.43
5609.03
9555.94
4021.62
4074.57
8740.19
6267.42
7652.42
5093.47
7463.18
8033.71
7333.24
4619.64
4499.47
3171.76
7282.89
5555
6829.84
8027.46
8373.41
5116.91
3674.17
8382.26
2739.67
4802.2
6531.26
7498.62
7306.12
4432.24
5485.45
5713.72
2956.95
2916.73
7590.92
10525.5
6189.57
3983.67
8638.39
2614.09
3272.03
8908.28
4348.82
6555.36
4699.19
4892.79
7619.41
6287.35
7897.94
6274.56
4330.04
5470.73
9079.03
4226.32
2598.74
7746.65
4984.31
7329.05
7564.43
6949.45
7270.28
7134.64
4097.32
5557.18
5986.31
6786.85
2497.64
5108.11
2672.86
3070.8
8408.61
6212.96
5564.38
7023.6
6940.66
7343.84
4660.14
4980.03
3599.81
2151.54
4901.89
6702.26
5309.89
5521.39
4501.71
5303.09
5283.17
5902.43
6919.55
5506.29
6592.01
4216.97
6432.53
9024.1
8793.13
3468.79
4808.01
7372.84
5340.05
5824.49
2887.33
4362.16
3300.04
7602.2
3531.98
4706.98
10675
7254.47
4493.23
4930.95
5762.6
4799.39
2862.94
7139.21
4030.18
4993.29
7403.42
3049.46
6247.1
6351.11
4708.24
4949.04
4328.49
7219.03
4799.81
9283.99
7906.14
5048.82
6915.79
7890.33
6212.06
3700.25
3469.63
4203.21
2476.89
5382.52
6600.95
5416.16
4941.25
4594.16
3840.65
4847.82
4512.56
7294.33
6890.31
7060.77
6245.81
5991.79
4100.58
8406.06
7457.61
7714.91
5954.42
2489.21
8660.75
4566.44
6869.98
5989.93
5026.5
8178.77
4416.12
5585.01
8235.48
4011.4
9138.45
7909.78
6481.49
5953.13
3087.5
5215.75
4446.99
4080.84
8843.83
5727.61
6004.52
5368.96
7659
6820.02
3439.53
