114.767
119.862
76.0221
101.107
110.155
130.848
118.382
55.9318
129.393
120.386
51.6032
78.3688
49.6306
76.3377
110.618
92.3637
120.286
48.9986
109.063
118.242
50.1353
142.726
52.9257
74.2867
63.5088
103.435
108.326
108.837
47.8791
123.045
101.719
117.539
58.3231
42.4344
104.261
73.7431
39.7308
61.9985
43.7665
71.7931
118.144
114.608
107.223
129.235
106.654
125.576
113.649
130.72
108.645
70.9899
110.898
106.012
128.385
112.821
114.3
140.465
54.2716
113.849
38.6107
79.3045
76.0186
103.588
133.33
111.804
67.799
115.811
66.8686
65.4138
138.262
89.4757
53.4017
62.9695
43.2854
109.468
46.3872
43.5226
51.309
47.3836
77.4597
51.1564
59.2232
53.2747
45.4946
29.0011
63.7014
38.9383
33.0227
41.1623
51.2404
45.0043
98.4642
33.9417
39.4976
41.7589
37.0495
51.7584
47.1138
35.5539
41.1081
36.0658
42.9057
109.394
42.1584
48.9738
40.2897
40.7343
59.9492
42.8027
127.343
142.416
117.758
69.279
105.551
77.9419
46.5556
38.8486
120.619
62.2399
126.808
108.811
53.835
61.8228
73.347
60.9732
73.3859
54.0626
77.3329
52.9044
63.4181
108.571
83.3932
96.49
106.048
120.744
107.684
38.2581
110.871
122.15
79.3052
110.125
39.72
121.599
118.839
116.801
146.6
65.7151
87.477
70.5911
119.779
89.1536
60.9355
47.2849
58.7155
66.0698
69.3605
55.1738
113.566
81.5615
48.5646
154.665
35.8717
91.9371
60.5234
46.1655
44.4569
102.72
36.0929
61.9116
39.1539
32.7467
45.8676
69.1063
34.8156
47.6899
37.3973
33.7876
35.1533
40.7682
41.5012
75.0791
44.7811
47.3509
30.3787
41.2549
41.6786
42.1419
40.6407
36.737
46.4104
54.5217
61.7247
62.1274
70.927
36.6699
50.1616
51.87
39.2246
102.68
50.9719
44.9043
115.89
83.656
44.0699
62.97
35.6655
76.1145
54.5599
124.639
108.885
80.7466
66.2087
122.942
73.8061
116.2
80.6545
125.08
114.627
88.1643
140.777
120.891
59.025
97.5149
114.9
59.4299
84.5407
130.54
123.012
129.059
45.1956
39.0886
55.8166
54.306
65.7222
67.2451
68.1711
73.4491
35.8492
96.8545
41.0903
43.8069
48.0353
64.6675
47.1139
95.6954
58.5509
38.9219
55.7861
40.9242
35.5812
51.4646
38.6732
38.9767
41.2071
32.3014
50.2853
56.4371
65.461
119.096
40.6865
40.5325
35.0985
38.1746
36.7721
47.7695
49.4135
38.0024
40.323
40.0063
69.9582
43.5502
96.6027
40.0475
57.5445
58.5494
45.9897
66.9135
66.6423
61.0489
38.171
80.9868
121.731
61.2208
112.732
47.2524
119.854
42.345
129.371
127.541
67.9158
120.126
115.549
78.0521
111.312
117.392
67.579
140.509
113.663
114.376
115.382
113.765
126.96
64.5943
122.012
54.3406
44.1896
44.6192
34.3235
81.6032
46.912
43.7173
33.4594
61.4633
75.414
36.3595
77.8456
105.13
38.9648
39.7552
64.4789
45.5966
50.9199
46.7
66.0642
108.793
67.5652
51.263
51.6084
96.3279
59.9498
44.2069
41.0701
66.2649
37.7094
52.4189
100.621
51.1904
37.5617
53.951
42.9473
55.0662
34.8665
36.4267
75.0101
34.5273
60.1482
75.5249
52.2077
30.0426
53.4517
134.592
58.3363
44.6289
43.8147
34.6084
35.5785
51.3638
42.3038
72.928
134.492
108.773
110.966
128.596
150.78
131.024
52.4189
123.086
121.906
76.8849
56.8573
115.638
105.292
40.7077
128.506
129.449
105.806
75.8399
44.4972
111.981
62.7663
108.258
129.672
114.167
58.9009
59.4483
61.0437
65.7326
99.029
69.6919
113.368
124.836
54.5115
44.6686
135.871
74.8383
109.764
71.1415
115.171
58.3228
50.9352
71.3702
122.102
50.0522
67.935
38.5439
118.863
46.772
104.539
139.043
101.721
116.587
112.547
51.8044
113.124
123.871
117.702
115.874
105.521
116.62
53.4596
69.165
109.922
70.8665
62.2513
52.9138
57.3832
69.9164
138.509
112.167
51.4195
60.4975
57.1931
68.3376
55.8379
116.212
115.082
119.756
73.294
116.661
71.9578
127.956
121.886
95.2015
109.233
114.628
115.233
66.8814
117.378
125.9
134.236
106.227
131.382
116.349
53.0493
68.264
62.6885
66.2466
119.545
123.088
105.063
73.0123
123.558
106.685
119.701
132.187
71.8414
116.061
109.134
121.554
130.182
120.081
57.9157
66.9344
114.398
115.843
135.004
49.7545
95.8787
117.979
129.373
118.404
101.079
121.675
138.749
65.2482
65.1325
69.6522
100.826
107.534
63.4389
118.496
130.985
67.7402
61.9528
111.281
98.9504
57.8311
114.909
41.5577
77.8166
70.8266
39.1956
109.93
125.042
142.234
120.344
109.427
146.473
100.499
63.7362
90.6449
72.9389
72.7253
126.9
128.941
58.302
65.7479
105.599
105.695
76.0518
153.845
61.3191
119.679
50.4704
103.957
101.163
69.5819
63.1549
78.3908
62.7906
69.1181
71.3391
54.9366
76.0516
72.0803
110.627
59.0101
70.3584
72.8709
70.3104
66.0918
114.549
71.9528
101.725
69.3118
61.0195
110.86
61.6434
103.697
233.577
108.137
90.8441
91.4393
97.7179
34.2784
118.935
100.907
96.9715
99.6373
100.723
115.237
99.2711
108.083
75.8969
100.347
117.275
99.8982
129.011
109.224
109.989
116.74
105.862
38.5718
120.371
97.5668
33.1204
46.7691
125.604
94.214
114.094
99.411
94.8197
89.697
106.499
100.49
92.6193
107.07
68.272
57.6779
117.987
42.1333
98.0548
43.6438
36.251
54.4863
46.8383
63.0325
40.6192
39.2761
103.476
92.8634
50.9664
112.906
84.0946
110.613
60.9954
91.3934
54.5581
31.9774
37.5771
54.9526
39.6026
35.325
98.7092
46.4247
37.0964
34.5058
40.467
45.3598
35.4714
48.9802
48.2944
52.4891
57.0467
90.1564
54.4464
60.7943
51.0069
56.4025
66.3731
56.4246
111.857
38.2461
40.6121
43.8593
76.97
99.0663
102.652
41.6617
119.514
59.2883
61.52
52.8919
42.0105
52.2174
37.0652
77.0266
52.0038
43.2656
49.0525
53.02
47.1141
52.4922
38.8478
34.8153
105.273
108.312
82.9226
119.803
97.5854
38.6936
63.3391
47.2411
39.0101
42.3407
124.697
113.201
40.3699
113.448
82.0054
40.5092
53.421
42.3482
40.0492
47.0582
35.6666
37.9162
36.9121
55.7482
46.9164
72.2188
49.7566
36.0527
115.115
70.2769
36.2866
130.493
86.5208
39.6126
64.8431
60.868
103.049
62.6028
50.4011
62.2863
32.0899
39.647
43.8422
32.9602
62.8358
110.058
52.9203
46.2201
55.8847
43.2806
41.3475
44.399
44.4139
32.4174
114.5
118.387
45.6074
63.1955
110.994
39.5706
59.6948
52.4578
113.556
55.1337
63.2873
55.031
63.3089
54.5697
43.1433
90.5846
35.7785
58.3231
52.7402
41.1009
50.6675
46.9475
37.6117
64.9823
55.2589
38.6329
110.868
36.7942
118.358
52.3211
57.3241
110.895
35.9088
52.2632
45.4397
81.5736
60.5885
116.115
61.7943
61.8856
59.6218
44.1604
43.1172
42.0642
42.7411
40.2028
62.7681
53.8219
103.822
61.0315
50.9266
42.5677
62.3553
92.7188
59.3915
128.931
120.69
59.7082
40.0848
115.688
58.8779
133.464
43.5541
53.3798
63.3773
59.167
31.587
46.3168
55.8396
55.3904
77.649
114.045
50.1289
78.9567
39.3509
32.4554
52.5605
53.3174
57.0703
53.98
37.9032
113.403
114.48
53.6275
54.4421
71.7151
43.1972
29.6905
97.7068
97.1518
102.087
48.6202
99.9779
118.155
122.056
113.909
135.154
115.247
119.329
72.5802
58.4661
40.8107
62.9617
98.1649
113.633
71.6135
64.3714
78.1582
92.7142
62.3196
62.3398
83.4753
94.879
97.8499
63.2088
78.6443
54.9429
100.258
55.8333
54.3858
93.4679
54.8539
83.7738
55.659
92.2651
108.563
59.4183
107.491
140.202
105.001
114.317
93.2252
117.878
121.64
105.498
98.7391
83.7458
89.9487
59.6497
119.877
109.615
84.7162
60.1879
40.1355
75.7502
42.782
93.2001
102.15
125.934
100.586
127.504
52.0459
116.242
113.586
109.72
58.7465
50.561
82.1335
67.3969
86.9782
113.327
44.6489
129.932
80.1987
65.7765
85.0124
72.9704
129.993
156.289
118.537
114.458
128.774
93.7499
121.449
104.141
105.646
88.2839
156.317
74.2443
126.51
56.8399
80.1756
156.454
107.421
69.8908
38.7241
100.452
175.364
145.364
178.45
94.0208
139.741
45.9417
87.5513
81.3484
39.8942
38.778
85.8557
83.2395
94.2121
85.1977
86.5306
66.2531
187.714
76.563
99.8576
57.1647
102.411
81.0676
60.4863
130.001
66.8776
77.9657
89.4545
58.3511
65.9654
57.4499
83.4484
122.627
193.378
95.4606
108.723
84.3531
59.8732
56.4068
88.7884
60.664
62.1961
89.5183
97.3188
53.1474
64.8084
72.4768
109.351
55.8704
100.788
123.986
93.4897
106.013
213.459
81.5997
56.3427
65.8568
239.731
87.1801
63.0387
80.654
65.5995
65.3266
60.4073
57.7482
91.5
54.3864
62.7611
74.6023
46.7756
63.9458
102.237
61.1888
53.3238
74.2443
120.765
85.2999
78.2924
117.376
46.4561
47.7052
63.2532
57.991
42.4635
119.288
70.4634
72.7841
107.126
36.2741
94.5554
79.6543
79.1384
69.6331
118.125
64.006
160.15
89.1596
84.118
114.603
82.0445
133.979
73.0573
52.8332
54.876
128.401
39.1533
64.942
63.7807
62.3693
55.7382
110.215
95.5306
74.2708
115.619
80.8225
145.14
120.633
117.312
38.1348
80.7256
36.8097
68.4776
104.585
58.0564
104.034
131.914
105.071
42.1176
78.5552
39.8054
157.301
132.629
76.2067
96.4362
66.1337
75.571
80.2102
129.648
66.0657
56.2568
78.0143
61.9544
73.6963
63.531
74.9481
43.5126
130.774
64.4493
118.265
60.4067
127.896
125.058
81.5566
47.3266
83.8514
68.5803
60.9551
72.1086
129.633
70.4745
141.885
125.707
69.7736
40.9295
65.8961
65.7569
93.3068
43.1202
126.416
105.599
85.3849
65.2725
75.9133
58.3354
130.909
159.797
116
103.9
79.9765
84.7961
51.3936
62.5788
131.051
128.351
74.3271
48.4559
150.201
34.5308
89.7273
123.927
71.0019
77.3078
120.59
138.025
53.3789
142.847
70.7414
71.7604
61.592
54.7618
112.653
73.6946
61.3711
36.4064
128.155
84.4427
81.3473
83.245
57.6912
67.5487
87.7991
79.2889
71.4946
74.43
38.6948
42.3684
35.1315
39.7853
40.3962
37.7221
43.0158
103.223
62.9084
98.0124
39.685
94.5513
96.7883
84.5137
105.512
42.356
36.6316
41.5645
38.7705
36.4953
36.7798
36.9028
94.8558
117.539
39.1937
31.5043
115.652
61.4824
66.1047
96.8375
48.7989
112.426
68.6052
58.6211
76.6032
102.066
46.666
53.6232
39.165
98.3142
84.8694
103.367
119.642
78.2311
51.6148
58.362
57.7254
32.5939
49.3293
37.1697
42.5183
40.9862
42.8529
106.96
38.5189
40.9985
35.2402
34.6277
38.796
38.2109
47.874
38.6293
49.9439
44.6487
97.6309
36.6358
52.8545
43.1092
34.1003
42.5874
45.67
37.4962
33.7802
38.8957
48.2568
109.762
39.7898
138.358
100.217
45.0332
132.734
47.9176
41.1659
32.2901
50.3102
40.2769
119.728
53.5181
48.3896
34.3741
133.287
40.9818
115.299
101.237
107.66
132.542
72.4927
50.2889
110.922
68.5361
47.2761
43.2561
38.4395
58.6664
34.3321
115.595
37.7311
108.227
80.5767
115.931
114.234
45.1107
48.2236
75.4536
62.3863
99.5981
120.147
43.5315
35.6889
112.739
103.591
73.2237
35.382
38.0706
40.5753
48.2993
47.8239
106.015
99.0547
48.3811
61.8561
74.6483
41.0991
74.4682
66.3976
68.6774
47.9639
58.3689
100.58
121.064
91.9368
96.858
101.216
60.4958
37.5073
35.9663
38.3802
33.0867
44.3822
35.2248
41.4962
35.8441
32.9151
110.608
37.8822
39.2468
40.5207
40.2177
42.3964
48.3666
37.3104
51.1559
42.3303
70.8856
52.3591
52.133
41.5472
38.5558
41.4611
44.1044
53.359
34.7642
41.0624
100.573
46.1257
135.37
41.8241
91.1551
105.606
134.426
47.8551
84.8947
61.6874
43.5901
33.061
40.396
103.036
140.807
72.6362
59.9652
43.7974
43.3519
64.754
89.1732
41.2241
48.8399
39.7136
100.98
60.5581
123.026
113.422
118.374
43.685
34.8593
71.4061
132.668
40.8849
47.4965
56.162
50.8187
71.9377
57.9139
34.3142
109.277
115.081
69.492
38.2613
54.8751
82.8991
59.3376
47.6225
43.4709
75.987
43.7661
112.591
41.2597
42.6871
45.3932
133.336
38.4926
123.19
73.8093
54.2986
44.365
70.6043
42.9794
117.244
113.151
56.8571
32.0123
124.512
69.6936
90.1334
59.4138
125.812
63.8925
45.5844
62.0998
40.1358
102.929
52.8487
34.9705
131.195
82.1607
38.7367
80.4081
92.0674
109.229
33.0926
38.3348
58.5392
64.4183
50.8906
66.9755
89.3105
48.4042
35.6476
36.3502
47.4581
125.733
41.2044
54.896
104.767
38.4683
42.7791
120.414
40.873
125.735
85.7754
51.5969
79.5373
65.3022
45.769
55.5519
111.474
37.6683
104.406
65.1844
111.98
76.0166
61.0753
44.9975
38.3425
54.6443
40.9448
129.874
44.657
79.3412
42.5615
124.356
58.49
125.069
125.163
122.561
40.4753
49.1676
74.0489
55.2226
40.0444
119.57
54.4859
116.659
110.165
115.294
115.335
124.128
142.163
76.5185
58.1968
91.766
58.6418
60.6631
66.4845
57.0739
119.989
120.161
102.268
112.293
47.5317
66.8051
37.7954
72.4742
56.9467
38.5025
34.1355
102.669
111.031
43.5848
66.2958
38.1473
58.6637
118.083
86.9626
64.7562
37.5779
43.0916
56.5619
48.9508
108.555
44.7812
69.279
46.0937
55.6019
86.6091
47.2208
83.8307
50.9297
83.728
37.2079
39.8562
49.9263
40.2837
44.2316
80.5539
77.3876
62.9223
37.4945
93.7985
53.148
77.6806
94.1246
36.3399
73.9923
39.4048
43.5543
45.4808
70.7015
74.5226
87.7182
47.6396
63.4838
86.9939
46.547
31.6819
35.1248
45.1225
105.674
52.1522
46.1417
49.5796
47.5635
68.9132
63.6774
58.1626
48.2932
69.1588
72.4864
48.1568
133.354
41.6668
41.1006
65.7598
61.1584
104.328
39.6837
36.6358
69.9883
63.4886
57.2409
39.3214
40.2747
74.3175
43.6926
65.566
61.51
46.4414
49.6994
62.0292
46.634
29.0273
88.3007
41.2824
36.1058
63.0637
37.5898
46.0013
66.1698
38.3304
50.7851
129.205
66.6686
83.6079
45.0164
70.5518
75.8228
47.6115
62.6906
31.7263
65.244
105.617
76.4422
82.0838
82.5184
42.418
34.8928
74.887
52.0756
61.5709
39.852
48.1493
54.9665
43.9843
44.2055
96.7772
48.0724
46.7355
49.7624
80.8517
36.5143
58.1573
92.1168
69.5081
36.4598
37.6073
50.5026
66.8209
79.8548
105.27
44.7789
51.2749
62.4431
71.6235
74.2316
71.7847
62.8206
69.1448
72.2151
83.0115
58.647
41.8174
75.7542
78.0823
61.8895
105.555
44.6787
122.176
95.423
105.419
83.4115
95.3026
96.5542
75.7996
95.4741
117.189
97.1302
96.5638
72.028
68.9158
99.7187
64.8563
82.1845
55.9608
109.299
67.4064
62.1539
116.206
114.285
75.2757
39.8906
39.788
125.496
67.9414
48.643
132.68
109.802
105.903
31.352
98.7187
117.88
96.6313
78.3854
67.1147
77.7306
107.544
73.977
79.8595
100.15
104.141
72.4142
90.5547
86.6905
44.4445
65.3043
43.8759
70.3829
117.562
104.507
96.6703
108.291
101.577
104.794
59.9923
47.7763
97.813
38.9443
34.1295
37.9317
37.3108
42.9376
36.8516
110.846
56.577
40.8341
40.5334
34.2268
75.8806
41.8426
41.4265
35.7963
37.4669
32.0182
36.4136
36.2358
44.2924
31.9158
35.7744
138.505
42.3577
125.952
41.4342
61.4598
46.1189
90.1346
46.6438
59.2507
63.0337
49.3026
55.2732
66.1491
60.0806
116.854
105.432
66.7525
35.0017
113.594
38.5345
59.2285
37.9511
44.907
66.6464
57.9015
39.3691
36.2789
48.6078
43.1423
45.5044
102.412
55.7301
45.727
50.7513
77.8376
56.2926
39.9312
60.8664
35.8981
33.6993
48.1584
36.8669
41.3886
37.497
46.5487
36.6117
70.6844
39.712
37.2362
125.754
49.6626
69.4784
49.6322
62.1012
42.4131
40.0363
93.3933
34.3009
42.5815
40.4388
37.9268
59.1636
130.462
55.2674
46.537
90.0614
127.365
78.2028
104.018
67.9698
116.028
126.709
111.197
79.4934
103.519
55.5213
51.5437
116.894
80.7171
88.4425
35.683
35.2155
92.4508
52.8921
102.119
60.0939
103.267
36.897
32.9806
72.3507
31.4098
43.7887
66.2458
63.5129
35.342
70.9034
40.5741
42.8793
38.3987
36.6923
113.468
40.1095
34.9012
39.6228
39.7193
107.676
34.4925
42.0525
135.168
41.4807
38.462
113.941
104.935
42.6114
55.1848
118.943
61.4306
47.4497
49.9513
30.3855
57.7116
114.279
30.4381
88.7279
43.0724
44.5255
36.1218
42.6508
46.7943
71.9162
67.7802
44.7172
52.1626
35.224
35.1443
57.9153
37.5646
42.4255
46.0002
29.6369
52.214
40.1912
57.8263
38.2423
99.3575
72.2669
61.4655
70.9361
53.5211
61.6734
43.5975
65.2673
44.9377
40.1166
37.0445
59.2958
78.5112
56.7113
131.301
45.6258
42.0661
109.39
37.8856
98.3297
134.852
135.203
114.043
78.7674
71.2928
39.3419
65.1454
65.7541
68.1952
38.0121
72.6859
34.466
35.8168
38.3228
83.2171
42.6382
33.2613
55.5421
37.2155
35.0144
100.521
38.0194
31.3135
60.2105
39.4065
92.9894
66.3179
134.822
39.5515
68.4357
53.6105
37.5692
59.9418
38.0366
43.9849
47.9278
76.4846
37.0707
45.5105
107.223
45.9733
35.4624
38.2459
117.552
59.3447
33.9837
37.1388
127.899
61.6338
100.489
37.9145
36.7895
56.2607
44.5163
32.3396
57.9997
47.0006
41.7047
102.555
79.3483
55.7677
75.438
42.3674
37.8138
64.2
52.9709
50.5342
60.2412
57.2706
51.6876
68.8308
70.6192
66.5101
47.5111
72.0618
35.8594
126.037
56.3543
63.3684
55.5807
104.037
92.5986
38.1026
40.1939
107.136
72.926
39.626
38.7951
109.931
114.115
39.2177
58.7805
74.2835
127.12
37.0039
141.023
43.6442
56.6195
108.994
57.2746
55.2798
41.1046
104.557
76.9193
43.7654
122.776
41.5538
52.8774
45.2863
69.4258
71.4423
39.5709
47.3933
61.6521
99.22
66.9266
45.7807
66.6071
43.0097
44.9721
59.0878
49.6817
58.6457
36.3204
53.8179
72.0122
37.9712
59.1224
40.9024
51.1632
42.1939
49.6278
57.163
39.276
39.3383
125.195
65.9315
63.6666
67.1246
39.5065
124.201
39.5155
104.235
122.087
44.2053
38.81
59.929
73.5843
107.156
55.382
123.854
44.5989
86.3991
39.1584
32.5788
107.639
40.773
58.0888
36.2507
56.4526
65.3225
109.742
73.0462
53.0637
51.2309
122.849
63.0824
55.884
59.6436
