5579.42
5774.81
3825.32
5087.57
5485.13
6540.06
5770.62
2829.67
6447.06
6003.13
2599.32
3876.99
2504.67
3777.86
5552.61
4480.42
6009.34
2473.62
5473.05
5943.86
2534.97
7146.15
2667.65
3682.6
3212.28
5192.96
5436.43
5464.42
2422.44
6157.01
5110.87
5896.92
2935.17
2141.46
5243.68
3713.19
1998.3
3124.28
2211.98
3554.91
5926.89
5736.21
5398.69
6304.09
5166.63
6282.54
5596.28
6545.65
5321.59
3559.16
5572.26
5337.63
6193.77
5666.71
5574.33
6900.9
2731.33
5713.11
1946.94
4001.56
3813.96
5130.13
6625.71
5579.9
3406.0
5796.88
3356.32
3283.54
6772.57
4440.16
2685.8
3161.32
2190.8
5487.51
2348.55
2200.57
2587.38
2399.51
3817.62
2530.55
2967.67
2683.05
2288.45
1467.8
3206.85
1966.51
1670.28
2082.68
2593.31
2266.78
4909.17
1724.49
1992.89
2119.59
1868.38
2618.43
2383.98
1798.91
2070.48
1824.78
2171.43
5332.37
2126.17
2474.47
2034.17
2061.38
3011.67
2160.81
6377.06
7144.49
5734.79
3483.69
5319.43
3873.18
2360.24
1965.68
6073.64
3131.26
6368.84
5460.16
2708.24
3114.19
3645.9
3042.82
3659.61
2725.48
3857.2
2664.41
3156.05
5459.67
4210.08
4863.2
5331.03
6052.65
5420.37
1933.93
5568.35
6138.32
3958.19
5504.67
1996.81
6098.97
5960.46
5879.75
7277.97
3294.33
4346.61
3542.06
6007.48
4417.72
3066.34
2387.38
2951.12
3254.66
3473.75
2771.26
5521.3
3914.37
2458.08
7622.5
1813.58
4563.45
3044.68
2324.1
2245.84
5145.7
1829.81
3108.54
1984.5
1656.19
2322.02
3472.71
1759.52
2414.8
1892.55
1708.89
1776.53
2065.51
2090.52
3490.03
2260.85
2385.16
1537.7
2079.64
2114.15
2123.14
2063.73
1860.34
2346.09
2759.01
3077.08
3124.64
3540.96
1853.52
2530.75
2614.57
1987.2
4989.06
2572.54
2277.23
5822.16
3884.47
2229.04
3166.69
1804.07
3769.89
2744.99
5651.34
5484.9
4017.7
3306.94
6168.19
3400.14
5572.88
4023.34
6285.31
5775.12
4349.56
7003.93
6007.88
2959.01
4894.26
5763.15
2984.62
4090.98
6487.21
6177.35
6470.32
2281.71
1980.37
2814.54
2730.39
3295.7
3375.97
3427.47
3390.92
1809.15
4802.97
2077.82
2218.76
2421.05
3250.69
2382.3
4801.03
2946.33
1960.35
2526.08
2078.1
1798.15
2598.02
1957.65
1970.62
2080.11
1643.55
2533.34
2837.18
3292.49
5845.41
2062.32
2043.01
1769.64
1925.47
1854.59
2413.59
2501.48
1917.84
2036.87
2020.59
3490.73
2211.64
4692.08
2021.23
2875.31
2946.5
2317.37
3310.72
3344.82
3076.97
1932.92
3591.44
6124.86
3076.53
5659.31
2400.22
5855.41
2136.4
6485.76
6337.44
3381.0
6034.49
5557.52
3915.51
5585.52
5877.39
3372.27
7061.8
5405.11
5744.55
5786.98
5712.89
6391.99
2840.24
6117.26
2726.48
2235.9
2253.97
1732.06
4024.56
2374.86
2204.12
1689.39
3089.64
3481.15
1837.96
3905.71
5215.03
1973.34
2012.78
3219.05
2309.77
2567.34
2352.05
3325.61
5436.89
3394.04
2585.64
2595.23
4835.63
3011.55
2232.6
2082.27
3329.08
1907.85
2640.02
5036.91
2601.14
1893.63
2713.07
2174.82
2784.04
1753.78
1838.61
3738.73
1743.27
3039.07
3745.73
2651.31
1520.93
2689.66
6571.92
2940.44
2259.91
2208.59
1750.35
1807.01
2587.34
2132.33
3402.88
6682.69
5454.0
5583.7
6382.04
7400.31
6238.21
2653.84
5883.57
6100.64
3834.28
2884.7
5804.32
5307.78
2053.98
6442.39
6504.47
5320.29
3765.24
2248.94
5581.35
3154.67
5350.44
6488.63
5741.69
2943.28
2993.83
3071.68
3284.16
4811.83
3507.02
5688.44
6211.34
2766.34
2267.55
6509.94
3724.28
5525.33
3571.97
5740.02
2935.78
2566.84
3553.84
6115.1
2543.11
3420.32
1946.88
5973.63
2361.01
5271.57
6972.06
5110.19
5865.46
5662.83
2610.59
5687.19
6216.22
5913.77
5811.43
5325.58
5805.5
2686.62
3481.13
5022.92
3517.8
3107.75
2686.53
2870.72
3491.03
6946.29
5654.07
2591.95
3024.29
2876.04
3438.47
2813.5
5835.75
5774.55
6006.59
3653.36
5869.6
3567.33
6360.88
6123.65
4800.15
5500.35
5524.2
5794.5
3285.55
5785.65
6285.87
6737.2
5282.78
6572.54
5854.75
2672.47
3436.04
3144.23
3297.45
5986.04
5584.2
5289.77
3628.68
6150.89
5371.45
6018.55
6610.17
3588.42
5818.7
5200.51
6107.79
6511.95
5929.33
2896.55
3338.19
5710.56
5822.33
6785.61
2502.56
4820.88
5934.17
6483.23
5915.52
5072.36
6100.4
6921.85
3258.54
3239.52
3480.21
5074.62
5333.49
3169.13
5958.68
6511.7
3378.47
3119.92
5517.99
4955.56
2907.41
5589.5
2102.83
3867.3
3540.18
1981.54
5480.84
5625.32
7030.69
6031.15
5294.02
5619.35
4959.62
2694.24
4508.96
3618.83
3633.05
6326.79
4858.01
2887.82
3285.12
5268.89
5259.31
3775.8
7150.63
3061.83
5789.35
2058.1
5240.75
4895.56
3466.02
3160.98
3902.34
3134.26
3426.65
3563.98
2743.24
3798.4
3581.24
5541.3
2948.98
3513.49
3615.04
3505.96
3310.15
5741.22
3577.17
5061.54
3462.24
2570.8
5507.33
3107.66
5031.86
4400.67
5453.19
4570.66
4340.97
4883.5
1723.48
5827.89
5084.01
4874.16
4916.82
5056.62
5707.34
5017.62
5355.94
3848.34
5027.52
5825.82
5015.58
5744.12
5343.68
5257.79
5830.69
5316.57
1952.26
5025.8
4887.94
1672.3
2341.7
6272.41
4687.76
5585.33
4719.23
4736.48
4501.62
5188.79
5045.04
4548.93
5358.38
3396.43
2893.51
5863.36
2112.44
4923.31
2182.37
1841.58
2703.14
2365.14
3075.67
2053.98
1986.84
5177.18
4694.75
2569.99
5671.12
4188.96
5551.42
3060.84
4527.01
2701.02
1616.52
1889.29
2720.34
1996.71
1777.69
4933.1
2339.13
1865.07
1745.23
2043.68
2281.48
1790.0
2478.11
2445.47
2646.13
2873.7
4542.38
2745.49
3054.99
2582.72
2847.36
3292.0
2846.2
5529.73
1936.1
2051.77
2206.51
3846.03
4903.23
5147.75
2105.94
5999.11
2928.42
3096.96
2666.1
2119.6
2632.24
1877.41
3833.44
2622.66
2190.78
2473.93
2688.4
2375.59
2646.51
1974.82
1759.49
5318.91
5318.07
4128.2
5999.53
4891.82
1953.35
3180.76
2366.98
1972.34
2132.47
5219.17
5682.87
2038.1
5132.95
4112.04
2040.66
2656.31
2133.75
2023.34
2380.49
1803.17
1919.67
1869.06
2808.06
2377.9
3611.92
2509.59
1817.32
5728.04
3538.15
1826.7
6490.76
4370.89
2002.22
3261.16
3060.44
4992.84
3151.8
2548.02
3133.21
1628.51
2005.56
2216.94
1664.3
3154.34
5533.77
2682.56
2339.63
2817.2
2181.43
2098.39
2236.3
2250.92
1639.79
5657.56
5936.62
2302.18
3177.27
5382.24
2003.8
3009.79
2642.44
5663.02
2776.96
3182.28
2778.92
3190.27
2759.18
2180.13
4557.62
1808.84
2939.75
2661.07
2072.87
2565.25
2378.47
1898.49
3273.3
2678.34
1955.36
5578.63
1857.52
5843.41
2650.36
2884.99
5564.68
1819.19
2630.61
2300.95
3413.96
3049.38
5843.97
3109.29
3118.64
2998.67
2229.59
2192.85
2122.65
2155.11
2047.07
3155.99
2703.86
5035.21
2985.94
2568.95
2159.89
3137.98
4587.75
2993.57
6466.25
5991.61
3007.12
2028.22
5823.78
2965.17
6697.76
2197.15
2687.78
3193.74
2983.17
1603.5
2338.93
2815.05
2793.82
3904.38
5700.4
2530.97
3293.7
1992.3
1643.25
2650.84
2688.16
2875.56
2723.36
1914.65
5711.47
5738.26
2705.07
2747.52
3608.14
2179.92
1510.5
4921.79
4865.54
5108.31
2396.98
4987.07
5766.1
6120.93
5716.67
6749.7
5723.26
5930.42
3649.1
2933.32
2054.8
3157.44
4911.91
5544.1
3571.66
3217.24
3837.36
4639.24
3126.12
3121.59
4064.05
4753.59
4719.15
3137.99
3948.78
2768.05
5002.1
2808.95
2735.84
4533.47
2764.32
4176.14
2799.5
4655.23
5409.7
2972.28
5380.85
6988.95
5235.67
5533.56
4704.34
5833.67
6096.25
5218.28
4959.19
4206.48
4505.54
2996.81
5997.49
5438.88
4271.39
3014.79
2028.8
3653.37
2164.3
4709.8
5125.27
5236.57
5027.57
6422.36
2629.94
5831.96
5730.24
5474.87
2865.08
2484.31
3985.77
3316.03
4401.97
5570.51
2259.15
6162.69
4036.36
3321.99
4280.5
3681.98
6464.93
7706.77
5906.28
5728.73
6485.48
4641.95
5962.24
5149.55
5179.43
4412.89
7697.68
3627.78
6237.62
2803.57
3926.73
7722.15
5287.15
3471.44
1948.95
4939.72
8653.5
7236.03
8879.0
4606.21
6900.48
2126.69
4337.87
3989.84
1906.07
1956.89
4316.58
4003.52
4687.4
4233.7
4301.02
3342.79
5097.17
3863.97
4982.96
2880.93
5115.74
4090.18
2972.21
6189.82
3246.56
3863.73
4506.33
2824.33
3292.56
2897.94
4196.78
6124.18
5187.41
4791.13
5462.21
4248.83
2721.08
2762.62
4438.39
2921.64
3076.67
4472.26
4878.36
2210.29
3185.92
3625.42
5504.51
2280.46
5065.35
6230.88
4552.08
5301.67
5708.91
4003.09
2845.46
3319.23
6597.36
4379.9
3111.71
3968.96
3304.68
3063.25
3014.23
2888.09
4519.8
2684.31
3123.4
3612.84
2335.11
2972.64
4947.25
2902.28
2692.62
3719.31
5958.04
4261.7
3945.98
5705.95
2258.56
2378.98
2884.98
2898.73
2140.26
5811.32
3407.49
3602.63
5349.82
1839.74
4352.7
3856.14
3916.41
3505.21
5859.16
3219.94
8021.81
4466.51
4183.58
5700.09
4074.67
6626.71
3628.62
2673.13
2460.99
6404.0
1977.37
3230.81
3140.09
3149.36
2814.9
5346.86
4466.4
3700.37
5724.04
4017.24
7261.2
5970.57
5827.5
1933.47
4021.91
1862.73
3446.46
5158.02
2584.24
5017.04
6527.17
4711.83
2131.35
3900.74
1997.63
7865.19
6567.44
3797.13
4785.19
3300.57
3720.94
4022.45
6458.11
3293.67
2842.19
3871.26
3115.46
3583.8
3162.19
3760.25
2200.71
6469.25
3171.22
5916.36
2778.88
6316.87
6269.72
4052.59
2393.04
4170.42
3319.31
3068.48
3594.19
6409.61
3476.63
7101.31
6238.07
3463.28
2074.5
3307.55
3305.55
4613.46
2181.54
6273.19
5280.87
4250.38
3224.53
3771.57
2615.46
6504.33
7992.65
5734.22
5161.98
3981.85
4211.81
2278.67
3153.63
6506.85
6371.04
3727.98
2450.02
7517.07
1750.17
4463.68
6136.7
3504.21
3823.05
6014.64
6824.92
2422.91
7151.92
3518.76
3533.97
3099.41
2765.19
5590.55
3697.79
3088.19
1840.39
6373.67
4200.61
4047.27
4127.22
2740.32
3367.15
4323.07
3955.23
3588.38
3708.95
1958.78
2147.24
1779.71
2013.59
2040.36
1910.01
2155.86
5102.57
3171.4
4909.83
2010.35
4729.15
4416.42
4162.27
5240.36
2146.58
1843.81
2096.62
1955.81
1835.89
1863.31
1862.83
4742.73
5684.47
1976.99
1591.58
5774.44
3089.2
3259.45
4866.8
2454.73
5616.43
3454.0
2940.76
3050.07
5067.79
2367.37
2716.26
1966.0
4871.85
4135.28
5175.99
5780.21
3930.4
2602.96
2940.24
2899.63
1652.35
2496.87
1870.72
2155.16
2075.32
2169.45
5366.1
1948.35
2071.19
1780.54
1752.19
1967.9
1928.78
2415.75
1952.29
2525.62
2264.35
4730.74
1852.63
2680.28
2174.2
1730.73
2156.95
2311.21
1903.28
1706.83
1963.7
2447.53
5476.9
2017.45
6913.33
5019.96
2274.99
6650.7
2409.45
2088.73
1631.98
2542.15
2046.21
6004.62
2685.95
2444.97
1732.97
6568.27
2060.85
5290.49
5076.81
5379.57
5571.14
3636.94
2126.36
5519.14
3447.72
2381.85
2183.67
1947.38
2953.05
1736.51
5814.8
1902.8
5182.07
4036.32
4773.36
5694.74
2282.73
2433.87
3781.4
3132.87
4995.82
5359.6
2197.13
1807.32
5534.79
5228.83
3675.94
1791.74
1916.37
2052.08
2440.93
2420.84
5301.33
4977.73
2441.88
3108.07
3713.76
2075.04
3733.06
3338.93
3451.05
2401.64
2940.9
4978.82
6080.78
4572.33
4778.26
5035.84
3046.76
1892.51
1819.12
1947.59
1669.05
2248.03
1786.65
2104.44
1821.53
1668.68
5538.31
1907.9
1980.06
2052.7
2033.02
2140.32
2453.74
1886.26
2585.92
2144.79
3557.58
2658.53
2639.51
2097.93
1956.06
2101.61
2228.99
2700.57
1755.53
2071.45
4950.21
2322.77
6405.76
2119.4
4529.48
5278.16
6239.12
2413.06
4263.43
3098.31
2205.88
1671.29
2039.82
4349.46
5572.15
3641.05
3016.67
2219.17
2187.63
3246.24
3605.78
2080.92
2473.18
2003.75
5034.24
3051.52
5477.25
5601.29
5882.23
2205.46
1758.17
3579.16
6654.05
2066.89
2395.95
2773.72
2563.76
3617.41
2917.66
1738.47
5482.28
5763.06
3490.66
1930.29
2763.88
4154.85
2793.07
2403.18
2201.26
3810.39
2202.79
4616.22
2090.05
2148.79
2301.94
6561.08
1947.54
5962.87
3623.74
2739.01
2239.61
3552.28
2173.54
5394.05
5647.57
2861.99
1622.49
6169.92
3495.54
4505.62
2998.29
5633.73
3215.69
2297.08
3122.26
2029.0
5162.71
2665.9
1772.49
6569.34
4079.42
1954.16
4028.96
4605.64
5471.34
1676.39
1937.53
2940.37
3235.24
2562.43
3361.74
4405.97
2440.11
1811.14
1836.05
2395.97
6301.69
2077.41
2767.55
4759.23
1949.58
2165.24
5958.94
2063.46
6228.39
4272.6
2588.94
3995.8
3276.62
2315.91
2794.54
5086.02
1902.46
5236.15
3282.21
5616.08
3811.06
3071.1
2270.83
1930.01
2752.73
2066.29
6461.35
2257.54
3984.58
2152.98
6261.67
2948.46
5606.37
6273.65
6111.54
2043.08
2478.77
3718.63
2785.54
1984.11
5997.69
2745.37
5876.05
5528.67
5801.55
5787.13
6130.96
7118.15
3777.22
2919.18
4613.88
2950.04
3039.25
3149.83
2841.93
5542.51
5766.23
5134.86
5608.65
2398.43
3359.7
1876.71
3636.1
2858.4
1948.42
1730.37
5094.38
5497.39
2201.58
3328.41
1932.21
2952.66
4770.77
4321.27
3268.08
1899.44
2175.78
2852.72
2455.39
4823.79
2267.76
3470.96
2322.89
2799.36
4274.08
2380.35
4223.39
2568.98
4203.04
1883.39
2015.26
2515.84
2035.59
2240.87
4044.59
3740.06
3169.49
1882.04
4491.55
2158.62
3840.65
4650.04
1838.68
3709.19
1994.86
2199.88
2302.9
3569.26
3736.98
4401.0
2406.98
3191.1
4378.56
2356.13
1605.88
1773.41
2277.9
5247.25
2632.6
2326.84
2504.39
2402.22
3461.06
3204.55
2917.31
2433.96
3478.43
3581.59
2429.52
6041.85
2105.62
2084.86
3308.31
5214.95
2009.1
1846.49
3517.7
3189.87
2892.52
1944.95
2036.5
3748.66
2207.67
3295.07
3108.15
2341.94
2507.2
3119.57
2352.02
1474.79
4420.76
2090.26
1824.07
3177.45
1901.35
2326.96
3324.31
1939.41
2569.37
5780.63
3351.93
4190.17
2271.52
3537.72
3745.91
2400.22
3142.0
1612.64
3278.43
5232.63
3851.68
4137.26
4140.95
2146.8
1760.58
3764.97
2634.95
3094.86
2014.62
2435.74
2769.69
2220.53
2232.33
4804.72
2424.52
2358.5
2513.44
3998.83
1846.87
4504.79
3489.05
1847.52
1904.56
2553.66
3360.31
4022.82
4672.02
2260.44
2590.57
3148.43
3600.66
3731.56
2597.44
3150.45
3414.32
3565.13
4090.59
2361.82
2099.54
3752.61
3864.78
5291.98
2252.66
5944.06
4734.62
5256.11
4091.6
4140.22
4853.62
3724.32
4762.79
5803.48
4848.27
4799.82
3555.06
3436.25
4976.12
3256.03
4021.46
2806.98
5445.65
3362.25
3112.41
5815.78
5674.87
3774.02
2016.74
2014.36
6276.63
3321.8
2450.27
6124.74
5474.23
5328.84
1583.2
4953.99
5695.38
4842.75
3934.08
3354.61
3744.6
5294.62
3719.09
3994.66
4898.85
5146.93
3547.82
4509.32
4324.01
2254.3
3184.36
2222.45
3532.59
5892.22
5207.64
4703.98
5423.34
5062.69
5198.51
3004.21
2366.08
4880.0
1969.11
1719.84
1914.38
1880.81
2180.84
1853.01
5511.18
2860.73
2045.56
2045.92
1729.4
3497.04
2108.8
2086.56
1809.32
1887.48
1618.7
1834.26
1829.02
2233.43
1613.24
1806.78
6534.24
2137.01
5815.3
2092.84
3095.73
2334.81
4513.03
2344.21
2984.4
3163.65
2496.57
2785.71
2757.05
3023.62
5602.23
5228.47
3353.32
1769.64
5631.56
1945.06
2979.57
1916.45
2272.64
2864.23
2915.51
1985.4
1833.21
2461.46
2180.91
2301.49
5159.69
2772.76
2300.13
2566.31
3400.35
2842.33
2019.55
3071.29
1816.17
1695.02
2436.74
1863.37
2092.66
1893.34
2335.3
1858.96
3547.38
2005.28
1878.98
6102.42
2500.95
3493.5
2504.25
3123.88
2138.25
2021.44
4515.56
1735.03
2144.44
2045.59
1915.9
2979.18
6473.31
2787.11
2355.24
4534.69
6384.4
3449.94
5042.22
3410.24
5828.85
6350.17
5577.4
3946.08
5161.47
2806.6
2599.36
5856.12
3651.34
4397.82
1798.34
1774.24
4652.09
2654.7
5079.31
3027.1
5149.61
1862.01
1654.86
3338.0
1588.92
2205.18
3333.27
3182.59
1788.39
3559.01
2061.75
2150.74
1935.38
1850.07
5678.02
2020.84
1765.04
1997.69
2000.8
5384.04
1742.55
2116.74
6509.8
2091.75
1936.23
5400.98
5227.27
2160.33
2781.21
5904.5
3088.57
2392.35
2518.32
1540.16
2912.77
5659.79
1541.63
4481.29
2171.84
2250.67
1827.6
2148.97
2361.16
3617.87
3414.2
2263.81
2636.11
1783.02
1776.43
2818.67
1896.81
2143.58
2318.67
1502.59
2643.89
2022.69
2914.95
1944.04
4981.71
3247.81
3091.38
3553.24
2700.84
3097.38
2197.83
3276.01
2262.2
2026.27
1871.52
2980.94
3950.94
2858.86
6409.25
2314.55
2122.37
5476.63
1913.05
4818.79
6778.06
6767.34
5687.29
3967.02
3525.01
1989.44
3276.19
3311.22
3422.21
1915.13
3650.57
1742.56
1810.89
1935.5
4136.61
2151.45
1681.27
2810.26
1880.52
1764.12
4998.11
1919.4
1584.47
3031.22
1987.43
4569.29
3332.39
6728.81
2005.65
3439.42
2683.68
1895.74
3014.36
1925.37
2228.39
2426.24
3840.97
1871.76
2298.19
5320.04
2312.44
1793.05
1932.57
5626.23
2994.04
1720.05
1875.91
6330.23
3098.31
4980.42
1911.29
1860.23
2758.6
2244.33
1635.25
2928.17
2377.77
2106.05
5147.53
3990.54
2810.2
3783.4
2127.6
1909.38
3231.61
2666.27
2551.18
3022.5
2882.31
2607.54
3432.62
3541.98
3346.53
2400.09
3618.73
1814.37
6336.63
2849.8
3196.81
2797.57
5218.01
4591.06
1924.0
2030.28
5382.19
3618.35
1994.42
1960.63
5297.47
5740.57
1990.58
2961.01
3501.14
6391.25
1874.04
7033.87
2204.46
2850.22
5449.72
2883.46
2784.24
2073.79
5188.96
3874.61
2207.19
6080.24
2092.38
2662.66
2282.8
3480.11
3582.7
2004.27
2399.53
3108.78
4921.99
3364.36
2318.57
3356.2
2167.54
2263.18
2982.91
2506.3
2955.72
1840.54
2716.2
3626.11
1920.5
2938.46
2059.47
2584.12
2129.9
2505.47
2873.93
1988.23
1971.25
6004.66
3304.98
3196.61
3320.77
1996.09
6222.58
1993.13
5238.43
5927.96
2229.79
1961.68
3017.62
3704.89
5335.1
2795.6
6214.08
2247.85
4316.67
1980.52
1646.02
5385.62
2069.97
2918.04
1827.84
2846.69
3288.41
5444.71
3620.97
2675.58
2576.2
6134.09
3180.12
2825.27
3001.99
