0.00857013
0.00822081
0.0123218
0.00967095
0.00891852
0.00755215
0.0083497
0.0175899
0.00763677
0.00819223
0.0190241
0.0126262
0.0198137
0.0125861
0.0088565
0.0105619
0.00822009
0.020069
0.00906277
0.00835736
0.0196511
0.0069311
0.0185483
0.0133079
0.0150079
0.00949192
0.00905392
0.00906948
0.0205209
0.00803034
0.00961545
0.0083478
0.0168695
0.0232492
0.00942728
0.0126782
0.0247379
0.0159162
0.022464
0.0137734
0.00830782
0.00861929
0.00920342
0.00766154
0.00923977
0.00787483
0.00840653
0.00755774
0.00909623
0.0139534
0.00889653
0.00930812
0.0076894
0.00871679
0.00862722
0.00702212
0.0181474
0.00844067
0.0254798
0.0123653
0.0129714
0.00950601
0.00738382
0.00884065
0.014533
0.00854434
0.0147652
0.0151159
0.00714479
0.0110467
0.0184683
0.0156369
0.0226994
0.00904218
0.0212153
0.022623
0.0192076
0.0207629
0.0127666
0.0188901
0.0166578
0.0184481
0.021691
0.0338257
0.0153735
0.0253249
0.0297262
0.0239046
0.0192233
0.0219315
0.00963018
0.0288781
0.0249039
0.0235302
0.026521
0.0190831
0.020944
0.0276289
0.0239461
0.0272662
0.0229438
0.00890529
0.023354
0.0201141
0.0244464
0.0241005
0.0164939
0.0230063
0.00773739
0.00693123
0.00840645
0.0142433
0.00920353
0.0126096
0.0211589
0.0253544
0.00819564
0.0158427
0.00778192
0.00903662
0.0181285
0.0158959
0.0134717
0.0161054
0.0121762
0.018232
0.0127097
0.018522
0.0154719
0.00907934
0.0118196
0.0101675
0.00926488
0.00815254
0.00912352
0.02311
0.0088679
0.00807018
0.0124005
0.00896039
0.0247445
0.00812311
0.00830953
0.0084385
0.00672593
0.014993
0.0110495
0.0140273
0.00827064
0.0110174
0.0161401
0.0208383
0.0168203
0.0149369
0.0142512
0.0179
0.0086804
0.011727
0.0202851
0.00638634
0.027447
0.0107552
0.0162753
0.021369
0.022118
0.00962237
0.0272236
0.0158795
0.0226404
0.0299952
0.0214638
0.0141987
0.0282773
0.0206516
0.0262759
0.0290309
0.0279617
0.0241203
0.0237198
0.0118501
0.0219632
0.0208078
0.0322954
0.0238552
0.0236261
0.0233673
0.024203
0.0267544
0.0212562
0.0181125
0.0158854
0.0159027
0.0138344
0.0267856
0.0195918
0.0188687
0.0250305
0.00963418
0.0193369
0.0219337
0.00850788
0.0107567
0.0220895
0.0156961
0.027571
0.0129959
0.0178935
0.00792206
0.0090654
0.0122003
0.0148707
0.00801179
0.0119705
0.00851293
0.0121975
0.00787761
0.00858165
0.011239
0.00700922
0.00813575
0.016746
0.0101416
0.00859129
0.0161554
0.0110487
0.00757525
0.00801967
0.00765207
0.0217478
0.025127
0.0175887
0.0181987
0.0150088
0.0146514
0.0143882
0.0120219
0.0275153
0.0102124
0.0239006
0.0224722
0.0205349
0.0152164
0.0209186
0.0103147
0.0168151
0.0253266
0.01737
0.0239929
0.0277222
0.0191846
0.0253658
0.0252867
0.0239157
0.0303484
0.0196274
0.0173693
0.0150881
0.00800067
0.0242071
0.0242829
0.0279658
0.0257573
0.0267595
0.0206514
0.0199747
0.0258823
0.0244309
0.024639
0.0140318
0.0225847
0.0102276
0.0245423
0.0170723
0.016876
0.0214286
0.01477
0.0148615
0.0161834
0.0257934
0.012091
0.00810275
0.0160561
0.00875287
0.0208179
0.00823852
0.0232773
0.0076176
0.00774121
0.0144633
0.00819465
0.00853264
0.0127015
0.0088807
0.00838574
0.0145063
0.00702264
0.00863003
0.00859866
0.00855442
0.00867527
0.00777239
0.0149211
0.00812085
0.0181716
0.0222891
0.0220753
0.028712
0.0121371
0.0209984
0.0225338
0.0294476
0.0160755
0.0129657
0.0270854
0.0126318
0.00942316
0.0252273
0.0247472
0.0151919
0.0215961
0.0193049
0.0211188
0.0148928
0.00908105
0.0145824
0.0192422
0.0190522
0.0102463
0.0165055
0.0222771
0.0239513
0.014852
0.026131
0.0188271
0.00964245
0.0180881
0.0261634
0.0181503
0.0229464
0.0179494
0.0281769
0.0270869
0.0131436
0.0284296
0.0164393
0.0130886
0.0177609
0.0325918
0.0183919
0.00736814
0.0169372
0.0220781
0.0225018
0.0284222
0.0275574
0.0190517
0.0233203
0.0133947
0.00735317
0.00905442
0.00885766
0.00768665
0.00656414
0.00754971
0.0188289
0.00800846
0.008114
0.0127761
0.0164029
0.00850565
0.00934448
0.0242003
0.0076705
0.00761435
0.00931373
0.0129771
0.0220834
0.00883343
0.0156503
0.00913711
0.00762905
0.00861409
0.0166726
0.0165559
0.0161914
0.0148992
0.00998745
0.0141292
0.00868717
0.00791031
0.017063
0.0220312
0.0072642
0.0132151
0.00899485
0.0138501
0.0085696
0.016891
0.0193932
0.0137733
0.00808486
0.0184655
0.0144889
0.025554
0.00828333
0.0207862
0.00935237
0.00709355
0.00965861
0.00843789
0.0087632
0.0190776
0.00872636
0.00797381
0.00837844
0.00851576
0.00930657
0.00846936
0.0183351
0.0142521
0.00897952
0.0139602
0.0158057
0.0175387
0.0170115
0.0140318
0.00711928
0.00876988
0.019206
0.0162344
0.0171108
0.014419
0.0175554
0.00849769
0.00858884
0.00821812
0.0134198
0.00846302
0.0137448
0.00769327
0.00809715
0.0103024
0.00901247
0.00858043
0.0085368
0.013807
0.00843423
0.0078539
0.00735371
0.00927652
0.00751982
0.00845947
0.0185819
0.0144189
0.0156453
0.0148222
0.00823572
0.00797248
0.00934966
0.0135447
0.00800206
0.00921116
0.00822783
0.00748201
0.0136637
0.00847596
0.0090309
0.00811968
0.0075976
0.00819833
0.0169633
0.0146606
0.00857881
0.00851297
0.0073198
0.0196767
0.0103036
0.00834419
0.00761963
0.00834342
0.009744
0.00808965
0.00713255
0.0150082
0.0150697
0.0140865
0.00973799
0.0091429
0.0154391
0.00833126
0.00755222
0.0144755
0.015953
0.00886824
0.00992163
0.0170911
0.00859962
0.0236925
0.0127008
0.0139604
0.0251459
0.00897841
0.00792032
0.00695528
0.00820854
0.00901656
0.00665671
0.00979902
0.0146152
0.0108806
0.0135607
0.0135951
0.00779354
0.00753458
0.0169396
0.0150125
0.00935024
0.00931217
0.0129946
0.00644446
0.0160769
0.00826054
0.0180587
0.00948475
0.00974641
0.0142049
0.0156228
0.0126059
0.0157192
0.0142793
0.0138555
0.0179306
0.0130254
0.0137023
0.00891393
0.0167114
0.0140653
0.0135572
0.0140672
0.0149456
0.00860208
0.0137288
0.00969856
0.0142641
0.015262
0.00887429
0.0160151
0.00949066
0.00340827
0.00912801
0.0108079
0.0107043
0.0101311
0.0287116
0.00829888
0.00978282
0.0100011
0.00988094
0.00976905
0.00857077
0.00993628
0.00912202
0.012965
0.00982657
0.00842606
0.00986265
0.0076336
0.00897376
0.00895198
0.00844914
0.00934948
0.0254556
0.00807429
0.0101389
0.0296841
0.0210831
0.00786435
0.0104639
0.00868
0.00986562
0.0103504
0.0109557
0.00927536
0.0097994
0.0106156
0.00923404
0.0144482
0.0170243
0.00838462
0.0233952
0.0100469
0.0225935
0.0270602
0.0181162
0.0210124
0.0156855
0.024268
0.0250708
0.00951988
0.0106214
0.0193361
0.00874194
0.0117138
0.00891474
0.0161641
0.0107186
0.0180666
0.030668
0.0261585
0.0179476
0.0248568
0.0277636
0.00994242
0.0212563
0.0264792
0.0284701
0.0243503
0.0217407
0.0277034
0.0201063
0.0204259
0.0187882
0.0172996
0.0109121
0.0181202
0.0162525
0.019329
0.0175039
0.0149027
0.0174902
0.0088267
0.0257452
0.0242471
0.0224756
0.0125464
0.0099409
0.00961756
0.023658
0.00825854
0.0166233
0.0160552
0.0186122
0.0234046
0.0188784
0.0265399
0.012613
0.0189558
0.0227807
0.0200815
0.0185756
0.0208875
0.0187854
0.0252799
0.0281999
0.00938422
0.00914692
0.0117463
0.00824202
0.0100961
0.0254389
0.0155825
0.020906
0.0252146
0.0232804
0.00780189
0.00872331
0.0244068
0.00859137
0.0118773
0.0243311
0.0184449
0.0232332
0.0246112
0.0209499
0.0275855
0.0259673
0.0266503
0.0177257
0.0210043
0.0134288
0.0198214
0.0272584
0.00859551
0.0140921
0.027088
0.00757749
0.0114066
0.0248627
0.0152602
0.0162322
0.00950482
0.0157986
0.0195585
0.0158404
0.0306083
0.0248418
0.0224938
0.0296946
0.0157226
0.00896499
0.0186259
0.0213669
0.0176818
0.0227991
0.023795
0.022156
0.0221707
0.0302597
0.00861723
0.00836248
0.0215998
0.0156567
0.00876688
0.0248951
0.0165646
0.0188186
0.00868001
0.0178958
0.0156324
0.0179544
0.0156274
0.018104
0.0228615
0.0106745
0.0274917
0.0169472
0.0187187
0.0239908
0.0194762
0.0209963
0.0261728
0.01523
0.0178642
0.0254835
0.00878594
0.0266677
0.00833598
0.0188521
0.0172104
0.00888526
0.0274082
0.0188917
0.0216972
0.0120861
0.0163134
0.00840219
0.015984
0.0159828
0.016586
0.0223443
0.0227849
0.0234323
0.0230751
0.0244054
0.015736
0.018352
0.00935237
0.0161685
0.0193775
0.0231336
0.0158533
0.0106185
0.0166359
0.00767786
0.00817408
0.0165523
0.0245821
0.00845856
0.0167645
0.00741036
0.0226407
0.0184918
0.0156105
0.0166985
0.0310798
0.0212683
0.0176574
0.0178356
0.0126274
0.00854688
0.0196592
0.0124554
0.0250331
0.030227
0.0187828
0.0185034
0.0173137
0.0182863
0.0259535
0.00867684
0.00851266
0.0184102
0.0181313
0.0137825
0.0228307
0.0330111
0.0101025
0.0101589
0.00967774
0.0201925
0.00982266
0.00824354
0.00810432
0.00867998
0.00731117
0.00850812
0.00828563
0.0135775
0.0168694
0.0240422
0.0156714
0.0100215
0.00852775
0.0137897
0.0153145
0.0126436
0.010607
0.0158251
0.0157863
0.011771
0.0104197
0.0100503
0.0154738
0.012397
0.0179494
0.00984416
0.0176432
0.0180463
0.0105497
0.0179628
0.0118075
0.0177177
0.0107043
0.00905624
0.0163339
0.00917896
0.00706534
0.00940736
0.00862575
0.0105816
0.008369
0.00812702
0.00934909
0.00999515
0.0117387
0.0108778
0.0164949
0.00825692
0.00902078
0.0116013
0.0163792
0.0245632
0.0129895
0.0227991
0.0105873
0.00964865
0.00779698
0.00960064
0.00769931
0.0189962
0.00843673
0.00860931
0.00878851
0.0167885
0.0187618
0.011907
0.0144529
0.0113398
0.00868578
0.0215398
0.00761094
0.0123003
0.0149643
0.0116275
0.0134472
0.00757389
0.00633454
0.00816314
0.00856559
0.00762478
0.00996756
0.00808961
0.00948343
0.00891148
0.0108316
0.00633306
0.0132204
0.00764686
0.0171269
0.0122596
0.0063339
0.00877227
0.0136947
0.0246664
0.00980349
0.00565682
0.00666833
0.00546522
0.00994118
0.00707516
0.0204645
0.0112422
0.0120959
0.0229918
0.024779
0.0115171
0.0105112
0.0105002
0.0113589
0.0111578
0.0144289
0.00526394
0.0128331
0.00988473
0.0172038
0.00951409
0.0121877
0.0161903
0.00761328
0.0146554
0.0125934
0.0109871
0.0168542
0.014591
0.0165284
0.0116699
0.00793195
0.00511379
0.0103171
0.00907493
0.0116525
0.0159353
0.0174026
0.0111302
0.0160227
0.0157367
0.0110363
0.00995066
0.017139
0.0151419
0.0136538
0.00903169
0.0164004
0.0097817
0.0079488
0.0105499
0.00928597
0.00463729
0.011809
0.0168364
0.0149404
0.00413245
0.0112987
0.0155396
0.0122837
0.0150089
0.0143077
0.0162048
0.0169556
0.0105452
0.0178181
0.0154938
0.0129866
0.0202537
0.0145838
0.00962063
0.0156787
0.0183167
0.0132954
0.00812448
0.0113405
0.0125673
0.0084013
0.0210587
0.0198557
0.0150823
0.0169777
0.0231852
0.0082228
0.0139784
0.0135479
0.0091292
0.0270887
0.0104699
0.0123822
0.0124741
0.0139768
0.00832448
0.0154156
0.00615658
0.0110953
0.0115379
0.00846276
0.0119706
0.00735472
0.0134066
0.0186806
0.017401
0.00758817
0.0250135
0.0151576
0.0154288
0.0155038
0.0176516
0.00885487
0.0103701
0.01319
0.00850455
0.0121386
0.00678687
0.00815725
0.00828937
0.0257307
0.0120094
0.0267386
0.0144115
0.00931174
0.0164885
0.00940272
0.00746934
0.00943727
0.0233857
0.0124817
0.0248053
0.00627006
0.00742824
0.0129406
0.0100899
0.0145531
0.0130567
0.0123184
0.00751869
0.0149061
0.0171315
0.0125684
0.0159085
0.0133745
0.0154948
0.0128477
0.022426
0.00753312
0.0152715
0.00822305
0.0158734
0.00770009
0.00785249
0.0118883
0.020303
0.0117097
0.0140937
0.0161134
0.0135773
0.00759932
0.0139885
0.00693676
0.00783237
0.0140206
0.0240835
0.0149554
0.0150001
0.010406
0.0222055
0.00778863
0.00935335
0.0113705
0.0150883
0.01291
0.016413
0.00744602
0.0061695
0.00847648
0.00936732
0.0122672
0.0115801
0.0185236
0.0157
0.00751648
0.00759247
0.013281
0.0203889
0.0065626
0.0284921
0.0107936
0.00794291
0.0138953
0.0126905
0.0080625
0.00714289
0.0178661
0.00689406
0.0138328
0.0137567
0.015991
0.017448
0.00872376
0.0133935
0.0160607
0.0270795
0.00760607
0.0114926
0.0120639
0.0118005
0.0165884
0.0142637
0.0110141
0.0124595
0.0138
0.0129879
0.0254562
0.0232771
0.0279738
0.0247655
0.0244231
0.0260993
0.0226498
0.00953317
0.0156591
0.00994343
0.0248365
0.0102818
0.0100349
0.0114453
0.00923313
0.0224611
0.0258545
0.022877
0.0244449
0.0258723
0.0267607
0.0256522
0.0101852
0.00828495
0.0241594
0.0297334
0.00853161
0.0156879
0.0146408
0.0101746
0.0197459
0.00867086
0.0141197
0.016466
0.0120243
0.00946158
0.0204135
0.0178782
0.0242621
0.00989416
0.0113398
0.00945751
0.00801406
0.0123503
0.018607
0.016506
0.0166446
0.0287738
0.0194003
0.0255173
0.0223016
0.0232168
0.022278
0.00908614
0.0245906
0.0231739
0.0268212
0.0284011
0.0244144
0.0248249
0.0200352
0.0245207
0.0192305
0.0213297
0.00972907
0.0258032
0.0181127
0.0221339
0.0275858
0.022339
0.0209
0.0252106
0.0278928
0.0243717
0.0197628
0.00886388
0.0238406
0.00704211
0.00964627
0.021368
0.00733811
0.0199323
0.0230464
0.0290727
0.0190049
0.0234971
0.00812673
0.0179423
0.0197695
0.0273667
0.00737582
0.0231667
0.0084961
0.00966504
0.00911074
0.00741743
0.0134946
0.0187972
0.00885628
0.0142311
0.0204411
0.0222518
0.0249082
0.0164556
0.0278941
0.00843592
0.0252443
0.00898694
0.011193
0.00845967
0.00858568
0.0213951
0.0200606
0.0129307
0.0155927
0.00982237
0.0081744
0.0221702
0.0268207
0.00875521
0.00934339
0.0133107
0.027032
0.0252048
0.0236873
0.0197959
0.0199865
0.00924059
0.00987699
0.0196976
0.0155619
0.0125718
0.0231556
0.0131442
0.0147347
0.0141758
0.0199085
0.0164995
0.00963962
0.00804796
0.0105726
0.00999845
0.00964306
0.015967
0.0252832
0.0262345
0.0246697
0.0284425
0.0214813
0.0279186
0.0229561
0.0263012
0.028619
0.00878793
0.025014
0.0241762
0.0234717
0.0236036
0.0224574
0.0197377
0.0253434
0.0187599
0.0224829
0.0137941
0.0177107
0.0183757
0.022901
0.0245673
0.0229194
0.0215799
0.0179744
0.027195
0.0232139
0.00972063
0.0206969
0.0073024
0.0227385
0.0107339
0.00927634
0.00731671
0.0201861
0.0115434
0.0157434
0.022076
0.0288868
0.0234993
0.00948141
0.00692321
0.0133995
0.0161111
0.0219603
0.0222584
0.0149375
0.01038
0.0233641
0.0195846
0.0242122
0.00970762
0.0159665
0.00797673
0.00857713
0.00829193
0.0220849
0.0274304
0.0136418
0.00736174
0.0235596
0.020077
0.0175527
0.0188892
0.0136146
0.0166242
0.0274323
0.00898536
0.00853634
0.0140079
0.0250601
0.0176768
0.0117977
0.0163974
0.0203268
0.0221606
0.0128384
0.0220548
0.00871018
0.023005
0.0224346
0.021001
0.00737614
0.0249871
0.00803084
0.0132157
0.017682
0.0217133
0.0138246
0.0224392
0.00836763
0.00868679
0.0169367
0.0307077
0.00788644
0.0139646
0.0108674
0.0162291
0.00780963
0.0152937
0.0208421
0.0155685
0.0239534
0.00952884
0.0181888
0.0273053
0.00744233
0.011893
0.0248359
0.0121962
0.0106057
0.00898571
0.0283763
0.0250012
0.0165507
0.0150953
0.0189887
0.0144967
0.0109781
0.0200309
0.0268233
0.0263677
0.020383
0.00775826
0.0230619
0.0175093
0.00934863
0.0246696
0.0224767
0.00817593
0.0235404
0.00781109
0.0113705
0.018578
0.012305
0.0148763
0.0208445
0.0173429
0.008792
0.0251548
0.00935164
0.0148403
0.00876896
0.0128431
0.0159884
0.021416
0.0250332
0.017613
0.0235111
0.00751706
0.0213862
0.0122595
0.0224068
0.00780591
0.0164707
0.00784166
0.00786284
0.00795343
0.0234961
0.0194932
0.0132634
0.0174133
0.023827
0.00814711
0.0176622
0.00830863
0.00882336
0.00840261
0.00843945
0.00786797
0.00688081
0.0129303
0.0166919
0.0105954
0.0168208
0.0162649
0.0147902
0.017271
0.0082134
0.00815189
0.0096395
0.00871612
0.0207853
0.0147572
0.0251538
0.0135144
0.0171338
0.0253731
0.0287574
0.0095709
0.00886183
0.0225517
0.0148761
0.0256959
0.0168181
0.0083358
0.011261
0.0151127
0.0262059
0.0228686
0.017413
0.020159
0.00908279
0.0219241
0.0142811
0.0213668
0.0177384
0.011346
0.0208812
0.0117854
0.0193596
0.0117812
0.0263733
0.0246577
0.0197815
0.0243987
0.0221987
0.0122502
0.0126014
0.0154009
0.0262838
0.0103886
0.0173826
0.0125682
0.0104208
0.0270237
0.0132493
0.0248984
0.022574
0.0210867
0.0139426
0.0132536
0.0112532
0.0207119
0.0155603
0.0113115
0.021114
0.0309927
0.0279521
0.0218362
0.00928323
0.0188668
0.0213769
0.0198811
0.0207181
0.0143494
0.0154723
0.0169708
0.0204409
0.0140628
0.0134537
0.0199603
0.00741602
0.0236087
0.0238439
0.0149601
0.0145311
0.00945644
0.0248105
0.0268196
0.0140545
0.0155223
0.0172145
0.0243577
0.0243791
0.0132739
0.022563
0.0150718
0.0158917
0.0212264
0.0198381
0.0158772
0.0211562
0.0338018
0.011055
0.0238085
0.0272681
0.0153756
0.0261564
0.0213411
0.0149399
0.025624
0.0193745
0.00765058
0.0147641
0.0111669
0.0218789
0.0138957
0.0128685
0.0207319
0.0157616
0.0308778
0.0151253
0.00930843
0.0128429
0.0120336
0.0118845
0.0232286
0.0281108
0.013152
0.0189054
0.0160377
0.0247027
0.0204124
0.0178823
0.0224135
0.0222839
0.0100198
0.019994
0.0210734
0.0198096
0.0120822
0.0269584
0.015987
0.0107621
0.0142441
0.0269161
0.026103
0.0194839
0.014731
0.0123131
0.00936558
0.0220213
0.019173
0.015511
0.0137565
0.0131446
0.0129899
0.0157312
0.0140831
0.0135109
0.011812
0.0157612
0.0234512
0.0128837
0.0124952
0.0151722
0.00932114
0.0220528
0.00808139
0.0102913
0.00932424
0.0118072
0.0103371
0.0101767
0.0129983
0.010357
0.00846122
0.0101785
0.0101604
0.0136013
0.0143234
0.00992133
0.0151704
0.0113987
0.0175818
0.00905884
0.0146039
0.0158296
0.00853323
0.00850449
0.0127522
0.0247105
0.0246591
0.00788768
0.0136079
0.0203141
0.00743967
0.0089446
0.00932819
0.0313083
0.0100074
0.00836518
0.0102417
0.0126183
0.0146767
0.0120043
0.00919642
0.0133069
0.0122998
0.00982915
0.00948038
0.0136112
0.0108671
0.0113645
0.022145
0.0145899
0.0218251
0.0140789
0.00840435
0.00944094
0.0101983
0.00911937
0.00973792
0.00937708
0.0164595
0.0205825
0.010097
0.0244576
0.0287807
0.0259166
0.0263352
0.0228975
0.0266736
0.00892158
0.0174629
0.0241053
0.0242601
0.0287098
0.0128755
0.023553
0.0237426
0.0274614
0.026187
0.0306397
0.0269729
0.0271007
0.0222465
0.0307111
0.0274696
0.00705221
0.0225731
0.00784037
0.0237932
0.0160622
0.0213369
0.0109297
0.0211347
0.0166085
0.0156384
0.0199871
0.0177782
0.0145573
0.016398
0.00843331
0.00936492
0.0147826
0.0280854
0.00868928
0.0255039
0.016625
0.0259195
0.0218914
0.0146129
0.016993
0.0250026
0.0271614
0.0202463
0.022785
0.0216283
0.00960595
0.0176502
0.0215507
0.0194088
0.0126642
0.0175386
0.0245336
0.0162371
0.0272911
0.0290907
0.0204626
0.0266561
0.0238108
0.0262091
0.0211841
0.0259524
0.0139355
0.024774
0.0264012
0.00786856
0.0198579
0.014243
0.0198775
0.0158682
0.023205
0.0245781
0.0101011
0.0285865
0.0231513
0.0242814
0.025955
0.0166756
0.0075825
0.0178232
0.0211278
0.0108747
0.00775202
0.0117009
0.00945199
0.0144497
0.00850114
0.00774806
0.0088592
0.0124506
0.00954744
0.0177169
0.0190376
0.00842415
0.0122354
0.0111542
0.0275164
0.0278734
0.0106354
0.0186418
0.00965768
0.0164311
0.00958412
0.0266522
0.0297347
0.0134884
0.0311811
0.0225212
0.0148946
0.0155244
0.0278222
0.013928
0.0242423
0.0229614
0.0256101
0.0267318
0.00870318
0.0245531
0.0281523
0.0248081
0.0247998
0.00916893
0.028459
0.0234555
0.00730702
0.0237349
0.0255069
0.00852825
0.00940838
0.0230873
0.0178064
0.0083115
0.0160361
0.0207996
0.0196366
0.0322029
0.0171127
0.00863796
0.0322808
0.0111159
0.0228471
0.0220773
0.027256
0.0231311
0.0210411
0.0137247
0.0146025
0.0219978
0.0188962
0.0279033
0.0279629
0.0167466
0.0261413
0.0232287
0.0214366
0.0330263
0.0188314
0.0244812
0.0170559
0.0256759
0.00992888
0.0135177
0.0160234
0.0138967
0.0184452
0.0158956
0.0226221
0.0151618
0.0219538
0.0245738
0.0265718
0.0166038
0.0119487
0.017376
0.00752607
0.0214853
0.0234159
0.00900988
0.0259953
0.0100438
0.00733071
0.00727281
0.00867422
0.0122106
0.0138739
0.0250238
0.0151826
0.0150042
0.0144723
0.0259141
0.0136287
0.028472
0.0274721
0.0257062
0.011796
0.0231362
0.029457
0.0177828
0.0264537
0.0279302
0.00982864
0.0259115
0.0312867
0.0163454
0.0250103
0.0105798
0.0148767
0.00734155
0.0248373
0.0144387
0.0184031
0.0262162
0.0164474
0.025791
0.0223543
0.020574
0.0122453
0.0265373
0.0216257
0.00920882
0.02148
0.0276649
0.0256987
0.00838654
0.0166344
0.0288755
0.0265416
0.00769407
0.0159816
0.00980572
0.0259826
0.0267237
0.0172405
0.022151
0.0303626
0.017019
0.0209515
0.0235506
0.00957649
0.0124131
0.0176766
0.0130423
0.023243
0.0260239
0.0153936
0.0186364
0.0195412
0.0163184
0.0171772
0.0191027
0.0135107
0.0139817
0.014836
0.0206824
0.0137409
0.0274215
0.00778877
0.0174556
0.0155556
0.017704
0.0094625
0.0102038
0.0258035
0.0245292
0.00920005
0.013563
0.0248239
0.0253969
0.00894756
0.00864517
0.0250382
0.0167325
0.0130325
0.00771902
0.0264803
0.00700764
0.0225302
0.0174255
0.00906053
0.0171868
0.0178266
0.023961
0.00943775
0.0123471
0.0224975
0.00804722
0.0237229
0.0186
0.0217796
0.014152
0.0137918
0.0247994
0.0207945
0.0160285
0.00956703
0.0147822
0.0214515
0.0148414
0.0229278
0.0218942
0.0167096
0.0198073
0.0168148
0.0270899
0.0183255
0.0136285
0.025841
0.0166688
0.0240876
0.0192725
0.0233807
0.019882
0.017256
0.0250662
0.0250009
0.00788175
0.0148789
0.015539
0.0147209
0.0249008
0.00796467
0.0249667
0.00944286
0.00809361
0.0223307
0.0253892
0.0164138
0.0128515
0.00918793
0.0177788
0.00791929
0.0220962
0.0113685
0.0251586
0.0301242
0.00915816
0.0241308
0.0168553
0.0262255
0.0174652
0.0151144
0.00900839
0.0135373
0.0184922
0.0190564
0.00805328
0.0156334
0.0176247
0.016543
