5836
6084
4059
5172
5608
6622
5990
2843
6549
6105
2629
3961
2524
3974
5647
4736
6084
2492
5518
5984
2546
7215
2696
3758
3333
5269
5524
5514
2437
6228
5201
5991
2965
2151
5305
3944
2021
3142
2226
3631
6021
5802
5434
6527
5413
6351
5949
6618
5498
3584
5622
5374
6521
5738
5797
7123
2757
5924
1963
4046
3856
5263
6773
5657
3441
5853
3387
3308
7000
4530
2709
3198
2203
5531
2357
2211
2604
2409
3917
2648
3002
2714
2306
1479
3256
1975
1683
2092
2602
2280
5193
1732
2008
2125
1886
2621
2388
1810
2088
1834
2180
5618
2141
2486
2053
2075
3032
2174
6464
7215
5949
3512
5434
3966
2363
1972
6102
3156
6427
5535
2759
3146
3712
3105
4111
2743
3935
2702
3233
5508
4232
4919
5398
6136
5482
2164
5640
6197
4034
5582
2021
6157
6019
5927
7436
3336
4526
3565
6046
4541
3100
2400
2973
3349
3510
2795
5765
4269
2465
7831
1824
4650
3073
2341
2261
5197
1837
3151
2209
1668
2330
3522
1768
2422
1904
1723
1788
2074
2108
4227
2277
2403
1549
2096
2117
2140
2066
1869
2353
2761
3148
3145
3615
1867
2553
2651
1998
5191
2586
2280
5878
4652
2264
3188
1814
3848
2795
6313
5517
4099
3363
6242
4182
5875
4100
6349
5828
4450
7135
6149
2986
4931
5822
3096
4533
6602
6236
6536
2300
1991
2844
2748
3332
3413
3476
4168
1817
4897
2093
2226
2435
3286
2391
4850
2974
1975
2881
2084
1804
2607
1972
1978
2093
1648
2548
2880
3321
6252
2066
2059
1789
1941
1869
2422
2503
1933
2047
2030
3564
2214
4892
2037
2930
2964
2334
3386
3365
3090
1939
4136
6172
3115
5714
2402
6073
2149
6565
6460
3458
6103
5861
3937
5633
5964
3448
7121
5795
5816
5847
5765
6434
3352
6158
2753
2244
2266
1742
4120
2382
2219
1698
3111
3857
1846
3959
5307
1983
2021
3292
2316
2590
2368
3358
5507
3429
2599
2626
4881
3030
2245
2088
3367
1914
2656
5187
2765
1911
2756
2179
2786
1775
1847
3805
1759
3042
3821
2816
1535
2720
6787
2952
2266
2222
1760
1815
2625
2144
3734
6801
5524
5646
6506
7618
6624
2656
6245
6163
3914
3049
5881
5352
2070
6520
6568
5370
3854
2265
5661
3196
5475
6556
5806
3000
3021
3088
3357
5007
3540
5757
6322
2931
2270
6885
3785
5560
3611
5836
2961
2579
3631
6186
2711
3452
1957
6037
2407
5348
7050
5178
5927
5707
2621
5731
6272
5970
5873
5374
5905
2728
3509
5570
3582
3164
2851
2940
3564
7025
5703
2604
3081
2923
3468
2849
5885
5824
6086
3727
5910
3639
6500
6176
4856
5549
5829
5858
3622
5932
6367
6800
5392
6650
5912
2692
3468
3197
3374
6073
6281
5349
3692
6250
5430
6078
6684
3660
5900
5538
6159
6582
6100
2948
3412
5830
5876
6832
2542
4855
5994
6563
5994
5133
6182
7011
3332
3319
3550
5136
5470
3240
6003
6622
3455
3135
5640
5041
2926
5818
2111
3938
3582
1989
5570
6315
7190
6093
5546
7514
5105
3423
4600
3688
3682
6416
6646
2953
3332
5349
5375
3849
7760
3111
6054
2794
5276
5132
3521
3201
3967
3182
3503
3609
2789
3840
3650
5614
2993
3556
3689
3555
3347
5814
3643
5157
3506
3285
5639
3123
5271
16223
5479
4629
4673
4938
1743
6027
5112
5001
5064
5120
5836
5034
5483
3858
5090
5935
5071
6552
5575
5592
5920
5348
1965
6194
4934
1685
2374
6362
4780
5761
5122
4834
4567
5392
5105
4712
5416
3462
2939
5965
2138
4982
2213
1848
2762
2380
3189
2061
1995
5254
4709
2586
5722
4270
5610
3095
4668
2768
1631
1912
2787
2012
1801
5032
2353
1889
1757
2054
2300
1805
2487
2448
2662
2891
4583
2759
3077
2587
2857
3357
2859
5669
1942
2063
2225
3988
5031
5200
2114
6055
3008
3122
2687
2137
2649
1884
3968
2638
2195
2490
2692
2394
2662
1978
1773
5329
5469
4259
6068
4954
1966
3210
2392
1983
2148
6410
5733
2049
5821
4212
2055
2711
2152
2032
2387
1813
1926
1876
2821
2381
3732
2523
1835
5819
3548
1846
6600
4385
2011
3277
3081
5262
3165
2557
3157
1634
2013
2223
1684
3182
5579
2685
2340
2828
2194
2102
2257
2255
1653
5806
5980
2315
3194
5704
2009
3019
2657
5762
2796
3199
2785
3200
2762
2194
4686
1819
2951
2671
2084
2568
2382
1911
3283
2799
1963
5692
1875
6018
2653
2905
5629
1825
2647
2305
4156
3066
5953
3133
3129
3015
2238
2195
2134
2167
2049
3178
2725
5348
3093
2581
2162
3158
4713
3006
6514
6118
3024
2034
5914
2983
6749
2209
2704
3203
3000
1609
2352
2832
2803
3961
5852
2544
4051
1998
1655
2662
2703
2888
2735
1927
5765
5876
2716
2761
3628
2192
1515
4950
4923
5168
2482
5092
6068
6171
5762
6841
5878
6038
3684
2966
2081
3191
4992
5865
3627
3266
3957
4717
3161
3169
4252
4800
4978
3234
4038
2787
5082
2835
2772
4743
2785
4236
2823
4672
5522
3064
5449
7079
5316
5798
4726
5977
6154
5350
5004
4262
4600
3033
6057
5546
4313
3054
2036
3850
2194
4724
5184
6416
5209
6495
2633
5928
5809
5696
2979
2668
4200
3460
4410
5758
2322
6571
4066
3342
4301
3719
6604
7894
6126
5839
6559
5018
6185
5274
5612
4617
7896
3784
6544
2921
4079
7896
5701
3652
2027
5101
8840
7499
9150
5030
7071
2446
4448
4135
2176
2018
4342
4758
4763
4404
4483
3466
9503
3897
5059
2907
5257
4103
3089
6569
3413
3971
4553
2969
3430
3026
4287
6306
9780
4847
5510
4292
3142
2874
4494
3122
3179
4532
5027
2921
3303
3664
5538
3093
5113
6293
4740
5386
10784
4237
2970
3347
12103
4426
3219
4072
3333
3496
3087
2950
4744
2808
3228
3861
2470
3432
5199
3191
2731
3761
6156
4411
3980
5953
2377
2519
3319
2946
2157
6083
3578
3693
5480
1846
4776
4039
4009
3578
6007
3244
8122
4507
4334
5910
4182
6799
3730
2677
2875
6591
1999
3300
3242
3226
2833
5648
4822
3793
5880
4120
7368
6131
6035
1944
4164
1870
3470
5372
3034
5320
6694
5298
2139
4007
2016
7976
6732
3864
4957
3438
3830
4066
6652
3355
2919
3979
3144
3739
3228
3896
2230
6638
3275
6083
3151
6494
6370
4207
2463
4274
3550
3104
3683
6580
3575
7209
6385
3568
2077
3344
3334
4810
2253
6420
5348
4398
3314
3874
3047
6717
8105
5899
5341
4077
4318
2700
3186
6653
6588
3765
2453
7620
1755
4637
6296
3599
3941
6204
7001
2800
7254
3616
3635
3128
2867
5733
3734
3114
1847
6576
4351
4145
4241
3015
3506
4545
4013
3624
3851
1966
2148
1788
2019
2048
1916
2210
5246
3193
5030
2013
4864
4986
4371
5419
2226
1934
2186
2046
1933
1869
1949
4911
6038
2070
1682
5864
3188
3417
4916
2535
5768
3541
3038
4171
5287
2450
2797
2061
5061
4417
5289
6240
4052
2688
3030
3005
1738
2578
1960
2243
2154
2244
5504
2033
2158
1864
1761
2048
2014
2496
2039
2600
2345
5141
1938
2761
2259
1813
2238
2392
1983
1793
2052
2531
5643
2097
7102
5185
2342
6816
2509
2170
1720
2631
2128
6154
2787
2529
1828
6781
2159
5886
5174
5489
6742
3706
2664
5647
3514
2447
2247
2008
3039
1794
5928
1981
5565
4469
5918
5827
2338
2493
3867
3210
5092
6126
2256
1865
5712
5354
3758
1850
1984
2111
2526
2502
5411
5063
2539
3213
3980
2160
3804
3394
3528
2512
3031
5189
6216
4731
5002
5188
3132
1978
1906
2027
1758
2328
1791
2179
1901
1747
5692
2000
2068
2130
2119
2227
2534
1973
2666
2224
3625
2824
2721
2183
2035
2182
2317
2782
1839
2154
5148
2417
6859
2199
4663
5391
6836
2477
4333
3179
2265
1732
2128
5309
7224
3732
3104
2277
2247
3348
4855
2141
2554
2065
5153
3132
6270
5831
6031
2264
1824
3667
6793
2123
2491
2849
2648
3674
3008
1823
5566
5859
3570
1996
2829
4238
3049
2460
2257
3895
2267
5751
2175
2229
2382
6781
2001
6228
3789
2829
2303
3617
2228
5976
5757
2954
1629
6343
3581
4605
3081
6404
3270
2399
3212
2088
5249
2749
1832
6720
4210
2013
4100
4717
5566
1763
2000
3022
3313
2634
3451
4557
2497
1865
1897
2454
6446
2168
2856
5356
2027
2225
6121
2126
6403
4400
2692
4064
3362
2399
2883
5690
1988
5347
3370
5702
3894
3131
2335
1998
2839
2128
6653
2339
4083
2232
6407
3036
6377
6359
6289
2128
2566
3770
2872
2099
6139
2831
6019
5668
5952
5926
6356
7268
3867
2996
4721
2973
3074
3381
2896
6096
6137
5189
5739
2406
3388
1988
3700
2920
1971
1739
5225
5643
2218
3362
1947
2974
6000
4445
3309
1908
2188
2872
2481
5506
2282
3502
2342
2820
4408
2395
4243
2583
4245
1896
2028
2528
2050
2253
4083
3970
3247
1903
4816
2885
3979
4801
1851
3774
2009
2215
2371
3587
3773
4444
2414
3214
4421
2369
1614
1789
2291
5393
2651
2340
2515
2414
3485
3232
2948
2447
3556
3718
2505
6743
2118
2098
3346
5289
2016
1865
3561
3223
2906
2056
2052
3767
2216
3318
3147
2356
2521
3150
2364
1479
4523
2102
1834
3253
1912
2344
3347
1951
2581
6540
3387
4478
2286
3599
3886
2412
3173
1620
3306
5373
3894
4155
4210
2153
1779
3802
2646
3118
2025
2450
2797
2231
2245
4991
2501
2374
2525
4139
1855
4647
3511
1858
1916
2567
3395
4063
5342
2272
2608
3225
3635
3807
3860
3179
3552
3702
4234
3572
2134
3882
4002
5366
2271
6191
4864
5366
4237
4839
4916
3848
4830
5911
4914
4924
3678
3492
5042
3298
4388
2845
5521
3426
3159
5861
5881
3922
2024
2028
6341
3675
2462
6724
5592
5362
1598
4998
5983
4884
3964
3409
4165
5442
3758
4068
5090
5275
3675
4604
4405
2258
3429
2291
3552
5951
5297
4905
5485
5137
5340
3046
2430
4963
2045
1738
1930
1899
2184
1875
5606
2864
2074
2061
1742
3884
2124
2106
1821
1910
1633
1854
1845
2248
1628
1820
7092
2215
6379
2102
3113
2344
4576
2366
3012
3199
2502
2813
3438
3051
5934
5340
3383
1781
5757
1961
3008
1931
2285
3423
2943
2000
1841
2471
2196
2312
5206
2846
2321
2577
3949
2851
2038
3080
1832
1719
2444
1876
2100
1908
2361
1927
3593
2019
1894
6356
2519
3511
2516
3152
2155
2035
4951
1750
2160
2060
1927
2999
6596
2806
2367
4599
6451
4280
5291
3461
5883
6455
5645
4017
5245
2823
2627
5937
4088
4484
1818
1795
4703
2683
5179
3045
5218
1876
1682
3707
1604
2220
3357
3221
1797
3590
2063
2178
1953
1871
5746
2037
1776
2016
2016
5456
1757
2132
6844
2107
1960
5865
5315
2166
2809
6017
3119
2404
2548
1554
2922
5789
1550
4500
2189
2265
1835
2162
2377
3644
3426
2274
2647
1793
1788
2986
1913
2153
2333
1514
2656
2043
2932
1948
5038
3705
3122
3599
2711
3146
2210
3298
2278
2035
1882
3012
4185
2878
6645
2329
2136
5551
1924
4980
6822
6876
5778
4096
3605
1998
3294
3333
3455
1930
3670
1757
1820
1945
4240
2161
1698
2812
1890
1791
5089
1930
1600
3060
1999
4728
3361
6812
2015
3464
2718
1907
3041
1939
2238
2431
4084
1884
2312
5430
2328
1810
1946
5963
3006
1732
1884
6502
3130
5102
1925
1871
2900
2258
1647
2938
2389
2124
5228
4029
2829
3834
2152
1922
3249
2683
2559
3069
2912
2618
3702
3577
3371
2418
3639
1824
6421
2865
3215
2825
5285
4901
1938
2039
5437
3688
2015
1969
5593
5785
1997
2990
3837
6479
1889
7137
2220
2870
5519
2912
2806
2087
5300
4050
2223
6215
2109
2691
2296
3534
3626
2019
2405
3121
5227
3383
2333
3369
2181
2284
2992
2525
2974
1846
2729
3670
1935
3000
2076
2595
2139
2515
2898
1996
2001
6345
3361
3218
3398
2008
6280
2003
5296
6179
2241
1969
3047
3892
5443
2813
6315
2263
4400
1988
1660
5462
2073
2967
1907
2863
3308
5552
3694
2705
2626
6210
3199
2838
3023
