283.541
316.394
172.148
287.732
306.879
273.566
295.15
109.33
357.426
336.699
117.59
209.322
131.697
167.485
346.771
330.752
337.823
109.439
358.261
263.46
121.325
347.396
145.167
259.727
254.379
361.264
273.316
304.289
154.687
359.575
313.529
358.152
182.702
115.255
317.731
187.899
103.527
144.12
136.459
215.663
302.623
357.142
289.495
391.578
292.251
310.637
282.753
310.896
305.543
192.985
240.114
276.412
368.251
314.96
464.839
443.864
152.441
315.978
108.902
230.572
168.722
283.34
297.873
289.096
209.984
281.047
166.559
195.617
374.269
292.81
133.54
182.889
99.9077
268.266
115.049
126.403
119.231
148.507
239.415
140.585
147.952
180.193
125.593
97.0233
255.024
99.0529
105.967
115.721
118.854
100.65
304.286
78.1375
84.8273
132.026
106.806
150.319
120.052
132.147
98.0477
86.9943
128.482
315.196
106.348
122.445
100.922
101.186
177.812
99.4613
353.452
342.213
291.708
194.881
338.789
288.116
156.195
95.5903
259.892
143.73
393.606
260.648
186.073
156.784
222.462
218.502
233.003
146.398
191.056
218.199
144.242
316.591
285.689
267.558
230.985
311.564
329.582
102.91
416.95
347.929
185.202
362.945
98.0222
328.762
268.411
292.572
353.172
145.832
258.558
169.917
273.001
280.975
176.852
119.888
164.017
217.222
200.012
166.185
294.93
242.691
157.549
350.781
93.1734
285.74
163.493
123.838
138.754
318.232
114.189
191.5
95.1835
115.007
110.666
199.211
104.559
140.153
111.941
93.3818
82.7737
128.991
112.431
262.378
122.559
167.062
87.1677
90.5624
130.125
115.985
124.319
92.916
122.044
174.234
191.166
140.021
140.284
99.9557
120.686
141.138
112.804
259.426
128.717
128.771
341.163
333.796
101.481
148.479
106.086
271.29
181.947
356.458
276.231
184.19
167.438
386.521
225.823
300.234
251.432
352.864
298.578
215.839
315.422
309.749
145.811
292.995
336.495
132.024
203.675
355.273
247.496
351.769
150.872
126.043
149.275
181.268
185.653
176.78
234.559
239.918
110.21
308.172
107.912
137.945
114.365
153.641
192.272
250.994
140.287
104.08
283.159
145.607
106.603
129.986
95.2634
106.705
98.3794
104.679
144.723
151.337
212.544
356.14
116.208
115.382
82.9117
97.4467
119.436
121.622
157.38
106.728
128.083
122.825
212.967
164.973
361.839
123.155
192.376
171.063
116.294
187.612
195.97
176.288
93.6362
399.924
410.862
177.417
373.361
134.423
457.252
121.724
336.368
375.83
172.923
247.386
419.738
211.574
289.728
285.237
214.879
404.984
329.903
298.381
280.617
310.856
345.308
359.751
364.208
128.628
118.31
98.5981
105.431
220.639
119.711
100.653
96.6539
173.14
340.969
126.714
204.597
284.751
104.394
126.826
218.781
139.868
137.037
134.158
202.25
302.991
156.867
164.708
159.703
286.915
187.295
104.091
140.4
192.763
101.534
105.088
270.407
151.824
93.7025
166.893
122.47
146.87
91.3806
97.8206
228.983
89.6455
167.12
227.196
133.605
93.3091
144.934
301.827
167.963
147.637
114.012
91.5196
111.031
146.014
99.5489
257.645
404.255
282.298
294.271
315.087
349.736
385.982
118.035
345.126
310.119
210.275
130.116
315.588
283.31
94.7073
263.042
344.54
259.41
183.15
110.471
315.445
143.457
283.313
315.411
300.266
197.217
181.327
165.258
187.75
328.306
171.746
268.282
300.751
125.044
146.606
390.876
186.221
300.723
201.232
284.98
165.918
140.676
184.701
335.061
127.152
171.614
127.613
272.857
117.826
282.241
306.988
258.233
264.407
307.125
117.561
371.926
281.497
286.448
330.886
311.047
286.996
142.28
145.751
263.567
194.537
153.098
151.894
178.631
223.347
348.866
283.983
149.597
176.562
171.343
158.624
126.112
331.96
318.646
298.796
171.755
329.53
164.729
324.186
324.541
347.918
288.45
378.796
287.052
180.787
389.202
337.793
354.058
300.58
334.117
283.009
152.726
174.611
164.411
165.585
372.525
310.474
249.408
228.255
321.387
321.515
382.182
336.314
210.591
296.041
256.916
385.19
299.494
340.407
177.834
174.529
323.738
287.66
395.647
125.784
257.423
304.949
307.744
342.365
327.182
392.761
286.296
206.064
166.405
198.931
335.588
334.153
217.047
305.975
304.655
164.484
184.33
281.404
310.56
172.93
349.309
138.576
238.459
200.108
82.8567
302.733
327.92
433.045
299.705
261.501
385.747
303.84
285.527
282.048
241.315
179.87
354.988
342.43
160.842
194.76
323.066
346.827
239.592
394.103
167.645
337.492
141.755
268.105
323.768
196.109
184.765
220.699
221.04
179.087
250.049
152.951
235.869
222.582
269.939
141.895
157.518
171.425
194.492
236.577
270.406
222.483
290.313
145.022
273.907
276.505
159.829
320.574
2915.67
340.95
261.465
335.758
279.486
103.179
398.371
273.735
260.795
255.396
336.79
362.764
227.408
277.969
225.336
223.454
298.73
236.726
289.585
322.685
291.239
294.184
296.744
100.537
324.228
238.628
114.134
138.81
306.383
315.596
328.046
312.404
261.082
205.782
334.382
307.23
267.139
327.894
173.5
184.408
284.447
82.8418
221.07
98.608
104.349
149.788
145.613
168.92
109.017
98.4996
241.71
267.916
171.396
254.024
257.758
325.097
155.729
257.487
133.066
83.5711
91.5419
142.475
116.2
98.4872
409.957
117.166
105.735
99.7407
117.904
97.8834
91.4597
106.778
117.495
143.757
147.797
233.859
143.565
157.514
133.527
189.717
161.473
151.231
313.219
119.534
127.919
118.395
210.986
300.147
247.415
128.351
330.347
159.04
195.04
143.628
87.1697
178.086
109.315
184.153
125.172
108.682
113.268
160.907
121.194
122.1
107.816
83.9291
287.897
215.312
199.733
310.033
250.082
99.078
156.409
148.021
91.8437
101.497
278.769
314.083
95.5004
340.372
213.881
108.547
162.72
96.9647
93.7991
134.804
108.093
93.8109
114.772
156.166
176.788
230.529
158.275
85.7735
325.393
172.417
116.233
377.803
253.024
109.504
150.642
164.135
276.605
179.487
139.914
156.154
104.016
98.0292
111.568
91.8125
147.993
309.028
156.685
104.324
188.929
98.832
104.934
126.108
128.027
82.4011
288.204
302.42
138.941
160.735
329.252
110.96
169.497
186.435
336.035
171.931
163.358
153.377
195.363
180.175
131.221
266.088
100.816
139.114
187.016
130.492
151.807
129.492
99.1369
156.152
147.933
95.8143
270.901
102.219
318.076
126.186
144.13
305.4
96.7495
131.223
124.854
555.053
184.769
308.835
162.857
152.131
174.672
109.983
120.814
111.387
107.027
100.072
152.004
165.422
313.556
192.828
137.731
130.716
162.277
271.741
175.114
315.204
384.342
168.774
105.748
392.639
156.301
347.544
109.985
137.807
184.694
160.689
80.9065
121.017
172.338
151.662
245.85
375.517
150.801
617.839
133.6
95.3031
151.59
178.078
141.079
147.01
119.281
264.325
313.82
171.599
130.589
163.475
113.724
91.4571
296.382
351.179
266.023
130.093
308.203
336.995
346.103
264.966
353.315
340.348
332.979
243.121
168.66
102.687
167.381
280.742
317.772
196.228
175.822
240.291
309.203
183.29
163.816
240.392
266.172
317.186
183.746
195.226
148.313
338.88
162.141
176.443
272.452
170.694
236.487
147.549
230.242
307.281
188.493
266.971
339.345
257.331
328.446
325.455
324.625
301.352
354.081
280.16
270.421
256.871
173.955
270.949
323.82
276.359
159.018
100.192
195.092
104.778
247.235
328.913
324.154
335.163
341.426
134.222
286.554
343.276
321.487
127.179
123.62
192.848
168.067
211.908
329.207
129.781
440.926
248.67
159.557
199.859
225.288
461.675
370.892
283.761
309.114
425.261
271.761
386.248
325.123
486.114
251.632
424.323
289.743
364.868
196.153
273.192
449.462
318.25
193.887
116.973
238.215
462.642
409.565
465.791
393.141
425.542
124.895
213.338
234.255
108.274
104.61
261.769
348.449
317.258
222.668
244.477
197.663
603.732
231.007
233.859
135.368
247.661
233.656
190.084
324.453
168.832
247.113
281.03
190.532
165.494
218.771
254.705
308.512
503.047
255.964
323.39
268.858
168.918
190.192
214.628
174
185.691
290.455
254.478
208.064
172.229
197.269
271.133
250.317
288.377
308.886
259.487
281.258
674.122
217.647
142.496
222.544
572.125
247.947
198.804
229.113
185.651
181.413
193.794
169.545
303.19
159.431
159.845
200.238
125.788
175.988
259.54
262.728
136.182
161.642
260.092
248.671
301.201
498.288
153.227
134.019
214.133
197.56
132.948
413.54
223.443
197.868
264.604
112.398
415.055
222.613
184.37
220.339
376.682
179.095
401.218
203.08
227.708
296.502
260.832
359.703
157.792
138.9
168.97
271.567
103.346
211.865
167.885
162.39
150.149
282.287
273.198
185.854
297.59
204.39
362.763
300.977
311.112
110.813
228.092
91.1098
199.105
332.98
248.829
287.345
421.259
311.084
94.5783
204.793
94.5914
361.408
317.188
205.214
256.196
198.865
217.478
240.721
335.53
197.299
227.953
250.531
152.229
198.666
197.132
260.077
131.498
334.249
201.666
303.692
241.279
311.5
455.935
223.946
171.495
226.259
176.472
163.368
201.25
427.017
150.371
381.173
392.667
237.875
136.338
194.235
201.1
254.862
133.401
313.84
280.938
189.065
186.094
175.385
314.004
357.481
314.57
401.465
263.681
223.872
197.403
238.615
171.539
354.125
339.865
216.354
142.685
443.128
108.096
230.439
322.358
203.345
217.006
343.592
359.962
263.838
422.281
200.659
218.132
160.398
137.26
287.762
254.379
219.22
84.8675
331.353
214.062
238.98
262.086
261.655
230.741
305.488
212.034
187.494
203.249
95.3388
107.195
101.273
104.78
112.432
108.322
125.976
287.382
136.666
323.814
125.255
252.591
344.258
215.094
240.43
95.8305
104.194
109.664
86.8148
116.575
99.9871
97.486
246.85
348.04
109.083
92.2307
305.373
170.7
168.898
201.146
131.635
280.443
154.152
200.583
445.106
331.094
123.173
155.578
126.406
255.369
212.648
255.863
289.323
272.113
145.737
122.907
181.132
99.5701
129.168
94.5451
113.713
105.635
113.93
284.593
98.9798
96.7923
92.7531
98.4941
111.495
109.068
123.263
102.355
144.585
138.603
277.17
86.4059
137.524
110.724
89.04
126.863
96.3747
87.256
90.6347
108.893
110.375
339.221
105.742
404.605
298.137
125.537
373.285
143.451
100.247
98.2172
144.85
153.173
258.671
153.189
153.198
112.215
371.21
102.805
381.377
307.949
276.211
438.473
197.89
258.723
402.743
187.042
132.819
153.36
99.8356
161.985
80.6586
280.085
109.438
267.045
224.574
350.485
389.868
128.359
121.771
214.565
189.202
305.754
368.717
114.933
104.089
332.139
317.861
206.852
112.07
91.5095
125.762
221.512
108.435
258.094
321.983
132.374
164.499
171.492
117.54
179.55
193.579
189.601
118.227
128.971
297.889
346.047
214.892
365.367
285.062
142.354
95.8979
96.7995
119.897
85.6744
116.137
103.182
136.308
96.829
103.049
319.175
88.5808
100.105
108.793
100.12
117.678
147.241
94.7354
149.686
104.693
210.765
153.576
132.357
101.945
127.064
106.198
99.912
133.335
70.1114
136.076
273.044
160.89
278.983
117.418
261.557
284.925
329.238
134.782
263.123
203.487
119.006
104.023
109.342
351.423
451.083
195.287
168.918
132.181
109.09
159.003
321.506
122.562
109.698
138.015
302.263
161.966
343.743
364.929
354.764
110.12
104.254
211.874
363.335
105.463
176.444
166.243
154.784
173.854
167.496
114.478
302.847
301.746
171.69
87.8816
142.962
233.969
257.27
129.572
144.107
238.238
118.354
319.221
126.741
101.034
143.283
349.363
115.713
298.763
238.888
130.038
147.247
209.002
129.047
313.673
306.434
141.703
84.0852
389.979
230.463
202.473
153.866
354.322
194.14
114.286
171.817
122.691
295.484
183.08
142.022
307.526
241.055
92.4286
216.945
262.569
313.618
92.5652
116.136
168.263
169.281
127.018
215.286
231.07
114.284
182.389
78.5664
122.34
341.774
97.9458
206.832
332.694
103.572
109.8
260.313
102.827
341.609
214.65
147.933
223.818
204.356
120.637
180.155
291.187
119.929
289.642
173.127
355.475
168.14
240.449
111.527
104
155.799
108.845
351.769
113.417
200.307
113.721
342.721
167.17
350.055
347.044
304.722
92.7996
122.621
206.215
149.163
109.079
307.073
217.895
364.86
295.572
344.565
350.204
290.298
320.451
195.881
180.614
331.411
154.808
163.482
266.63
146.607
320.853
306.184
280.491
331.769
113.458
177.406
118.195
182.151
148.492
116.211
118.806
389.858
332.751
121.269
156.313
111.595
170.379
341.627
254.908
225.707
120.676
130.33
155.605
109.691
377.365
140.401
210.627
143.741
158.276
228.041
166.926
245.343
169.682
238.239
96.5495
109.985
137.039
119.352
142.155
160.741
219.021
177.957
97.0094
253.865
171.414
237.897
279.588
95.876
199.128
109.315
147.262
95.6556
179.004
217.319
235.069
124.484
162.098
228.195
116.776
101.017
106.763
149.507
262.262
151.363
126.299
159.031
130.101
199.04
158.412
192.14
112.119
170.342
257.334
114.5
256.083
116.209
122.009
251.242
194.778
290.153
109.48
125.329
194.46
145.018
151.621
112.62
119.572
188.309
126.986
174.008
196.84
146.666
133.679
178.933
154.881
84.5549
185.239
112.793
110.457
195.501
123.848
132.286
155.178
109.325
154.128
324.804
191.039
225.97
117.169
191.135
221.84
115.995
184.058
76.2088
166.321
311.867
197.097
228.493
214.642
127.811
102.608
226.477
135.561
174.375
107.485
150.176
168.649
120.633
119.841
232.205
123.585
98.7277
137.276
196.66
91.4431
212.28
331.53
200.869
113.877
136.504
165.738
187.727
295.97
304.425
156.27
158.568
161.894
158.144
183.469
274.931
147.7
193.927
263.308
214.529
177.1
119.276
166.116
210.469
222.598
314.347
141.171
321.485
267.271
291.225
211.085
408.908
258.2
227.819
309.084
308.274
285.851
266.617
191.683
196.175
250.762
182.283
243.172
150.996
316.257
162.556
146.259
352.775
389.62
248.647
132.157
133.162
289.21
188.292
138.646
367.586
328.942
245.565
111.078
251.696
325.644
255.361
185.084
178.709
226.042
333.164
220.056
259.167
295.681
239.48
221.988
250.405
248.644
133.063
209.973
110.292
205.337
298.677
327.48
329.047
349.505
265.226
200.684
148.547
114.459
326.007
91.6181
92.1359
110.609
92.4629
126.722
107.44
312.377
175.576
97.3411
98.6616
107.52
342.035
107.627
91.008
96.6018
78.05
82.3507
93.3136
100.181
105.336
87.085
104.193
480.481
108.376
376.406
110.54
209.679
169.513
241.328
103.783
145.58
170.763
117.517
164.357
504.722
197.676
336.248
289.784
143.41
93.3814
330.011
112.149
152.009
92.4685
136.086
251.588
211.4
90.5798
100.894
136.662
139.015
137.194
298.177
191.713
115.804
162.617
429.057
131.841
103.73
153.008
82.985
119.039
122.545
100.644
115.859
115.301
117.202
90.9438
200.369
114.312
116.479
343.334
158.361
154.347
155.915
159.496
116.211
114.982
224.929
94.5909
130.576
99.6711
115.947
137.86
333.971
194.736
147.722
266.986
358.314
273.077
326.441
223.304
311.163
343.86
303.318
204.516
538.952
129.771
184.447
328.623
291.819
272.512
112.432
101.708
265.135
145.311
221.496
194.519
265.881
102.076
114.46
233.74
92.742
110.841
198.774
159.896
91.0337
204
125.522
114.505
94.4716
88.6797
391.6
99.397
76.5425
116.735
96.3449
242.654
86.8848
130.134
309.714
90.5173
117.391
316.968
289.425
122.102
143.757
330.631
218.151
110.752
133.311
74.4952
173.858
350.432
72.8264
264.239
120.114
126.606
96.7406
103.08
180.979
183.112
168.657
111.823
150.404
97.6528
93.1639
170.621
106.778
137.809
102.966
80.575
176.359
110.935
127.47
115
313.241
395.701
190.462
180.349
124.134
196.832
103.113
181.109
100.052
100.659
126.131
161.811
241.673
126.239
299.578
127.909
97.3364
312.528
112.474
426.51
350.26
355.426
482.75
193.285
179.997
109.249
225.544
310.833
171.272
102.917
185.06
91.9654
106.247
93.4422
238.188
114.743
93.5187
205.563
110.782
99.1405
241.758
114.981
118.587
177.424
96.7893
306.755
178.912
380.915
118.822
185.758
127.958
99.2541
170.312
89.174
112.78
111.056
170.993
104.463
130.611
286.639
119.802
109.843
103.012
319.956
171.409
99.0823
98.5009
401.488
160.839
254.037
104.622
112.332
160.22
115.122
82.7998
162.718
138.808
110.106
279.473
237.572
141.804
200.825
96.4706
129.46
210.579
140.235
148.315
153.066
194.572
145.454
188.889
233.445
189.856
151.488
255.099
98.8367
306.02
140.881
180.663
198.331
271.477
246.756
124.273
125.032
332.578
212.132
96.9584
82.292
268.033
334.098
127.683
180.132
331.876
318.851
114.986
333.279
158.929
176.654
252.15
172.687
162.641
99.6047
283.053
239.545
103.321
338.456
97.17
148.732
112.678
176.045
206.184
122.346
121.353
168.253
259.384
168.656
126.584
177.793
123.323
118.408
160.23
136.774
169.152
108.581
170.52
176.522
100.039
149.971
105.782
136.573
82.8663
127.37
188.39
101.644
116.239
373.994
155.572
179.982
225.945
94.0132
355.995
118.319
241.424
296.659
104.141
100.761
145.233
251.962
307.745
142.741
297.127
114.021
279.24
97.4439
83.6406
388.764
99.121
152.85
101.363
141.937
161.082
343.939
191.516
130.336
150.789
324.564
173.614
128.435
184.907
