4.66142
0.30143
7.28856
0.219561
7.86294
0.127968
7.53045
1.23015
2.58035
2.33154
0.0793591
0.187717
0.105453
5.45921
1.05368
0.336604
0.112048
4.80677
0.648336
15.1222
0.825881
19.3358
5.70857
0.462851
2.47329
2.36066
2.68358
0.172326
0.757054
5.84186
0.220089
0.0919921
7.38364
6.38066
0.108658
0.480819
0.820035
8.13473
2.21432
0.536592
0.546639
5.53568
0.173334
4.50277
8.62604
2.21425
0.288393
7.86867
0.0562699
0.106929
16.6213
0.456286
0.43563
1.71618
2.7599
14.8027
0.0885248
6.65642
1.01727
0.430545
0.274979
0.074188
9.99768
4.54112
0.0644791
1.06395
3.54699
2.87803
2.65744
9.30312
8.46151
1.5767
3.90344
2.35285
7.7229
2.15899
0.055423
6.52248
0.944354
2.61275
1.48779
0.0976071
2.99635
1.75374
0.083467
3.11746
0.469622
0.0388069
3.56996
5.62061
0.830337
2.28253
0.0965631
0.556615
0.201467
0.492071
9.87136
1.48889
1.60064
1.44517
1.9163
0.510732
0.0700479
8.39328
2.75227
2.06895
3.72878
0.173942
20.7508
14.813
8.1709
7.6684
7.91684
3.10745
4.01399
0.305565
1.21009
0.0590689
1.33122
15.1635
2.67819
0.066088
0.0832551
9.44246
0.261849
7.5354
3.95161
0.0713329
3.61461
2.04874
6.32492
1.39981
0.115905
21.0539
6.11817
0.566246
7.67769
0.407199
0.061331
3.27936
3.67505
1.69318
2.51381
25.2568
10.4919
0.311602
0.0939081
2.06044
0.420111
0.329523
0.627929
4.19589
2.53387
0.329326
1.94353
0.151443
12.7682
4.13863
1.1568
2.06606
0.0317519
2.93277
0.48024
7.3178
3.35561
0.119526
0.0350542
0.061779
0.822221
2.44391
0.082969
1.82942
0.71986
2.25022
3.4562
0.191001
1.41424
1.02461
2.94636
2.44064
2.62579
0.918852
0.0329711
2.28406
4.88376
0.558844
2.00388
0.0380349
8.78613
7.18443
0.078232
3.73773
0.111107
5.39247
0.277264
6.51298
6.1366
22.4108
3.32751
2.99705
0.227306
6.53054
2.46237
2.41699
3.01101
1.84351
1.2316
0.132086
3.77559
0.389994
0.0436769
12.2325
9.58338
1.21094
9.54773
1.13912
7.99635
8.53171
14.6446
11.0135
0.0930212
11.7726
13.7259
2.77296
3.32827
0.116464
8.19085
11.5105
0.116371
0.813164
5.74296
1.63767
7.02452
5.83836
4.56936
7.29336
0.0661089
1.49384
0.454275
0.061029
5.52151
0.340954
0.155021
9.27482
0.0639608
1.56421
6.06819
0.802309
0.0355949
0.0413499
0.817647
2.74849
1.39274
3.5539
4.73297
6.84204
1.68122
9.79661
3.72156
2.04456
0.040236
4.06101
0.0603311
10.2174
0.052258
0.122034
0.585625
0.0408709
0.0691328
2.44141
0.337817
1.87118
1.61193
0.3325
0.0562952
0.112517
3.14594
1.86926
1.06036
4.95819
3.50803
9.70555
2.50506
3.78559
0.447998
3.12668
3.79121
5.21217
3.35414
2.76839
9.61665
1.0848
3.83854
6.2107
6.09601
4.09491
0.148069
0.448877
5.38089
14.1021
4.59953
0.048063
7.93169
0.181437
2.50525
0.038367
2.76455
0.06236
2.67265
1.90845
0.0552042
0.0554721
6.69451
0.044085
0.164662
2.17922
5.53114
2.6164
1.42252
0.099689
0.0591412
3.26157
2.8945
16.558
1.5126
0.056325
6.12931
0.393326
0.266348
2.42669
0.194708
0.438019
1.80127
1.59028
0.687998
0.500968
2.9872
1.10464
0.546795
3.13109
2.78628
2.56566
7.05988
4.18646
0.607863
1.94485
6.92351
0.05599
7.57375
14.9231
3.0144
3.975
0.0712209
0.741783
0.753353
0.0612619
4.18282
0.0869701
0.530593
0.121231
5.89868
7.10136
4.01376
1.01112
0.0385621
7.11351
1.57137
1.85714
0.228655
17.8049
7.84871
5.54653
10.0417
4.71651
0.362775
2.13335
1.93786
6.86872
1.21684
0.0656142
1.7111
0.149818
3.24244
0.0429809
2.72826
2.30344
13.8187
0.950713
4.89833
17.0819
3.81789
0.0582628
0.542047
0.549397
6.77151
5.31322
8.63508
2.15312
1.98594
5.61542
2.18755
3.91279
2.59774
3.19319
6.83079
2.78253
3.79164
11.9061
0.153626
10.2226
0.115785
5.90924
6.71928
14.1281
3.74416
18.8361
0.775798
3.67067
0.125931
4.729
0.208616
8.88941
4.88431
2.70235
9.06201
0.0930181
0.2744
1.91642
4.18006
2.12922
0.129017
12.102
0.0708411
0.114861
0.106687
0.396779
3.37958
0.281359
0.097254
13.5144
9.14869
1.19021
5.31824
0.1213
5.53767
5.31517
1.77254
2.16212
10.6714
2.41798
1.59751
0.400748
3.47275
0.152184
2.94622
0.22453
3.25844
14.8002
0.220573
0.248541
0.540652
0.11574
5.98593
5.05375
0.732737
5.72243
11.8062
0.14952
0.416281
0.114509
1.57133
0.238378
1.34722
0.122655
13.1434
1.88091
0.72194
2.54499
3.11091
7.60902
2.51
0.123119
10.3967
1.15466
7.74473
4.3378
0.80715
0.227705
0.0773182
4.49361
0.874057
0.0489221
0.195594
0.0629311
15.8911
1.26222
0.121478
2.91391
9.00955
0.157133
0.036258
6.45133
1.60419
0.168494
4.55878
14.8301
0.833636
3.92771
1.8541
0.324411
3.87822
0.816439
13.304
4.20386
1.74111
3.86895
0.567275
0.136621
6.43519
15.5485
9.66438
0.751507
0.038929
14.1326
4.52537
0.0689478
0.0422699
0.0720921
3.47519
11.4665
6.29974
1.9792
0.0783558
1.93322
4.85657
0.183144
0.0898602
7.44717
10.0044
2.28872
0.163057
5.96758
12.1417
8.35113
6.88408
17.0993
2.2907
0.204129
11.0103
4.50073
0.097436
0.730061
11.3576
1.50208
12.8576
0.0963981
0.207183
0.186022
1.10791
0.352913
5.89683
0.1848
7.6094
4.25751
2.64966
6.63836
1.85305
1.69089
4.25453
3.81043
0.33733
0.371335
0.365158
0.252461
0.499852
0.0751948
0.0820599
3.17696
0.11066
0.178734
4.05437
1.79698
9.17705
3.62015
2.90301
10.2782
0.800922
0.0614979
7.11297
4.32471
4.00458
9.95259
1.65491
0.309548
0.395648
4.72011
3.35203
0.278564
2.87649
0.625823
4.37045
0.611368
7.80281
13.2752
0.741976
5.17827
2.002
1.81066
1.30342
10.217
0.0413721
0.036206
4.14866
4.96359
0.0390699
3.47203
3.81792
10.7748
0.99929
0.578117
0.382926
1.6436
12.2961
21.2556
3.11885
6.17253
0.255104
4.84453
4.73106
5.35641
5.82939
0.921616
0.715686
0.501386
10.3213
0.173359
9.49733
0.0380161
5.85844
1.83911
6.90147
3.12276
0.0734739
0.076992
0.578459
7.99512
1.21618
0.751931
3.97236
3.64335
3.04062
4.22199
3.27912
1.92803
0.151081
0.213534
0.08516
5.56426
17.9677
0.84819
0.573852
0.0385289
0.0468831
0.866254
8.93784
0.303595
2.36769
2.11762
1.4639
0.038722
0.380772
3.60989
2.52922
1.3979
0.040437
0.0461171
1.52795
0.163181
0.552942
1.05502
2.38984
1.87409
0.183102
0.504892
0.0395601
15.9666
0.109266
1.87534
2.73347
6.21725
14.4714
3.28793
0.0867639
1.4226
0.107345
1.62938
3.03065
0.262139
3.70789
1.1138
11.2074
2.76183
0.0584891
4.12503
5.23781
0.153254
0.0454822
1.90491
0.848133
0.305722
6.18861
0.594369
8.68889
0.636835
0.057024
2.63394
0.170694
0.740931
7.93901
2.71245
3.50914
0.106113
6.87637
4.24995
2.68568
2.93822
3.54269
0.0390711
3.22496
4.99084
4.34934
11.3234
1.23362
4.73652
0.161757
2.17495
0.10127
6.13512
1.89109
0.63616
0.543942
1.26735
2.0485
8.73482
4.26541
0.107515
2.92699
8.94867
8.00227
4.06584
5.16457
0.913708
1.73528
0.836658
2.70905
0.0398891
0.358113
2.70474
0.105727
2.24645
2.59811
1.53862
1.28361
5.62649
15.8285
6.10792
0.681385
0.214826
0.193784
6.54987
0.065556
8.4967
0.200712
0.056422
1.06569
0.0533721
6.49606
5.47611
0.21604
1.72591
7.38928
2.92843
0.0390279
1.39056
0.0587211
0.236259
0.373511
6.50737
0.041369
10.1812
2.08197
0.551155
0.108869
0.080996
0.877728
1.65815
7.39212
12.7869
0.275642
0.301401
0.111024
5.47572
2.68636
2.1493
6.85755
18.0763
5.67062
3.31561
1.69005
0.0390639
0.557873
0.798317
0.0974872
1.66578
7.35869
5.87058
0.164536
10.6094
0.0394619
7.04227
1.30055
5.50764
2.10246
4.38894
2.44375
2.0254
0.164957
2.67352
0.449712
2.89549
0.0990911
2.59797
0.196772
2.02742
0.911421
9.52174
2.54093
7.3305
0.103315
2.52838
2.39057
0.126322
0.148983
0.406471
7.31942
4.43428
1.85108
7.53242
1.85601
0.074523
1.65572
3.18702
0.234185
0.084286
4.64555
0.112375
6.93298
4.29399
1.62658
0.159292
9.75006
13.0306
0.50229
0.128349
0.050421
0.379647
2.96556
6.34483
12.5139
1.46816
3.99917
0.876041
0.0829229
0.0941319
0.868021
0.204657
11.5574
0.0855639
17.4024
7.13118
1.81029
0.68856
12.8493
0.0809641
3.73284
3.62565
0.090363
0.32631
0.0988178
1.92137
0.770932
13.994
0.137366
0.301312
2.0893
16.231
5.74991
2.13409
0.098393
0.577901
3.87058
6.09865
0.075639
0.0689611
3.03975
10.4017
4.96276
5.16059
3.61957
0.043185
3.07694
0.211015
1.20202
3.74192
0.146722
2.46247
2.20621
0.687334
5.26153
2.51222
0.226004
0.105375
2.76407
1.8314
2.31574
0.179657
5.13432
0.259851
2.27618
4.36679
0.976179
1.92642
1.03712
0.186414
3.68071
0.0479121
10.2438
5.37622
1.9738
1.13012
7.87896
4.83717
1.84148
0.117478
9.17889
2.94504
5.30847
17.7087
0.179956
0.063
5.5471
24.47
0.085726
0.537428
3.56504
1.55278
0.79997
0.922048
3.87679
0.209605
1.94884
0.152511
0.1065
1.30319
3.39322
5.37856
4.29877
0.214848
3.36084
1.02539
6.46277
0.86044
0.310304
0.110273
0.053014
0.267145
2.09175
3.00162
2.30721
0.0769072
4.80889
0.149701
0.343089
0.0906792
13.7327
7.35859
0.0541329
0.182838
2.00513
0.119766
3.94008
0.156298
3.83302
0.0798471
14.9997
1.16576
4.92808
1.82524
0.0785031
3.4453
10.1969
0.424732
2.55711
7.577
0.36476
1.30227
14.4497
12.643
0.0769992
8.22367
11.7834
0.535563
2.35861
0.849793
1.26301
2.51188
0.534852
0.866412
0.111466
0.174721
3.21799
4.87834
0.0444791
5.36574
9.46566
0.192689
3.83597
2.17835
0.0728149
5.58634
5.72062
7.77833
1.63848
2.41804
1.29964
1.85788
0.0840242
3.00504
0.774154
2.97107
4.33825
0.835043
3.83476
0.0596728
17.4316
4.23824
10.5627
0.857287
1.06566
0.998096
2.62654
0.383149
0.184657
0.194297
6.77381
19.0525
6.95027
1.15678
0.0765879
4.42
7.77215
0.186178
4.10429
3.93204
0.0961761
0.264395
0.649264
1.02241
9.40165
1.0781
0.217026
0.694071
6.64067
10.0178
3.32891
0.785347
8.61545
20.2352
0.0449829
1.62698
0.377346
3.5127
2.02345
2.64337
0.130215
8.05427
1.58183
5.90879
0.4729
0.140074
1.00912
10.2802
6.12791
0.0841691
7.6168
0.11135
0.104879
2.1598
0.302333
0.542168
0.375185
0.088361
4.58404
2.10678
1.8905
1.93895
0.645949
0.140437
0.208451
1.91524
1.76918
0.0413549
1.38212
0.664504
3.35642
3.24194
10.0115
0.0992401
2.65392
2.55161
0.258184
3.86938
9.4556
2.7482
1.03198
0.110653
4.07906
2.55665
0.119768
1.88641
0.179072
15.2442
3.37787
2.44321
0.142484
5.12856
0.06896
3.28934
0.988615
0.121656
14.1598
1.53385
1.87132
0.210686
4.62597
0.391192
0.129048
4.86736
3.41178
0.173157
8.52289
11.5393
0.115473
0.327776
1.94362
0.123435
2.96201
4.54334
7.07765
0.0405869
1.45491
0.543314
0.633777
1.75483
0.0740001
0.039206
0.0692441
7.49116
0.0864649
0.037148
5.32721
0.149925
12.626
0.0655069
1.45955
3.60137
3.33555
14.3965
6.94806
3.88974
0.686923
1.82317
0.232378
0.311766
0.555251
6.76873
6.81806
5.49039
0.154733
0.32263
1.299
0.0214472
0.164306
1.31582
9.27392
0.221628
0.633323
0.506594
0.0956528
0.0350661
0.13525
7.28872
0.876506
2.93692
10.843
0.823471
0.0804451
0.964346
5.53532
0.156908
0.283732
3.72088
0.0382261
8.59412
0.0569749
1.63069
7.32314
2.03983
3.94617
0.0356078
1.47995
4.97056
4.2775
0.251519
6.51127
2.1583
0.786648
0.640058
4.40113
1.22115
2.45182
0.492255
2.40888
0.0979199
0.0852718
0.0756178
1.30655
3.46158
0.0727479
8.155
3.55246
0.507576
9.09392
3.61069
0.0623159
1.43169
6.26583
2.30481
1.56544
6.57295
0.707308
2.38595
2.61984
1.64596
1.29684
0.573933
5.34055
2.27818
3.97751
0.038512
2.66227
0.0974369
0.279456
1.13467
0.249491
0.89562
0.236113
0.489985
0.464397
0.0401139
0.0396399
0.393299
4.63254
5.24463
1.26046
1.33023
0.0410349
9.35744
13.9074
1.97345
2.75603
0.378508
3.02264
3.01732
3.77394
0.0800669
0.735239
5.52814
9.09361
12.4068
0.240839
0.209132
1.32566
0.0373678
7.33492
5.33508
10.2767
0.0459919
2.64229
0.0969028
0.40848
0.740981
0.723325
5.18185
3.65196
0.124893
0.545687
8.57681
0.144268
0.0802259
3.95517
0.100691
0.071414
0.226441
5.55198
0.0392609
2.78407
0.0807271
4.81144
8.63895
1.34703
0.253528
0.0745952
0.141334
1.2294
6.67687
8.29011
2.64752
0.321772
8.67187
0.0775051
0.138196
1.14283
0.28552
2.75991
6.29757
6.60721
0.0714381
12.8518
0.490043
2.37971
0.134154
0.137
4.55669
10.6095
5.95557
4.55536
4.03029
2.11374
2.79938
0.290703
0.98322
6.11152
2.78143
0.0883529
0.767408
0.811916
6.94017
0.539761
0.179416
0.127454
4.43406
1.00503
8.0828
0.678921
5.98643
0.04176
0.078475
1.35508
3.26285
1.23108
4.21794
6.53382
2.90279
0.0881238
0.0159211
0.0699611
5.56852
3.53001
2.25336
4.53578
0.0689909
3.33054
1.74228
0.379762
0.888346
0.449798
0.032686
5.70065
0.58443
0.206846
0.724552
0.932357
0.222143
0.062022
0.1029
0.144683
2.75651
0.603036
0.0405979
0.062113
0.437819
0.0751102
19.8452
1.12502
0.119874
0.38803
3.56102
0.175134
7.16264
21.6309
0.292906
2.54349
2.53818
2.34586
0.816851
0.740675
1.38078
0.822567
0.59183
14.2942
1.70834
15.3484
3.12303
9.70489
0.0579488
1.95644
6.10999
4.84443
9.07918
12.8542
0.735802
2.88624
3.70572
2.41651
0.166611
1.14666
8.12309
0.246379
2.49742
0.243251
0.044728
2.59942
5.81571
0.353536
1.49103
4.16615
0.0758989
3.06807
3.83643
9.39793
0.10092
0.083632
0.0664721
2.58985
0.440957
6.01939
0.0673959
0.107699
0.0402632
4.40704
8.725
0.0582871
0.0661321
2.48878
0.0770619
0.043632
2.69081
6.01903
1.59052
1.02545
7.73343
0.0881901
1.08933
2.07388
10.9098
2.03356
7.19825
3.90153
0.571815
0.108083
0.038975
0.098887
4.62782
0.111093
6.33995
0.490247
5.47941
3.68181
0.117429
0.159415
0.0409839
0.944393
0.123111
1.27928
0.0738728
0.0752571
6.26121
0.103911
0.095551
4.2761
1.0535
0.644725
2.48909
1.16011
2.18024
5.46933
0.568949
3.17009
0.554238
1.31053
2.95051
0.284324
3.02564
0.365912
7.84247
0.0707719
0.201144
3.32801
0.186937
1.60638
2.11753
1.72252
0.039515
4.37049
7.26912
0.129695
2.61413
8.48796
3.01798
0.640719
1.50146
1.76743
7.71557
0.0614688
6.04836
2.1895
13.6334
0.0719121
0.0669348
4.67438
0.0519931
1.77076
5.10663
5.93303
0.0377791
1.3955
1.18453
0.475124
0.079926
0.081821
0.682255
1.58511
1.02988
3.38352
3.53681
1.41804
4.83338
3.11
1.51827
4.11194
0.167052
4.31833
6.02221
0.0428751
9.80571
3.79436
2.39758
0.909587
0.0505881
0.507314
3.86151
0.0390759
8.57941
0.080133
6.75967
0.0238791
0.610082
1.44311
1.45041
0.786847
1.5449
0.336232
5.82448
1.17544
4.97781
2.35537
2.80308
3.87265
0.71989
0.894932
0.183991
0.0871019
14.4955
0.64303
20.1427
0.132905
4.58316
5.43231
0.17369
0.114748
0.152303
0.11128
0.0956841
0.872148
2.2669
0.79065
4.65532
13.4542
0.966803
8.26834
2.709
0.651646
0.172622
2.53688
5.37829
5.66643
1.50619
2.08479
0.082793
4.24399
10.7792
0.113074
3.05518
0.524608
17.0073
0.282949
8.01224
0.0689061
2.70702
9.35353
10.5662
0.0710051
0.079361
4.81615
0.526212
1.45371
0.097054
0.078815
1.92432
6.16749
5.23015
8.16421
1.58712
5.53038
0.596534
3.62735
0.984976
10.4897
12.2074
0.644704
6.01655
1.02375
2.01473
0.116658
3.97666
3.53508
1.8057
6.81951
7.16623
1.91869
3.24653
3.90076
3.98506
0.987551
0.819657
0.038059
0.039747
1.50846
0.531072
0.453727
7.97061
0.0405879
2.61571
3.08435
2.24983
2.3064
0.507455
4.70859
0.215369
3.36202
5.05129
0.0491281
4.08858
2.20349
1.46793
1.30438
0.105319
0.133599
12.4469
0.396356
0.0400801
2.62087
0.0224671
0.0606589
0.690208
0.13641
1.77354
3.49249
0.51046
0.0666709
0.0971289
4.08002
0.903667
9.70891
4.94743
0.142938
2.92713
2.9538
3.52589
2.52368
3.61682
0.55131
0.0759721
1.43818
0.148256
0.753264
1.13859
3.65862
5.33479
5.42704
5.51187
0.041347
6.6552
0.06532
1.41124
0.0444469
2.91628
3.94271
0.764823
8.94639
0.552257
0.687577
0.27809
3.83661
0.76421
22.7737
0.467116
3.14741
7.25573
0.736896
5.85541
6.61722
2.19099
1.78417
10.6912
5.11933
0.048743
8.03693
0.537149
2.74603
4.87557
4.24385
1.00569
0.039113
0.713513
11.6527
1.96787
6.1082
5.66966
9.38726
0.137724
1.38665
0.0696828
0.0372379
2.71612
3.93775
2.32721
1.69516
4.93232
0.106645
2.57548
0.926972
0.551135
12.2205
0.769568
1.21423
6.56599
0.472645
3.15226
2.78073
0.0765362
6.50455
8.43027
2.9316
1.55655
0.103938
0.128787
3.89156
7.00705
0.200654
2.86852
0.139302
0.843153
2.86692
0.0929761
0.0341671
9.9656
0.240678
0.35191
2.1821
3.89325
1.25909
7.53123
8.76595
0.706656
0.245822
0.054728
0.150429
0.130966
0.0365911
2.12158
0.0494311
0.559252
0.257084
0.66018
0.609839
0.076081
2.19955
0.15633
0.908304
3.50372
3.54501
0.236333
1.87611
3.66807
0.79125
0.328603
0.0751619
0.582326
7.67933
4.38506
0.117598
2.37041
0.042979
0.834274
2.78112
5.47389
7.98491
14.0901
8.54869
1.34697
3.01806
1.9496
6.3297
0.261971
1.10895
3.29348
2.76955
3.11802
0.0539811
1.85542
7.13678
2.66531
3.93688
1.10135
0.03864
0.0405319
0.442351
3.12252
1.31239
0.377506
0.0369461
0.0895119
0.610101
10.3146
1.523
8.35351
2.87937
3.2098
5.59711
2.4154
2.63024
4.25276
0.747105
3.03026
1.75849
4.80491
2.0861
0.127751
2.5844
0.871295
0.18567
2.11889
0.0316651
0.104427
8.80515
4.66389
0.0363162
0.424119
0.11378
3.7332
0.051722
0.055243
2.15711
0.503349
10.7021
1.76359
1.34058
1.49635
0.0403209
0.068779
0.786061
2.87582
1.04085
3.05182
0.520421
3.79801
1.26936
0.297919
0.496929
0.0558128
0.051724
1.04613
2.90396
0.179459
3.38816
1.77056
0.388351
7.05903
1.27978
0.123573
0.778783
3.11468
3.15991
3.89725
3.96109
3.5253
1.615
0.98485
0.0575171
4.46431
0.0202219
0.588233
0.0483761
1.06885
7.79203
1.77911
5.95324
1.4268
0.072418
0.039372
3.46851
0.574398
3.92782
2.76871
4.5576
0.406552
0.173899
5.22294
0.151927
0.114231
16.8574
1.68358
2.83934
5.0061
0.0391018
2.87843
5.94359
0.2473
0.25464
0.732355
0.095335
0.178887
2.61868
1.46456
0.171375
4.31167
6.99022
0.093116
2.22058
0.0423651
0.0415568
0.098145
0.086247
3.50447
0.640542
0.0380149
11.8618
7.03439
0.556962
0.117278
3.38475
0.144494
6.63477
0.125581
1.33959
1.33912
3.76179
5.10583
5.552
3.06723
4.02737
0.180176
1.23173
2.61332
1.65172
0.246899
2.10375
0.802385
0.207899
0.129757
2.05505
6.96004
7.03903
6.89582
2.91789
