5577.87
5773.39
3824.03
5085.8
5483.64
6538.82
5769.2
2828.94
6445.53
6001.39
2598.23
3875.97
2503.96
3776.5
5550.82
4478.57
6007.72
2472.43
5471.81
5942.04
2533.86
7144.42
2666.63
3681.41
3211.08
5191.53
5434.87
5462.91
2421.36
6155.41
5109.35
5895.38
2934.06
2141
5241.99
3712.25
1997.81
3123.11
2211.38
3553.8
5924.86
5734.71
5396.95
6302.67
5165.17
6281.34
5595.42
6544.23
5320.4
3558.26
5570.72
5336.14
6192.13
5665.04
5572.82
6899.27
2730.1
5712.36
1946.39
3999.79
3813.15
5128.38
6623.93
5578.21
3405.36
5796.03
3355.62
3282.53
6771.32
4438.43
2684.97
3160.52
2189.94
5486.41
2347.67
2199.64
2586.46
2398.73
3816.76
2529.8
2966.91
2682.21
2287.51
1466.95
3206.08
1965.75
1669.48
2081.57
2592.1
2265.94
4908.33
1723.82
1992.38
2118.84
1867.82
2617.65
2383.2
1798.52
2069.82
1823.93
2170.6
5330.82
2125.38
2473.95
2033.58
2060.73
3010.87
2160.22
6375.39
7142.81
5733.57
3481.78
5317.86
3872.25
2359.57
1965
6072.21
3130.64
6367.17
5458.61
2707.09
3113.32
3644.88
3041.63
3658.56
2724.68
3856.16
2662.32
3154.91
5458.28
4208.6
4861.59
5329.52
6050.76
5418.61
1933.11
5566.5
6136.87
3957.12
5503.13
1996.16
6097.3
5958.77
5878.07
7276.38
3293.54
4345.86
3541.14
6006.29
4416.19
3065.57
2386.74
2950.18
3253.8
3472.23
2770.35
5519.5
3913.43
2457.35
7620.86
1812.54
4562.26
3043.89
2323.18
2245.12
5144.62
1829.23
3107.83
1983.71
1655.32
2321.09
3471.78
1758.9
2413.84
1891.27
1708.21
1775.91
2064.17
2090
3489.48
2259.92
2384.5
1537.02
2079.11
2113.39
2122.51
2062.88
1859.8
2345.24
2758.04
3076.53
3123.39
3539.71
1853.07
2530.07
2613.46
1986.51
4987.56
2571.94
2276.38
5820.51
3883.65
2228.24
3165.5
1803.41
3768.86
2744.05
5649.55
5483.43
4016.53
3305.73
6166.43
3399.41
5571.37
4022.38
6283.77
5773.78
4348.44
7002.32
6005.81
2958.2
4893.15
5761.64
2983.57
4090.12
6485.77
6175.66
6468.87
2280.67
1979.44
2813.39
2729.63
3295.07
3375.18
3426.47
3390.17
1808.61
4801.69
2076.8
2217.56
2420.27
3249.91
2381.58
4799.9
2945.57
1959.55
2525.02
2077.24
1797.38
2597.02
1956.59
1969.88
2078.05
1642.98
2532.75
2835.77
3291.84
5843.55
2061.57
2042.33
1769.12
1924.9
1853.99
2412.77
2500.75
1917.19
2036.08
2020.06
3490.02
2210.94
4690.6
2020.76
2874.14
2944.85
2316.49
3309.44
3344.14
3076.41
1932.3
3590.53
6123.44
3075.44
5657.73
2399.64
5853.91
2135.75
6484.44
6335.95
3379.83
6032.93
5556.28
3914.47
5583.94
5875.59
3371.15
7060.48
5403.7
5742.98
5785.62
5711.17
6390.42
2839.17
6116.1
2725.64
2235.07
2252.77
1731.54
4023.57
2373.88
2203.41
1688.61
3088.95
3480.12
1837.17
3904.81
5213.93
1972.35
2012.25
3217.81
2308.69
2566.66
2351.13
3324.69
5435.67
3393.44
2584.59
2594.52
4834.6
3010.64
2231.79
2081.49
3328.36
1906.58
2639.4
5035.79
2600.13
1893.09
2712.13
2174.16
2783.21
1753.13
1837.89
3737.6
1742.68
3038.16
3744.56
2650.46
1520.38
2688.41
6570.69
2939.87
2258.76
2207.93
1749.82
1806.32
2586.31
2131.83
3401.88
6680.97
5452.51
5581.98
6380.65
7398.83
6236.82
2653.14
5882.25
6099.34
3833.24
2883.82
5802.73
5306.14
2053.37
6440.51
6503.06
5318.66
3764.07
2247.72
5580.09
3153.58
5349.12
6486.66
5740.04
2942.13
2992.6
3071.06
3283.03
4810.56
3505.86
5687.16
6209.95
2765.5
2266.73
6508.5
3722.91
5524.14
3570.82
5738.48
2935.23
2565.72
3552.75
6113.66
2542.14
3419.27
1946.31
5972.19
2359.97
5270.23
6970.67
5108.63
5864.32
5661.23
2609.73
5685.94
6214.59
5912.22
5810.11
5324
5804.33
2685.65
3479.97
5021.4
3516.85
3106.63
2685.7
2869.66
3489.88
6944.55
5652.85
2591
3023.15
2875.15
3437.33
2812.61
5834.57
5773.21
6004.97
3652.21
5867.96
3565.77
6359.48
6122.06
4797.81
5498.94
5522.5
5793.33
3284.77
5784.12
6284.58
6735.88
5281.02
6571.26
5853.42
2671.48
3434.96
3143.11
3296.34
5984.46
5582.43
5288.39
3627.37
6149.47
5370.04
6017.01
6608.43
3587.19
5817.46
5199.04
6106.18
6510.95
5927.91
2895.44
3336.85
5709.07
5820.19
6784.03
2501.61
4819.27
5933.04
6481.71
5914.46
5070.82
6098.96
6920.74
3257.51
3238.18
3479.07
5073.2
5331.99
3167.64
5957.13
6510.7
3376.95
3118.82
5516.37
4954.07
2906.83
5587.99
2101.94
3866.3
3539.19
1980.89
5479.87
5623.84
7029.1
6029.64
5292.64
5617.95
4957.92
2693.03
4507.41
3617.62
3630.38
6325.81
4856.5
2886.59
3283.84
5267.47
5257.04
3774.57
7149.05
3060.9
5787.9
2056.62
5239.3
4894.09
3464.89
3159.78
3901.36
3133.37
3425.32
3562.95
2742.08
3797.12
3579.99
5539.97
2947.85
3512.48
3613.97
3504.93
3309.41
5739.45
3576.02
5060.1
3461.18
2569.45
5505.98
3106.5
5030.6
4399.31
5451.59
4568.83
4339.3
4882.14
1722.53
5826.31
5082.54
4872.78
4915.39
5055.12
5705.55
5016.14
5354.36
3846.53
5025.87
5824.42
5014.23
5742.63
5341.77
5256.41
5829.09
5315.81
1951.53
5024.31
4886.91
1671.38
2340.91
6270.82
4686.04
5584.04
4717.78
4734.79
4500.29
5187.46
5043.26
4547.66
5356.93
3395.18
2892.28
5861.91
2111.84
4921.88
2181.86
1840.9
2702.45
2364.54
3075.19
2053.46
1986.16
5175.71
4693.1
2569.46
5669.73
4187.83
5549.96
3059.52
4525.78
2700.46
1615.98
1888.58
2719.77
1996.1
1777.09
4932.04
2338.47
1864.45
1744.71
2043.16
2280.8
1789.5
2477.55
2444.96
2645.49
2873.04
4541.12
2745.02
3054.37
2581.59
2846.75
3291.39
2845.49
5527.88
1935.5
2051.19
2205.99
3845.26
4901.7
5146.12
2105.44
5997.87
2927.89
3096.3
2665.58
2118.99
2631.7
1876.91
3832.14
2622.22
2189.76
2473.46
2687.56
2375.06
2645.85
1974.22
1758.8
5317.48
5316.45
4126.85
5997.91
4890.29
1952.8
3179.49
2366.48
1971.67
2131.94
5217.92
5681.17
2037.6
5131.95
4111.37
2040.12
2655.72
2133.24
2022.78
2380.04
1802.64
1919.09
1868.44
2807.64
2376.85
3609.86
2508.9
1816.71
5726.83
3537.56
1826.19
6489.46
4369.08
2001.65
3260.55
3059.77
4992.07
3151.24
2547.52
3132.6
1627.92
2005.03
2216.31
1663.65
3153.91
5532.31
2681.55
2339.1
2816.61
2180.95
2097.52
2235.51
2250.35
1639.07
5655.25
5935.16
2301.56
3176.66
5380.97
2003.19
3009.15
2641.94
5661.58
2776.38
3181.71
2778.52
3189.66
2758.71
2179.5
4556.14
1808.28
2939.18
2660.6
2072.28
2564.47
2377.85
1897.84
3272.87
2677.73
1954.74
5577.19
1856.99
5841.61
2649.52
2884.52
5563.22
1818.59
2629.76
2300.35
3413.28
3048.81
5842.07
3108.59
3118.01
2998.08
2228.98
2192.02
2122.1
2154.65
2045.95
3155.45
2703.28
5033.77
2985.48
2568.35
2159.2
3137.45
4586.01
2992.9
6464.64
5990.16
3006.53
2027.76
5822.25
2964.7
6696.27
2196.59
2687.25
3193.21
2982.43
1602.85
2338.28
2814.52
2793.41
3903.21
5698.59
2530.21
3293.14
1991.71
1642.77
2650.24
2687.71
2875.1
2722.84
1914.05
5709.68
5736.51
2704.48
2746.96
3607.7
2179.37
1509.88
4920.48
4864.12
5106.66
2396.25
4985.34
5764.19
6119.26
5715.08
6747.87
5721.71
5928.86
3648.29
2932.33
2053.94
3156.35
4910.47
5542.35
3570.46
3215.86
3836.22
4637.49
3125.06
3120.54
4062.77
4752.31
4717.62
3136.51
3947.9
2766.82
5001.04
2807.89
2734.75
4531.93
2763.11
4174.86
2798.37
4654.19
5408.73
2971.42
5379.3
6987.47
5234.61
5532.09
4702.96
5832.12
6094.6
5216.65
4957.32
4205
4504.42
2995.52
5996.33
5437.58
4269.55
3013.43
2028.3
3652.78
2163.43
4708.6
5123.73
5235.24
5026.24
6421.08
2629.08
5830.42
5729.1
5473.79
2864.28
2483.48
3985
3315.37
4400.61
5568.75
2258.38
6161.35
4035.56
3321.34
4279.66
3681.31
6463.08
7705.32
5904.98
5727.46
6484.2
4640.85
5960.82
5147.97
5178.45
4412.02
7696.14
3626.65
6236.26
2802.45
3925.66
7720.68
5286.01
3470.48
1948.28
4939
8652
7234.61
8877.48
4605.18
6898.86
2125.69
4337.12
3989.08
1905.11
1956.34
4315.6
4002.31
4686.28
4232.76
4300.11
3341.79
5095.48
3863.19
4982.12
2880.27
5114.45
4089.44
2971.21
6188.07
3245.48
3862.88
4504.89
2823.37
3291.71
2897.12
4195.39
6122.57
5186.27
4790.13
5461.34
4247.95
2719.66
2761.75
4437.36
2920.46
3075.77
4471.35
4877
2209.13
3184.69
3624.31
5503.04
2279.36
5063.65
6229.42
4551.21
5300.17
5707.9
4001.65
2844.69
3318.53
6596.02
4379.16
3110.81
3967.82
3303.93
3062.18
3012.97
2886.88
4518.29
2683.24
3122.54
3611.3
2334.21
2971.56
4945.56
2901.06
2691.76
3718.67
5956.51
4260.03
3944.95
5704.37
2257.55
2378.08
2883.99
2897.95
2139.17
5809.66
3406.73
3601.59
5348.49
1838.9
4351.78
3855.11
3915.69
3504.13
5858.08
3218.86
8020.82
4465.79
4182.54
5698.25
4073.54
6625.79
3627.51
2672.02
2459.89
6402.48
1976.86
3229.69
3139.21
3148.43
2814.3
5345.58
4465.57
3699.41
5722.88
4016.37
7260.19
5969.19
5825.48
1932.72
4020.78
1862.09
3445.34
5156.56
2583.28
5015.14
6526.4
4711.18
2130.53
3899.73
1996.78
7863.99
6566.53
3796.31
4783.97
3299.36
3720.09
4021.71
6456.89
3292.58
2841.41
3870.15
3114.26
3582.82
3161.3
3758.46
2199.83
6468.3
3170.11
5914.41
2777.69
6315.86
6268.55
4051.38
2392.09
4169.39
3318.19
3067.52
3593.06
6408.44
3475.68
7100.28
6236.94
3462.16
2073.66
3306.75
3304.69
4611.49
2180.45
6272.14
5279.19
4249.57
3223.67
3770.47
2614.47
6502.65
7991.65
5733.22
5160.52
3980.74
4210.96
2277.8
3152.43
6505.83
6369.33
3727.55
2449.26
7515.83
1749.67
4462.2
6135.66
3503.18
3821.86
6012.99
6823.93
2421.7
7150.84
3517.56
3533.09
3098.48
2764.12
5589.43
3696.96
3087.24
1839.94
6371.59
4199.58
4046.15
4126.25
2739.25
3366.26
4321.16
3954.71
3587.49
3707.92
1958.26
2146.7
1779.07
2013.05
2039.84
1909.47
2155.22
5101.22
3170.78
4908.52
2009.88
4727.82
4415.35
4160.89
5238.95
2146.02
1843.25
2096.13
1955.31
1835.39
1862.79
1862.39
4740.92
5682.9
1976.45
1591.04
5772.79
3088.33
3258.61
4865.23
2452.43
5614.66
3453.44
2939.94
3049.2
5065.99
2366.56
2715.52
1965.41
4870.24
4133.72
5174.61
5779.46
3928.67
2602.28
2939.58
2898.8
1652.04
2496.19
1870.26
2154.34
2074.82
2169.02
5364.29
1947.95
2070.79
1780.15
1751.79
1967.32
1928.26
2415.19
1951.85
2524.77
2263.36
4729.51
1852.17
2679.39
2173.78
1730.13
2156.37
2310.81
1902.81
1706.35
1963.14
2446.62
5475.16
2016.91
6912
5018.51
2274.24
6649.21
2408.84
2088.15
1631.37
2541.3
2045.63
6003.09
2685.27
2444.26
1732.44
6566.55
2060.31
5289.13
5075.58
5378.35
5569.8
3636.13
2125.56
5517.78
3447.05
2380.72
2182.97
1946.57
2951.78
1735.42
5813.47
1902.32
5180.51
4035.23
4771.4
5693.27
2281.82
2432.81
3780.62
3131.94
4994.55
5357.96
2196.17
1806.33
5533.28
5227.28
3674.96
1791
1915.73
2051.37
2440.41
2419.75
5300.38
4976.37
2440.9
3107.34
3713
2074.47
3732.37
3338.18
3450.23
2400.87
2940.45
4976.96
6079.03
4570.82
4776.85
5034.31
3046.21
1892.05
1818.62
1947.06
1668.61
2247.42
1786.09
2103.65
1821.06
1668.22
5536.61
1907.25
1979.58
2052.14
2032.65
2139.96
2452.92
1885.89
2585.02
2144.38
3556.68
2657.68
2638.76
2097.52
1955.45
2101.16
2228.03
2699.7
1755.11
2071.02
4947.95
2321.97
6404.25
2118.9
4528.19
5276.85
6237.57
2412.32
4262.65
3097.46
2205.26
1670.5
2039.37
4347.89
5570.43
3640.23
3015.81
2218.2
2186.61
3245.02
3604.91
2080.18
2472.14
2002.98
5032.54
3050.89
5475.77
5599.55
5880.97
2204.64
1756.94
3578.5
6652.43
2066.26
2395.17
2773.05
2562.98
3616.66
2917.05
1738.04
5481.14
5761.65
3489.52
1929.54
2763.25
4154.18
2792.65
2402.16
2200.16
3809.61
2202.06
4614.76
2088.86
2148.16
2300.83
6559.26
1946.66
5961.02
3622.49
2737.93
2239.04
3551.44
2173
5392.63
5646.25
2860.51
1621.93
6168.58
3494.7
4504.46
2997.71
5632.21
3214.89
2296.32
3121.76
2028.23
5161.37
2665.19
1771.62
6567.9
4078.14
1953.48
4028.21
4604.15
5470.28
1675.8
1936.82
2939.19
3234.41
2561.59
3360.77
4404.53
2439.24
1810.21
1835.37
2395.07
6300.2
2076.87
2766.53
4757.32
1948.52
2164.62
5957.55
2061.72
6226.72
4271.32
2588.02
3995.1
3275.76
2315.47
2793.74
5083.8
1901.91
5235.31
3280.95
5615.2
3810.22
3070.22
2270.04
1929.33
2752.29
2064.21
6459.62
2256.47
3983.31
2152.13
6260.35
2947.81
5604.96
6272.79
6109.51
2042.59
2478.11
3717.84
2784.66
1983.57
5996.46
2744.83
5874.58
5527.31
5800.13
5785.67
6129.53
7116.6
3776.63
2918.6
4612.99
2949.37
3038.61
3149.2
2841.22
5541.1
5764.74
5133.34
5607.22
2397.72
3359.12
1876.13
3635.16
2857.32
1947.54
1729.71
5092.99
5496.03
2200.58
3327.56
1931.22
2951.82
4768.93
4319.98
3267.17
1898.73
2174.78
2851.68
2454.59
4822.63
2266.38
3470.04
2321.64
2798.44
4272.99
2379.65
4222.65
2568.17
4202.15
1882.66
2014.78
2514.76
2034.93
2239.66
4043.83
3738.84
3168.43
1881.11
4489.94
2157.87
3839.47
4648.6
1837.86
3708.45
1994.09
2199.07
2302.28
3568.22
3736.28
4400.02
2406.32
3190.32
4377.69
2355.28
1604.98
1772.81
2276.56
5245.74
2631.82
2325.97
2503.72
2401.34
3460.2
3203.89
2916.26
2432.94
3477.29
3580.18
2429.11
6040.37
2104.69
2083.97
3307.46
2455.81
5213.35
2008.33
1845.83
3516.67
3189.1
2890.95
1944.14
2035.29
3747.95
2206.97
3293.79
3107.37
2341.11
2506.14
3118.87
2351.4
1474.27
4420.23
2088.88
1823.29
3176.24
1900.57
2326.07
3323.39
1938.91
2568.33
5779.09
3351.14
4189.17
2270.7
3537.02
3744.84
2399.09
3141.14
1611.91
3277.65
5230.69
3850.65
4136.42
4140.08
2145.9
1759.92
3764.1
2633.65
3094.07
2013.68
2434.63
2769.09
2219.66
2231.19
4803.78
2424.02
2357.17
2512.5
3997.95
1846.19
2149.37
4503.99
3488.27
1846.9
1903.89
2552.89
3359.63
4021.63
4670.47
2259.39
2589.7
3147.23
3600.01
3730.07
2596.46
3149.7
3412.67
3563.97
4089.4
2360.84
2098.55
3751.46
3863.67
2287.66
5290.31
2251.42
5942.61
4732.09
5254.6
4090.19
4139.24
4852.01
3723.24
4761.3
5802.37
4846.74
4798.25
3554.02
3435.14
4974.79
3254.84
4020.36
2806.03
5444.4
3361.05
3111.63
5814.36
5673.54
3773.07
2016.23
2013.56
6274.97
3320.97
2449.11
6123.52
5472.57
5327.63
1582.61
4952.37
5694.34
4841.58
3933.04
3353.52
3744.12
5292.16
3718.3
3992.92
4897.1
5145.45
3546.41
4507.79
4321.78
2253.56
3183.01
2221.86
3531.71
5890.93
5206.38
4702.33
5421.47
5061.37
5196.83
3003.51
2364.73
4871.83
1968.49
1719.2
1913.75
1880.23
2180.06
1852.45
5509.83
2859.97
2045.02
2045.4
1728.8
3496.36
2108.18
2085.94
1808.75
1886.97
1618.13
1833.72
1828.49
2232.8
1612.6
1806.24
6532.44
2136.46
5813.73
2092.25
3094.82
2333.82
4511.83
2343.66
2983.24
3162.83
2495.74
2784.67
2756.32
3022.65
5600.92
5227.31
3352.49
1768.79
5629.96
1944.25
2978.66
1915.65
2271.44
2863.56
2914.14
1984.62
1832.43
2460.34
2179.97
2300.46
5158.42
2772.3
2299.41
2565.62
3399.71
2841.79
2019.13
3070.75
1815.49
1694.5
2435.99
1862.79
2091.97
1892.66
2334.75
1858.32
3546.44
2004.77
1878.37
6100.73
2500.1
3492.84
2503.19
3122.42
2137.67
2020.88
4514.85
1734.5
2143.77
2045.09
1915.34
2978.68
6471.46
2786.57
2354.1
4533
6382.83
3449.22
5040.58
3409.42
5827.31
6348.51
5575.9
3945.07
5154.86
2805.68
2598.25
5854.4
3650.66
4396.26
1797.81
1773.6
4650.6
2653.99
5078.13
3026.12
5148.28
1861.4
1654.27
3337.39
1588.22
2204.59
3332.42
3181.82
1787.85
3558.32
2060.63
2150.14
1934.9
1849.57
5677.01
2020.26
1764.57
1997.12
2000.18
5382.55
1741.96
2116.11
6508.5
2091.06
1935.68
5399.46
5226.17
2159.5
2779.95
5903.16
3087.54
2391.51
2516.91
1539.28
2912.13
5658.41
1540.57
4479.58
2171.07
2249.85
1827.1
2148.24
2360.5
3616.62
3413.63
2262.5
2635.49
1782.38
1775.89
2818.16
1896
2142.84
2318.01
1501.88
2643.26
2022.1
2914.3
1943.15
4979.79
3246.34
3090.07
3552.39
2700.03
3096.51
2197.28
3275.27
2261.4
2025.83
1871.02
2979.91
3949.84
2858.28
6407.57
2313.3
2121.78
5475.08
1912.4
4816.86
6776.64
6765.92
5676.28
3965.79
3523.68
1988.89
3275.46
3310.39
3421.32
1914.48
3649.82
1741.85
1810.3
1934.85
4135.26
2150.92
1680.77
2809.62
1880.08
1763.59
4996.62
1918.91
1583.8
3030.17
1986.81
4568.13
3331.62
6727.46
2004.75
3438.41
2683.09
1895.16
3012.7
1924.68
2227.09
2425.58
3840.04
1871.11
2297.45
5318.93
2311.58
1791.41
1931.98
5625.04
2993.41
1719.45
1874.99
6328.4
3096.99
4978.79
1910.78
1859.59
2758.01
2243.52
1634.6
2927.57
2375
2105.42
5146.24
3989.73
2809.6
3782.62
2126.93
1908.44
3230.7
2665.41
2550.54
3021.61
2881.21
2606.61
3431.44
3541.06
3345.68
2399.56
3617.93
1813.79
6335.06
2849.14
3195.67
2796.43
5216.43
4590.27
1923.54
2029.8
5380.66
3616.96
1993.77
1960.08
5295.83
5738.87
1989.66
2959.92
3500.42
6389.61
1873.43
7032.37
2203.67
2848.96
5448.83
2882.61
2782.88
2072.97
5187.45
3873.54
2206.51
6078.66
2091.53
2661.32
2281.87
3479.29
3582.04
2001.9
2398.67
3108.22
4921.02
3363.44
2317.36
3355.67
2166.84
2262.52
2982.37
2505.58
2955.18
1840.06
2715.38
3625.25
1919.8
2937.87
2058.67
2583.15
2129.17
2504.5
2872.99
1987.39
1970.67
6003.4
3303.87
3195.89
3318.97
1995.5
6221.23
1992.41
5236.69
5926.38
2229.14
1961.18
3016.48
3704
5333.44
2794.78
6212.35
2247.18
4315.06
1979.97
1645.41
5384
2069.06
2916.87
1827.03
2846
3287.93
5443.29
3619.75
2674.51
2574.97
6132.89
3178.9
2824.33
3001.47
