5836.55
6084.01
4059.38
5172.93
5608.1
6622.35
5990.25
2843.46
6549.4
6105.57
2629.48
3961.19
2524.41
3974.27
5647.88
4736.43
6084.71
2492.9
5518.59
5984.96
2546.08
7215.92
2696.89
3758.63
3333.17
5269.28
5524.42
5514.74
2437.92
6228.34
5201.73
5991.96
2965.23
2151.17
5305.9
3944.97
2021.93
3142.9
2226.56
3631.5
6021.18
5802.79
5434.87
6527.82
5413.75
6351.94
5949.3
6618.09
5498.27
3584.47
5622.11
5374.04
6521.53
5738.83
5797.31
7123.46
2757.52
5924.96
1963.04
4046.9
3856.27
5263.32
6773.49
5657.75
3441.39
5853.43
3387.13
3308.9
7000.15
4530.04
2709.33
3198.95
2203.67
5531.01
2357.81
2211.16
2604.19
2409.18
3917.48
2648.2
3002.63
2714.81
2306.15
1479.46
3256.33
1975.22
1683.27
2092.84
2602.51
2280.8
5193.73
1732.15
2008.4
2125.87
1886.13
2621
2388.21
1810.27
2088.88
1834.76
2180.21
5618.67
2141.93
2486.86
2053.78
2075.39
3032.66
2174.09
6464.11
7215.71
5949.29
3512.83
5434.56
3966.84
2363.83
1972.99
6102.46
3156.86
6427.17
5535.1
2759.5
3146.58
3712.64
3105.87
4111.44
2743.41
3935.16
2702.11
3233.2
5508.97
4232.86
4919.65
5398.81
6136.54
5482.98
2164.6
5640.72
6197.29
4034.25
5582.73
2021.55
6157.25
6019.16
5927.21
7436
3336.6
4526.61
3565.54
6046.82
4541.99
3100.81
2400.15
2973.68
3349.58
3510.68
2795.31
5765.04
4269.59
2465.7
7831
1824.53
4650.33
3073.11
2341.59
2261.7
5197.56
1837.28
3151.78
2209.29
1668.48
2330.63
3522.43
1768.96
2422.22
1904.83
1723.46
1788.85
2074.4
2108.92
4227.17
2277.59
2403.69
1549.06
2096.73
2117.12
2140.56
2066.77
1869.58
2353.2
2761.6
3148.41
3145.56
3615.67
1867.3
2553.46
2651.13
1998.47
5191.59
2586.48
2280.55
5878.84
4652.56
2264.65
3188.54
1814.44
3848.52
2795.42
6313.53
5517.15
4099.88
3363.76
6242.94
4182.05
5875.47
4100.39
6349.13
5828.18
4450.08
7135.28
6149.77
2986.92
4931.38
5822.04
3096.3
4533.27
6602.27
6236.75
6536.8
2300.3
1991.59
2844.85
2748.32
3332.79
3413.64
3476.18
4168.58
1817.8
4897.51
2093.13
2226.3
2435.86
3286.91
2391.16
4850.25
2974.46
1975.19
2881.42
2084.98
1804.46
2607.41
1972.53
1978.17
2093.45
1648.28
2548.14
2880.39
3321.49
6252.7
2066.39
2059.87
1789.17
1941.97
1869.35
2422.05
2503.96
1933.33
2047.51
2030.02
3564.46
2214.7
4892
2037.93
2930.37
2964.74
2334.56
3386.67
3365.17
3090.33
1939.29
4136.95
6172.44
3115.43
5714.35
2402.61
6073.19
2149.04
6565.51
6460.64
3458.65
6103.39
5861.96
3937.74
5633.44
5964.8
3448.15
7121.47
5795.5
5816.66
5847.1
5765.78
6434.81
3352.57
6158.31
2753.51
2244.17
2266.26
1742.11
4120.77
2382.31
2219.77
1698.8
3111.15
3857.74
1846.91
3959.24
5307.33
1983.08
2021.03
3292.78
2316.82
2590.89
2368.56
3358.47
5507.87
3429.51
2599.71
2626.42
4881.07
3030.58
2245.34
2088.56
3367.48
1914.8
2656.45
5187.25
2765.49
1911.79
2756.05
2179.71
2786.53
1775.71
1847.56
3805.51
1759.44
3042.52
3821.51
2816.1
1535.02
2720.26
6787.4
2952.83
2266.07
2222.91
1760.2
1815.26
2625.86
2144.78
3734.75
6801.81
5524.25
5646.96
6506.31
7618.97
6624.5
2656.27
6245.19
6163.87
3914.86
3049.21
5881.23
5352.71
2070.1
6520.89
6568.46
5370.71
3854.44
2265.82
5661.75
3196.17
5475.22
6556.26
5806.42
3000.35
3021.47
3088.98
3357.27
5007.72
3540.33
5757.23
6322.63
2931.24
2270.38
6885.33
3785.15
5560.19
3611.51
5836.41
2961
2579.91
3631.6
6186.22
2711
3452.35
1957.4
6037.95
2407.12
5348.16
7050.18
5178.7
5927.11
5707.68
2621.94
5731.8
6272.66
5970.29
5873.34
5374.53
5905.03
2728.17
3509.63
5570.22
3582.84
3164.78
2851.74
2940.94
3564.65
7025.48
5703.05
2604.47
3081.21
2923.2
3468.95
2849.19
5885.57
5824.27
6086.39
3727.22
5910.28
3639.59
6500.83
6176.98
4856.2
5549.49
5829.99
5858.4
3622.46
5932.62
6367.76
6800.81
5392.74
6650.59
5912.23
2692.01
3468.93
3197.19
3374.7
6073.26
6281.59
5349.43
3692.92
6250.38
5430.03
6078.76
6684.87
3660.79
5900.61
5538.16
6159.81
6582.39
6100.56
2948.93
3412.16
5830.42
5876.98
6832.6
2542.31
4855.77
5994.37
6563.97
5994.25
5133.24
6182.48
7011.43
3332.86
3319.64
3550.9
5136.39
5470.7
3240.37
6003.4
6622.89
3455.9
3135.41
5640.96
5041.32
2926.15
5818.58
2111.38
3938.02
3582.71
1989.2
5570.2
6315.57
7190.68
6093
5546.99
7514.26
5105.03
3423.82
4600.93
3688.53
3682.93
6416.85
6646.45
2953.58
3332.33
5349.44
5375.5
3849.26
7760.48
3111.14
6054.56
2794.22
5276.63
5132.96
3521.25
3201.91
3967.61
3182
3503.2
3609.97
2789.96
3840.64
3650.53
5614.73
2993.37
3556.16
3689.41
3555.52
3347.78
5814.55
3643.42
5157.89
3506.58
3285.34
5639.74
3123.55
5271.8
16223.9
5479.5
4629.31
4673.88
4938.3
1743.26
6027.63
5112.88
5001.42
5064.43
5120.55
5836.49
5034.27
5483.64
3858.84
5090.76
5935.71
5071.27
6552.2
5575.87
5592.23
5920.29
5348.74
1965.29
6194.23
4934.18
1685.4
2374.47
6362.13
4780.58
5761.93
5122.6
4834.08
4567.69
5392.16
5105.54
4712.83
5416.68
3462.47
2939.9
5965.12
2138.21
4982.05
2213.8
1848.52
2762.39
2380.32
3189.11
2061.04
1995.33
5254.06
4709.38
2586.91
5722.67
4270.85
5610.46
3095.01
4668.47
2768.24
1631.34
1912.78
2787.05
2012.41
1801.75
5032.36
2353.12
1889.47
1757.14
2054.28
2300.74
1805.84
2487.55
2448.64
2662.17
2891.11
4583.82
2759.99
3077.72
2587.97
2857.31
3357.31
2859.9
5669.32
1942.9
2063.58
2225.53
3988.61
5031.54
5200.9
2114.17
6055.89
3008.58
3122.15
2687.48
2137.15
2649.29
1884.51
3968.25
2638.29
2195.91
2490.72
2692.59
2394.42
2662.87
1978.55
1773.93
5329.99
5469.84
4259.34
6068.86
4954.88
1966.25
3210.32
2392.54
1983.85
2148.42
6410.07
5733.77
2049.27
5821.84
4212.1
2055.67
2711.99
2152.81
2032.66
2387.3
1813.2
1926.44
1876.99
2821.37
2381.61
3732.49
2523.89
1835.49
5819.61
3548.88
1846.87
6600.03
4385.63
2011.85
3277.28
3081.52
5262.52
3165.64
2557.41
3157.65
1634.64
2013.47
2223.55
1684.71
3182.15
5579
2685.49
2340.67
2828.53
2194.12
2102.23
2257.73
2255.84
1653.75
5806.62
5980.93
2315.74
3194.39
5704.97
2009.1
3019.77
2657.64
5762.3
2796.34
3199.23
2785.43
3200.34
2762.53
2194.02
4686.83
1819.43
2951.05
2671.75
2084.9
2568.11
2382.07
1911.22
3283.67
2799.94
1963.03
5692.56
1875.56
6018
2653.16
2905.8
5629.26
1825.06
2647.75
2305.09
4156.11
3066.33
5953.29
3133.11
3129.23
3015.36
2238.39
2195.36
2134.51
2167.45
2049.91
3178.11
2725.16
5348.03
3093.09
2581.1
2162.11
3158.65
4713.24
3006.63
6514.14
6118.55
3024.25
2034.49
5914.19
2983.23
6749.12
2209.14
2704.6
3203.69
3000.06
1609.53
2352.61
2832.34
2803.98
3961.77
5852.3
2544.38
4051.95
1998
1655.22
2662.88
2703.38
2888.52
2735.43
1927.3
5765.08
5876.31
2716.94
2761.63
3628.63
2192.4
1515.49
4950.84
4923.55
5168.63
2482.88
5092.37
6068.07
6171.6
5762.15
6841.33
5878.94
6038.99
3684.16
2966.27
2081.82
3191.88
4992.64
5865.26
3627.4
3266.81
3957.05
4717.81
3161.63
3169.64
4252.3
4800.33
4978.14
3234.22
4038.11
2787.06
5082.03
2835.42
2772.13
4743.75
2785.08
4236.8
2823.41
4672.37
5522.42
3064.87
5449.74
7079.26
5316.25
5798.97
4726.85
5977.14
6154.95
5350.62
5004.76
4262.09
4600.37
3033.21
6057.77
5546.22
4313.61
3054.17
2036.84
3850.12
2194.19
4724.2
5184.16
6416.16
5209.66
6495.67
2633.05
5928.4
5809.12
5696.67
2979.8
2668.38
4200.36
3460.7
4410.8
5758.78
2322.12
6571.81
4066.05
3342.26
4301.28
3719.44
6604.26
7894.98
6126.87
5839.1
6559.16
5018.05
6185.62
5274.97
5612.1
4617.25
7896.94
3784.57
6544.06
2921.14
4079.78
7896.02
5701.23
3652.38
2027.85
5101.22
8840.7
7499.99
9150.75
5030.8
7071.91
2446.89
4448.81
4135.42
2176.16
2018.75
4342.84
4758.66
4763.32
4404.1
4483.76
3466.75
9503.33
3897.57
5059.79
2907.71
5257.21
4103.52
3089.74
6569.52
3413.46
3971.77
4553.63
2969.2
3430.19
3026.04
4287.59
6306.33
9780.09
4847.55
5510.83
4292.17
3142.45
2874.22
4494.35
3122.54
3179.37
4532.53
5027.59
2921.94
3303.85
3664.15
5538.01
3093.75
5113.53
6293.14
4740.62
5386.47
10784.6
4237.22
2970.82
3347.96
12103.2
4426.61
3219.88
4072.27
3333.57
3496.12
3087.21
2950.9
4744.78
2808.15
3228.4
3861.98
2470.19
3432.23
5199.85
3191.11
2731.79
3761.42
6156.47
4411.49
3980.33
5953.45
2377.07
2519.83
3319.68
2946.16
2157.8
6083.14
3578.1
3693.01
5480.7
1846.93
4776.94
4039.88
4009.17
3578.69
6007.57
3244.89
8122.58
4507.35
4334.94
5910.6
4182.33
6799.4
3730.84
2677.83
2875.23
6591.56
1999.69
3300.02
3242.08
3226.17
2833.45
5648.43
4822.57
3793.01
5880.49
4120.19
7368.48
6131.43
6035.36
1944.13
4164.98
1870.86
3470.8
5372.82
3034.08
5320.7
6694.92
5298.93
2139.06
4007.25
2016.67
7976.01
6732.14
3864.98
4957.95
3438.13
3830.38
4066.16
6652.07
3355.76
2919.74
3979.61
3144.28
3739.64
3228.14
3896.06
2230.71
6638.39
3275.37
6083.45
3151.78
6494.56
6370.12
4207.55
2463.78
4274.42
3550.45
3104.1
3683.94
6580.83
3575.45
7209.46
6385
3568.09
2077.04
3344.59
3334.28
4810.72
2253.02
6420.78
5348.07
4398.35
3314.82
3874.69
3047.96
6717.83
8105.69
5899.89
5341.28
4077.4
4318.94
2700.96
3186.46
6653.28
6588.32
3765.44
2453.15
7620.48
1755.55
4637.04
6296.34
3599.46
3941.77
6204.11
7001.14
2800.61
7254.12
3616.25
3635.68
3128.01
2867.55
5733.56
3734.16
3114.49
1847.05
6576.86
4351.99
4145.99
4241.31
3015.78
3506.68
4545.89
4013.71
3624.8
3851.14
1966.16
2148.65
1788.35
2019.76
2048.35
1916.52
2210.86
5246.68
3193.85
5030.99
2013.7
4864.97
4986.49
4371.93
5419.25
2226.67
1934.71
2186.24
2046.17
1933.71
1869.18
1949.84
4911.92
6038.56
2070.34
1682.42
5864.18
3188.67
3417.47
4916.89
2535.49
5768.72
3541.93
3038.13
4171.25
5287.53
2450.31
2797.48
2061.62
5061.68
4417.08
5289.54
6240.03
4052.16
2688.48
3030.35
3005.08
1738.21
2578.02
1960.47
2243
2154.15
2244.88
5504.98
2033.89
2158.21
1864.84
1761.04
2048.6
2014.8
2496.22
2039.69
2600.99
2345.19
5141.66
1938.44
2761.47
2259.61
1813.24
2238.9
2392.83
1983.86
1793.63
2052.43
2531.08
5643.12
2097.88
7102.83
5185.62
2342.26
6816.69
2509.74
2170.22
1720.71
2631.98
2128.64
6154.73
2787.54
2529.94
1828.11
6781.45
2159.31
5886.7
5174.61
5489.38
6742.71
3706.11
2664.38
5647.35
3514.69
2447.88
2247.88
2008.28
3039.99
1794.22
5928.52
1981.61
5565.47
4469.14
5918.17
5827.14
2338
2493.69
3867.73
3210.99
5092.93
6126.01
2256.39
1865.44
5712.75
5354.5
3758.11
1850.6
1984.45
2111.83
2526.43
2502.88
5411.94
5063.94
2539.61
3213.93
3980.87
2160.02
3804.72
3394.58
3528.14
2512.41
3031.17
5189.2
6216.51
4731.15
5002.94
5188.19
3132.18
1978.21
1906.75
2027.42
1758.76
2328.29
1791.7
2179.01
1901.62
1747.68
5692.12
2000.16
2068.78
2130.86
2119.33
2227.04
2534.17
1973.45
2666.26
2224.38
3625.75
2824.08
2721.84
2183.91
2035.98
2182.08
2317.99
2782.7
1839.21
2154.47
5148.12
2417
6859.03
2199.51
4663.17
5391.54
6836.36
2477.78
4333.05
3179.47
2265.64
1732
2128.33
5309.49
7224.48
3732.51
3104.52
2277.93
2247.49
3348.79
4855.76
2141.8
2554.12
2065.94
5153.63
3132.32
6270.04
5831.78
6031.38
2264.93
1824.34
3667.55
6793.8
2123.12
2491.52
2849.73
2648.01
3674.69
3008.48
1823.32
5566.17
5859.01
3570.79
1996.25
2829.34
4238.99
3049.92
2460.95
2257.73
3895.48
2267.96
5751.31
2175.12
2229.49
2382.06
6781.23
2001.99
6228.66
3789.05
2829.01
2303.41
3617.97
2228.84
5976.96
5757.29
2954
1629.18
6343.68
3581.51
4605.5
3081.68
6404.07
3270.29
2399.91
3212.24
2088.26
5249.36
2749.86
1832.82
6720.16
4210.9
2013.98
4100.49
4717.61
5566.17
1763.16
2000.84
3022.43
3313.29
2634.18
3451.72
4557.4
2497.13
1865.34
1897.05
2454.03
6446.39
2168.86
2856.78
5356.28
2027.93
2225.21
6121.66
2126.34
6403.02
4400.21
2692.42
4064.31
3362.17
2399.71
2883.89
5690.23
1988.43
5347.88
3370.7
5702.88
3894.28
3131.38
2335.65
1998.1
2839.47
2128.87
6653.67
2339.18
4083.52
2232.42
6407
3036.5
6377.84
6359.96
6289.42
2128.67
2566.25
3770.72
2872.54
2099.12
6139.17
2831.57
6019.62
5668.66
5952.27
5926.22
6356.6
7268.95
3867.67
2996.33
4721.19
2973.36
3074.96
3381.67
2896.08
6096.85
6137.9
5189.27
5739.77
2406.51
3388.98
1988.48
3700.87
2920.77
1971.7
1739.45
5225.83
5643.71
2218.29
3362.2
1947.11
2974.79
6000.77
4445.66
3309.49
1908.77
2188.23
2872.62
2481.29
5506.29
2282.14
3502.17
2342.56
2820.71
4408.51
2395.31
4243.36
2583.65
4245.85
1896.76
2028.34
2528.88
2050.08
2253.81
4083.35
3970.2
3247.78
1903.8
4816.86
2885.5
3979.6
4801.84
1851.21
3774.59
2009.02
2215.92
2371.91
3587.95
3773.65
4444.45
2414.86
3214.21
4421.25
2369.41
1614.63
1789.47
2291.48
5393.44
2651.04
2340.75
2515.77
2414.43
3485.44
3232.46
2948.68
2447.2
3556.87
3718.08
2505.43
6743.9
2118.94
2098.83
3346.48
3572.11
5289.52
2016.13
1865.09
3561.4
3223.79
2906.4
2056
2052.73
3767.6
2216.87
3318.84
3147.27
2356.67
2521.92
3150.1
2364.08
1479.98
4523.5
2102.94
1834.56
3253.29
1912.56
2344.16
3347.86
1951.87
2581.94
6540.96
3387.56
4478.79
2286.27
3599.07
3886.81
2412.96
3173.26
1620.27
3306.72
5373.96
3894.34
4155.97
4210.45
2153.52
1779.56
3802.64
2646.24
3118.58
2025.69
2450.83
2797.53
2231.75
2245.85
4991.32
2501.35
2374.27
2525.09
4139.41
1855.47
3572.4
4647.39
3511.08
1858.38
1916.31
2567.18
3395.02
4063.74
5342.06
2272.4
2608.95
3225.35
3635.45
3807.29
3860.86
3179.22
3552.94
3702.22
4234.86
3572
2134.21
3882.21
4002.89
3572.25
5366.73
2271.44
6191.17
4864.65
5366.8
4237.57
4839.43
4916.65
3848.14
4830.37
5911.13
4914.79
4924.29
3678.66
3492.56
5042.2
3298.9
4388.44
2845.09
5521.74
3426.1
3159.58
5861.21
5881.56
3922.94
2024.13
2028.62
6341.83
3675.3
2462.79
6724.19
5592.3
5362.14
1598.24
4998.78
5983.85
4884.39
3964.68
3409.23
4165.94
5442.1
3758.61
4068.7
5090.23
5275.87
3675.4
4604.24
4405
2258.67
3429.14
2291.65
3552.81
5951.24
5297.43
4905.22
5485.03
5137.46
5340.28
3046.39
2430.98
4963.23
2045.08
1738.1
1930.19
1899.37
2184.51
1875.31
5606.04
2864.01
2074.96
2061.72
1742.75
3884.95
2124.03
2106.79
1821.82
1910.07
1633.03
1854.79
1845.74
2248.39
1628.94
1820.98
7092.74
2215.69
6379.77
2102.22
3113.92
2344.68
4576.28
2366.52
3012.15
3199.07
2502.6
2813.78
3438.28
3051.62
5934.64
5340.33
3383.34
1781.69
5757.16
1961.4
3008.77
1931.11
2285.69
3423.21
2943.91
2000.66
1841.81
2471.02
2196.36
2312.93
5206.93
2846.63
2321.05
2577.53
3949.56
2851.55
2038.55
3080.05
1832.99
1719.7
2444.32
1876.45
2100.92
1908.62
2361.01
1927.35
3593.04
2019.01
1894.66
6356.37
2519.87
3511.28
2516.63
3152.68
2155.48
2035.02
4951.12
1750.29
2160.48
2060.36
1927.21
2999.04
6596.65
2806.09
2367.89
4599.83
6451.94
4280.74
5291.88
3461.29
5883.7
6455.09
5645.66
4017.07
5245.46
2823.33
2627.8
5937.42
4088.18
4484.43
1818.12
1795.34
4703.61
2683.95
5179.4
3045.08
5218.5
1876.89
1682.69
3707.69
1604.82
2220.91
3357.83
3221.57
1797.88
3590.74
2063.8
2178.52
1953.03
1871.58
5746.26
2037.18
1776.69
2016.22
2016.94
5456.01
1757.7
2132.52
6844.25
2107.66
1960.95
5865.77
5315.95
2166.65
2809.43
6017.27
3119.32
2404.85
2548.07
1554.05
2922.71
5789.89
1550.53
4500.01
2189.47
2265.91
1835.18
2162.7
2377.14
3644.53
3426.15
2274.48
2647.17
1793.26
1788.94
2986.33
1913.65
2153.39
2333.28
1514.95
2656.06
2043.24
2932.35
1948.38
5038.67
3705.63
3122.16
3599.94
2711.63
3146.78
2210.98
3298.6
2278.43
2035.34
1882.32
3012.57
4185.96
2878.34
6645.38
2329.33
2136.03
5551.84
1924.27
4980.63
6822.4
6876.56
5778.05
4096.44
3605.47
1998.78
3294.06
3333.35
3455.88
1930.36
3670.26
1757
1820.85
1945.91
4240.48
2161.96
1698.51
2812.41
1890.69
1791.17
5089.38
1930.85
1600.74
3060.16
1999.94
4728.07
3361.99
6812.45
2015.03
3464.11
2718.54
1907.97
3041.92
1939.66
2238.12
2431.06
4084.48
1884.96
2312.99
5430.79
2328.75
1810.04
1946.9
5963.2
3006.61
1732.75
1884.84
6502.16
3130.13
5102.23
1925.04
1871.8
2900.92
2258.43
1647.65
2938.65
2389.68
2124.9
5228.19
4029
2829.45
3834.58
2152.08
1922.44
3249.13
2683.87
2559.39
3069.01
2912.54
2618.45
3702.19
3577.1
3371.1
2418.86
3639.69
1824.48
6421.35
2865.28
3215.61
2825.51
5285.83
4901.3
1938.75
2039.22
5437.36
3688.19
2015.38
1969.51
5593.94
5785.78
1997.93
2990.39
3837.63
6479.51
1889
7137.92
2220.17
2870.8
5519.53
2912.18
2806.41
2087.68
5300.78
4050.82
2223.26
6215.29
2109.2
2691.05
2296.85
3534.06
3626.14
2019.25
2405.64
3121.24
5227.4
3383.56
2333.31
3369.66
2181.67
2284.98
2992.99
2525.76
2974.32
1846.47
2729.49
3670.11
1935.79
3000.4
2076.67
2595.52
2139.43
2515.9
2898.68
1996
2001.29
6345.19
3361.97
3218.52
3398.71
2008.76
6280.02
2003.51
5296.95
6179.63
2241.77
1969.99
3047.61
3892.16
5443.85
2813.4
6315.7
2263.71
4400.21
1988.13
1660.88
5462.27
2073.02
2967.81
1907.93
2863.7
3308.81
5552.56
3694.84
2705.08
2626.8
6210.18
3199.7
2838.07
3023.07
