5834.22
6082.13
4057.85
5170.12
5606.31
6620.63
5988.24
2842.54
6547.27
6103.34
2628.24
3960.02
2523.51
3972.63
5645.57
4733.98
6082.66
2491.41
5517.07
5982.75
2544.39
7213.86
2695.66
3757.17
3331.58
5267.64
5522.47
5512.99
2436.55
6226.39
5199.97
5989.6
2963.93
2150.62
5303.76
3943.79
2021.19
3141.45
2225.79
3630.19
6018.43
5800.94
5432.76
6526.11
5411.39
6349.34
5947.76
6615.73
5496.78
3583.36
5620.17
5371.65
6502.46
5736.06
5795.61
7120.36
2755.22
5923.7
1962.34
4043.56
3854.64
5259.83
6771.56
5655.69
3440.44
5851.83
3386.35
3307.78
6998.11
4526.25
2707.34
3197.56
2202.7
5529.64
2356.79
2210.14
2603.14
2408.14
3916.48
2646.88
3001.6
2710.31
2305.1
1478.16
3252.35
1974.34
1682.02
2091.65
2601.01
2279.83
5192.01
1731.42
2007.72
2124.93
1885.3
2620.12
2387.31
1809.7
2088.03
1833.77
2179.24
5614.64
2140.96
2485.82
2045.29
2074.64
3031.42
2173.32
6462.13
7213.73
5947.81
3510.42
5432.7
3965.25
2363.08
1972.04
6100.8
3156.02
6425.15
5533.04
2758.09
3145.46
3711.49
3104.55
4106.38
2742.43
3933.99
2699.49
3231.66
5507.01
4230.26
4917.62
5396.72
6133.06
5480.34
2163.56
5638.31
6195.65
4032.09
5580.11
2020.65
6155.28
6017.19
5925.22
7433.92
3334.89
4525.09
3564.49
6045.48
4538.26
3097.88
2399.43
2972.6
3347.42
3508.47
2793.29
5760.1
4263.67
2464.86
7829.21
1821.69
4648.9
3072.15
2339.84
2260.6
5196.23
1836.64
3148.71
2208.45
1666.94
2329.5
3521.45
1768.2
2421.11
1902.88
1722.31
1788.16
2072.94
2107.94
4219.37
2276.54
2402.94
1548.21
2095.98
2116.31
2139.74
2065.86
1868.85
2352.25
2760.52
3147.55
3144.11
3614.17
1866.67
2552.09
2649.89
1997.56
5189.86
2585.73
2279.6
5876.9
4648.25
2263.52
3185.5
1813.5
3847.36
2794.31
6311.49
5515.48
4098.27
3362.33
6240.8
4176.93
5873.42
4099.21
6347.1
5826.39
4448.79
7133.46
6145.72
2985.79
4930.19
5819.85
3094.95
4525.4
6600.44
6234.67
6534.18
2299.08
1989.89
2842.74
2747.45
3331.38
3412.64
3475.08
4159.09
1817.17
4896.02
2092
2224.97
2434.87
3285.92
2390.22
4847.45
2973.52
1974.21
2878.52
2083.95
1803.61
2606.26
1971.16
1977.32
2090.67
1647.53
2547.47
2878.63
3313.86
6249.48
2065.51
2059.06
1787.9
1941.2
1868.5
2421.14
2503.17
1931.82
2046.59
2029.3
3563.33
2213.89
4888.73
2037.3
2928.72
2962.79
2333.33
3385.25
3364.41
3089.58
1938.48
4135.32
6170.75
3114.09
5712.42
2401.78
6069.05
2148.02
6563.75
6458.94
3457.02
6101.54
5859.85
3936.54
5630.19
5962.5
3446.77
7119.83
5793.72
5814.86
5844.93
5763.51
6433.03
3350.95
6156.99
2751.55
2243.25
2264.98
1741.43
4119.6
2381.13
2218.89
1697.93
3110.32
3856.33
1846.01
3958.25
5306.08
1981.98
2020.43
3291.23
2315.23
2590.01
2367.56
3357.32
5505.97
3428.79
2598.45
2624.37
4879.79
3029.3
2244.46
2087.57
3366.55
1913.44
2655.74
5185.4
2764.25
1911.06
2754.78
2178.99
2785.61
1774.5
1845.91
3804.14
1758.73
3041.49
3820.11
2815.18
1534.13
2718.59
6785.97
2952.08
2264.68
2222.04
1759.19
1814.4
2624.44
2144.06
3732.82
6799.78
5522.16
5644.83
6504.78
7617.15
6622.77
2655.5
6243.4
6162.19
3913.57
3048.24
5878.45
5350.75
2066.09
6518.48
6566.55
5368.42
3852.93
2264.14
5660.32
3194.82
5472.19
6553.9
5804.44
2998.93
3020.07
3088.05
3355.89
5006.28
3538.78
5755.62
6320.86
2930.31
2269.51
6883.07
3783.55
5558.74
3610.07
5834.58
2960.16
2578.23
3630.2
6184.4
2707.75
3450.92
1956.64
6036.22
2405.44
5346.24
7048.66
5176.73
5925.65
5705.68
2620.87
5729.77
6270.53
5967.7
5871.47
5372.55
5903.64
2727.01
3508.26
5568.23
3581.62
3163.41
2850.84
2939.19
3563.34
7023.18
5701.33
2603.35
3079.88
2922.13
3467.65
2848.13
5883.96
5821.51
6084.11
3725.85
5908.06
3637.75
6499.19
6175.01
4853.24
5547.87
5827.21
5857
3621.35
5928.22
6366.27
6799.29
5389.95
6649.1
5910.54
2690.8
3467.67
3195.84
3373.32
6071.11
6271.58
5347.79
3691.49
6248.39
5428.2
6076.94
6682.69
3659.34
5899.04
5536.55
6157.88
6581.03
6098.8
2947.53
3410.49
5828.32
5873.39
6830.79
2541.08
4852.66
5992.19
6562
5992.74
5131.36
6180.74
7010.12
3331.52
3317.92
3549.51
5134.53
5468.73
3238.53
6001.49
6620.57
3454.12
3134.2
5638.1
5039.49
2925.49
5814.21
2110.37
3936.76
3581.56
1988.4
5568.91
6312.88
7188.78
6091.22
5545.35
7511.21
5102.55
3421.11
4595.34
3687.12
3677.81
6415.57
6636.07
2951.66
3330.56
5347.46
5369.32
3847.76
7758.6
3110.06
6052.87
2768.75
5271.62
5130.09
3519.92
3200.45
3966.41
3180.82
3501.57
3608.69
2788.53
3838.64
3649.03
5609.2
2991.97
3554.86
3688.07
3554.37
3345.47
5812.55
3641.97
5155.4
3505.31
3276.1
5634.25
3122.06
5268.34
14670.2
5477.64
4626.23
4671.01
4935.28
1741.46
6024.91
5111
4999.44
5060.25
5118.2
5833.78
5032.06
5481.24
3856.52
5088.25
5933.97
5069.63
6549.99
5571.8
5585.36
5917.76
5347.89
1964.21
6192.5
4931.49
1684.41
2371.56
6357.8
4778.34
5760.37
5068.11
4830.74
4563.85
5390.62
5102.36
4710.06
5414.75
3460.65
2936.97
5963.3
2137.19
4976.65
2213.02
1847.73
2759.95
2379.55
3187.65
2060.32
1994.35
5252.17
4707.48
2585.84
5719.55
4268.47
5608.69
3093.27
4664.78
2767.54
1630.37
1911.43
2785.89
2011.52
1800.92
5028.96
2352.25
1888.27
1756.23
2053.36
2299.83
1804.83
2486.79
2447.87
2661.24
2890.25
4582.07
2759.35
3076.44
2586.79
2856.5
3355.1
2858.75
5664.63
1942.11
2062.1
2224.64
3985.2
5029.72
5198.83
2113.45
6054.34
3007.82
3114.25
2686.4
2136.34
2648.53
1883.95
3964.17
2637.71
2194.84
2489.86
2691.7
2393.78
2661.64
1977.85
1773.06
5328.09
5466.32
4256.67
6066.48
4952.42
1965.49
3208.73
2391.66
1982.98
2147.73
6408.7
5731.77
2048.61
5819.8
4209.73
2054.98
2710.78
2152.09
2031.59
2386.64
1812.55
1925.5
1876.15
2820.76
2380.46
3723.34
2522.53
1834.3
5816.99
3548.09
1845.84
6598.49
4383.41
2011.05
3276.5
3080.29
5260.49
3164.84
2556.43
3156.49
1633.54
2012.74
2222.84
1683.81
3180.14
5577.25
2684.43
2340.06
2827.77
2193.06
2101.28
2256.72
2255.23
1652.36
5802.33
5979.09
2314.84
3193.51
5703.28
2008.43
3018.48
2656.95
5760.37
2793.95
3198.48
2784.83
3199.51
2761.82
2187.08
4684.06
1818.73
2950.34
2671.13
2084.14
2567.23
2381.37
1910.38
3282.99
2798.9
1962.06
5690.91
1874.93
5998.09
2652.23
2905.22
5627.3
1824.27
2646.66
2304.45
4136.99
3064.96
5950.83
3128.13
3128.36
3014.6
2237.71
2194.44
2133.81
2166.84
2048.73
3177.44
2724.49
5346.24
3092.44
2580.32
2161.36
3153.91
4708.78
3005.56
6512.23
6116.9
3020.72
2034
5911.17
2982.48
6747.31
2208.41
2703.9
3202.97
2994.29
1608.76
2350.92
2831.67
2803.38
3959.63
5850.09
2543.34
4014.33
1997.36
1654.15
2662.01
2702.21
2887.89
2734.28
1926.52
5762.47
5873.6
2715.89
2757.66
3627.79
2190.04
1514.64
4949.26
4921.82
5166.5
2476.17
5090.27
6065.35
6169.55
5760.38
6838.85
5876.74
6034.54
3682.57
2963.95
2079.68
3190.53
4989.29
5863.21
3625.89
3264.89
3954.57
4713.86
3159.53
3167.3
4247.74
4798.62
4974.95
3231.26
4033.23
2785.6
5079.15
2833.95
2770.65
4739.46
2783.53
4234.6
2822.03
4671.03
5521.06
3061.11
5447.24
7076.8
5314.99
5796.6
4725.17
5974.43
6152.32
5348.12
5002.42
4259.42
4596.52
3031.25
6055.53
5542.76
4309.88
3052.66
2035.57
3849.25
2193.07
4722.65
5182.07
6412.74
5207.99
6494.09
2632.1
5926.47
5807.66
5689.25
2978.23
2664.99
4199.21
3459.52
4409.23
5756.53
2321.28
6569.49
4064.96
3341.28
4300.14
3718.26
6601.62
7893.24
6125.1
5837.31
6557.57
5016.27
6180.77
5272.36
5610.74
4616.11
7895.07
3782.03
6538.63
2919.39
4078.45
7894.04
5699.78
3651.06
2027.05
5100.23
8838.89
7498.13
9148.76
5029.58
7066.98
2443.26
4447.52
4133.64
2174.69
2017.84
4341.38
4756.82
4761.84
4401.83
4481.16
3465.27
9498.59
3896.18
5058.31
2906.34
5255.37
4102.48
3088.28
6567.47
3411.71
3970.33
4550.81
2966.61
3426.76
3025.09
4284.53
6303.62
9777.48
4846.33
5509.68
4290.94
3137.69
2873.13
4492.3
3120.58
3177.29
4530.5
5024.79
2917.33
3302.1
3661.99
5536.06
3048.71
5111.59
6290.26
4739.37
5384.47
10782.2
4234.07
2969.75
3346.63
12099.3
4425.27
3217.58
4070.45
3331.36
3494.61
3085.51
2948.88
4741.48
2806.13
3227.09
3850.14
2468.69
3428.47
5197.17
3189.04
2729.75
3760.69
6154.24
4408.96
3978.58
5951.46
2374.32
2518.17
3315.14
2945.05
2156.54
6080.65
3576.96
3690.61
5476.93
1845.79
4775.58
4038.05
4008.32
3577.35
6006.38
3243.48
8121.39
4506.43
4333.53
5908.24
4176.88
6798.36
3729.49
2676.57
2873.39
6589.21
1998.92
3298.67
3240.69
3225.02
2832.61
5646.61
4821.57
3790.75
5879.21
4119.11
7367.17
6129.52
6031.83
1943.2
4163.4
1869.95
3469.45
5369.57
3032.41
5317.61
6694.03
5298.14
2138.06
4005.87
2015.7
7974.4
6731.07
3863.81
4955.43
3435.69
3829.45
4058.97
6650.09
3354.33
2918.61
3978.23
3142.97
3738.46
3226.88
3891.75
2229.56
6637.36
3274.08
6080.47
3149.93
6493.43
6367.41
4205.81
2462.69
4269.96
3547.68
3103
3682.61
6579.54
3574.36
7207.98
6383.77
3566.17
2076.11
3343.27
3333.32
4804.93
2251.7
6419.61
5345.68
4397.34
3313.82
3872.95
3046.36
6715
8104.39
5898.68
5337.71
4075.9
4317.76
2699.26
3184.72
6652.05
6585.47
3764.77
2452.32
7618.93
1754.87
4632.39
6294.92
3598.33
3939.97
6201.55
6999.97
2798.59
7252.62
3614.6
3634.6
3126.75
2865.66
5731.47
3733.15
3113.19
1846.41
6573.7
4350.62
4144.59
4237.11
3014.16
3505.41
4539.62
4012.99
3623.19
3849.74
1964.16
2148.03
1787.38
2018.94
2047.24
1915.76
2207.53
5244.84
3193.03
5028.44
2013.17
4862.94
4982.63
4368.62
5415.28
2226.07
1933.9
2185.6
2045.42
1932.57
1868.41
1949.15
4909.06
6035.04
2069.59
1681.61
5860.56
3187.16
3415.12
4914.18
2532.17
5766.44
3541.15
3036.57
4158.25
5284.53
2449.36
2796.7
2060.82
5053.49
4409.27
5286.81
6239.03
4048.5
2687.16
3029.2
3003.98
1737.69
2577.28
1959.46
2242
2153.61
2244.37
5502.89
2033.3
2157.6
1864.2
1760.49
2047.97
2014.11
2495.61
2039.09
2600.04
2344.15
5139.24
1937.74
2760.49
2258.98
1812.53
2238.24
2392.34
1983.29
1792.58
2051.56
2530
5640.87
2097.26
7100.14
5183.35
2339.94
6813.74
2508.49
2169.53
1719.83
2630.9
2127.93
6152.54
2786.7
2529.15
1827.04
6778.91
2158.27
5885.05
5173.28
5488.03
6740.88
3705.18
2659.97
5645.71
3513.44
2446.05
2247.01
2007.37
3038.48
1792.5
5927.03
1980.65
5563.63
4467.06
5910.4
5823.65
2336.99
2492.45
3866.76
3206.62
5090.42
6116.66
2255.28
1864.23
5710.88
5351.37
3756.39
1849.66
1983.75
2110.83
2525.78
2501.69
5410.91
5062.27
2538.38
3212.98
3977.16
2159.31
3803.95
3393.34
3527.14
2511.49
3030.4
5186.93
6212.76
4729.23
5000.78
5185.07
3131.45
1977.6
1905.89
2026.77
1757.93
2327.6
1790.92
2178.07
1901.05
1747.09
5689.62
1998.88
2068.15
2130.23
2118.32
2226.44
2533.22
1972.9
2665.26
2223.92
3624.73
2823.15
2720.98
2183.31
2035.23
2181.56
2316.97
2781.74
1838.57
2153.88
5143.7
2415.82
6847.06
2198.92
4658.13
5390.06
6833.67
2476.95
4331.47
3175.94
2264.9
1730.89
2127.72
5273.48
7222.08
3731.49
3103.45
2276.84
2246.35
3347.27
4816.97
2140.03
2553.03
2065.08
5150.59
3131.56
6268.23
5829.45
6029.96
2263.99
1822.79
3665.21
6791.88
2122.28
2490.41
2848.57
2647.02
3672.54
3007.67
1822.67
5564.6
5857.31
3569.42
1995.21
2828.57
4238.11
3049.26
2459.81
2256.25
3894.56
2267.08
5740.41
2173.44
2228.7
2380.84
6778.61
2001.03
6226
3783.38
2827.74
2302.74
3616.75
2228.25
5975.41
5755.87
2952.16
1628.26
6340
3580.49
4600.94
3080.89
6402.35
3269.31
2398.99
3211.62
2087.39
5247.23
2748.95
1831.14
6718.33
4204.14
2013.22
4099.62
4714.43
5564.39
1762.04
1999.91
3021.02
3312.29
2633.15
3449.05
4554.5
2496.15
1864.05
1896.26
2453.02
6444.75
2168.08
2855.63
5348.38
2026.78
2224.52
6115.51
2124.01
6401.15
4397.33
2691.35
4063.39
3361.06
2398.71
2883.03
5686.99
1987.69
5346.66
3369.2
5701.93
3893.14
3127.26
2334.7
1997.35
2838.82
2126.65
6651.54
2337.95
4078.47
2231.47
6405.4
3035.69
6376.2
6359.03
6286.6
2128.01
2565
3769.78
2871.37
2098.46
6137.15
2830.9
6017.84
5666.78
5950.53
5924.56
6354.88
7266.59
3866.89
2995.47
4719.03
2972.52
3074.11
3380.61
2895.02
6087.61
6133.55
5186.99
5736.49
2405.55
3388.17
1987.77
3699.76
2918.21
1970.59
1738.68
5224.17
5642.17
2217.13
3361.1
1945.83
2972.99
5998.23
4440.1
3308.48
1907.97
2186.41
2871.42
2480.28
5504.91
2280.6
3501.12
2340.08
2818.75
4406.84
2394.5
4242.54
2582.7
4244.07
1895.85
2027.76
2527.61
2049.29
2252.38
4081.58
3967.81
3246.56
1902.31
4812.98
2876.44
3978.28
4798.11
1850.23
3773.77
2008.16
2214.94
2371.17
3586.12
3772.57
4443.18
2414.07
3213.3
4420.27
2368.1
1613.28
1788.77
2289.78
5386.05
2650.16
2338.97
2514.95
2413.35
3484.48
3231.58
2946.23
2446.08
3555.48
3716.46
2504.97
6742.16
2117.86
2096.97
3342.23
3440.89
5287.4
2015.27
1864.31
3557.59
3221.18
2904.53
2052.74
2050.94
3766.78
2216.02
3317.46
3146.31
2355.56
2520.4
3149.16
2363.38
1479.21
4522.83
2100.09
1833.64
3251.9
1911.58
2342.89
3346.74
1951.3
2580.71
6535.45
3386.6
4477.5
2285.31
3598.25
3885.46
2411.74
3172.27
1619.29
3305.73
5371.48
3893.2
4155.04
4207.17
2152.52
1778.67
3801.69
2644.75
3117.66
2024.07
2449.49
2796.06
2230.8
2243.77
4990.1
2500.75
2372.66
2524.03
4138.33
1854.71
3127.55
4645.94
3510.23
1857.62
1915.49
2566.22
3394.21
4060.71
5338.7
2270.53
2607.83
3223.51
3634.65
3803.85
3849.13
3178.4
3550.35
3700.7
4232.97
3172.34
2132.09
3880.86
4001.54
3295.5
5364.15
2267.29
6187.05
4858.49
5362.37
4234.71
4836.95
4913.19
3846.66
4827.67
5909.31
4912.34
4921.06
3676.12
3490.8
5039.65
3295.89
4386.48
2843.85
5519.47
3423.73
3158.64
5859.45
5879.24
3920.9
2023.43
2027.65
6339
3674.32
2461.34
6720.73
5589.97
5360.1
1597.02
4996.28
5977.16
4882
3962.51
3406.77
4165.17
5436.9
3757.44
4065.1
5086.91
5274.05
3673.45
4601.03
4399.67
2257.84
3427.02
2290.94
3551.42
5949.3
5296.08
4902.79
5482.83
5134.57
5332.15
3037.76
2429.25
4951.97
2044.35
1737.28
1929.26
1898.6
2183.64
1874.51
5604.39
2863.21
2074.23
2061
1741.57
3883.33
2122.88
2105.91
1820.73
1909.34
1631.87
1853.72
1844.97
2247.54
1628.08
1820.19
7089.98
2215.02
6377.25
2101.44
3112.9
2343.35
4574.67
2365.78
3010.5
3197.25
2501.62
2812.43
3434.71
3049.15
5928.87
5339.08
3382.36
1780.28
5754.22
1960.48
3007.52
1929.05
2284
3421.64
2942.39
1999.79
1840.85
2469.59
2194.42
2311.79
5205.11
2832.83
2320.11
2576.15
3948.13
2850.86
2038.02
3079.36
1832.1
1718.76
2443.48
1875.74
2099.89
1907.74
2360.26
1926.6
3587.95
2018.25
1893.86
6354.41
2517.89
3510.5
2515.41
3150.96
2154.71
2034.33
4949.96
1749.08
2159.71
2059.19
1926.41
2998.4
6594.13
2805.34
2366.55
4597.83
6449.94
4273.16
5289.89
3460.29
5881.56
6453.23
5643.85
4015.87
5237.01
2822.17
2626.38
5935.32
4086.51
4482.62
1817.1
1793.82
4701.28
2682.14
5177.23
3043.01
5216.96
1876.01
1681.54
3706.88
1603.54
2220.13
3356.91
3220.73
1797.13
3589.9
2062.51
2177.57
1952.35
1870.43
5745.03
2036.4
1776.05
2015.47
2016.14
5453.2
1756.91
2131.69
6842.74
2106.6
1960.26
5862.87
5314.41
2165.69
2807.98
6015.76
3117.96
2403.89
2546.27
1552.66
2921.81
5788.4
1548.91
4498.06
2188.47
2264.77
1834.46
2161.59
2376.3
3643.07
3424.08
2272.96
2646.04
1791.9
1788.08
2985.67
1912.68
2152.51
2332.46
1513.95
2655.14
2042.38
2931.54
1947.35
5035.82
3698.84
3120.43
3597.99
2710.73
3145.52
2210.23
3297.76
2277.51
2034.68
1881.69
3011.37
4184.55
2877.53
6643.58
2327.18
2135.3
5549.46
1923.42
4978.21
6820.62
6874.92
5764.21
4094.8
3603.89
1998.1
3293.24
3332.4
3454.88
1929.45
3668.74
1756.11
1820.03
1945.05
4238.74
2161.12
1697.39
2811.71
1890.09
1790.18
5087.17
1929.65
1598.12
3058.96
1999.18
4725.99
3360.96
6810.55
2013.1
3462.9
2716.94
1907.21
3039.99
1938.66
2236.7
2430.25
4083.2
1884.14
2312.06
5429.58
2327.74
1807.34
1945.63
5961.94
3005.81
1731.57
1883.84
6498.51
3128.59
5099.07
1924.37
1871
2900.15
2257.23
1646.76
2937.89
2386.46
2123.09
5221.12
4027.99
2828.6
3833.69
2151.19
1921.31
3248.1
2682.92
2558.7
3064.03
2910.84
2617.43
3700.77
3576.11
3370.19
2417.52
3638.76
1823.38
6419.5
2864.4
3214.27
2824.22
5284.01
4900.12
1937.72
2038.39
5434.75
3686.5
2014.18
1968.74
5588.12
5783.58
1996.95
2988.2
3836.57
6477.5
1888.2
7135.07
2219.24
2869.37
5518.44
2909.2
2804.79
2086.72
5297.88
4049.52
2222.47
6213.32
2107.67
2688.17
2295.73
3533.08
3625.35
2016.18
2404.48
3119.44
5226.28
3382.45
2330.84
3368.94
2180.76
2283.71
2992.3
2524.32
2973.58
1845.7
2728.44
3668.78
1934.91
2999.62
2075.75
2594.36
2138.51
2514.84
2897.54
1994.72
1999.93
6343.77
3360.46
3217.71
3396.53
2007.97
6277.73
2002.67
5295.01
6177.72
2239.07
1969.34
3046.22
3890.61
5441.92
2812.34
6313.69
2262.83
4398.11
1987.39
1659.79
5459.61
2072.04
2966.43
1906.54
2862.84
3308.1
5550.38
3693.49
2703.84
2623.79
6208.65
3198.28
2836.93
3022.42
