3241 9667 10011 9584 10011
3242 9600 10008 9280 10008
3243 9661 10009 9577 10009
3244 9666 10013 9548 10013
3245 9686 10003 9608 10003
3246 9660 10007 9603 10007
3247 9565 10018 9234 10018
3249 9617 10013 9286 10013
3295 19360 20017 19224 20017
3296 19329 20025 19067 20025
3297 19348 20025 19219 20025
3298 24185 25025 24054 25025
3299 26610 27522 26449 27522
3300 26568 27531 26469 27531
3301 26611 27530 26246 27530
3303 9674 10011 9571 10011
3317 14471 15013 14411 15013
3318 14465 15022 14208 15022
3319 14532 15016 14436 15016
3320 14515 15021 14395 15021
3321 14520 15010 14456 15010
3323 14545 15020 14430 15020
3324 14497 15014 14121 15014
3325 14470 15019 14130 15019
3308 14488 15014 14421 15014
3309 14517 15021 14314 15021
3310 14497 15016 14395 15016
3311 14495 15016 14468 15016
3312 14513 15023 14443 15023
3313 14515 15019 14411 15019
3314 14536 15019 14325 15019
3315 14529 15016 14355 15016
3232 9668 10011 9617 10011
3233 9662 10005 9416 10005
3234 9659 10011 9601 10011
3235 9681 10010 9584 10010
3236 9688 10013 9604 10013
3237 9695 10010 9605 10010
3239 9656 10007 9406 10007
3240 9649 10013 9420 10013
3284 9673 10008 9622 10008
3285 9691 10014 9630 10014
3286 9659 10007 9594 10007
3287 9683 10006 9621 10006
3288 14533 15019 14448 15019
3289 9702 10014 9633 10014
3290 9692 10008 9593 10008
3291 9708 10016 9631 10016
3222 9652 10010 9644 10010
3223 9672 10008 9583 10008
3224 9687 10008 9636 10008
3225 9691 10013 9640 10013
3226 9703 10012 9623 10012
3227 9700 10013 9594 10013
3228 9684 10016 9576 10016
3229 9689 10017 9629 10017
3250 9610 10009 9547 10009
3251 14304 15017 13619 15017
3252 9645 10013 9519 10013
3253 9609 10019 9493 10019
3254 9658 10010 9495 10010
3255 9621 10010 9509 10010
3256 9579 10010 9073 10010
3257 9540 10014 9096 10014
3384 12336 15020 11094 15020
3385 10348 15052 6865 15052
3386 12470 15019 10923 15019
3387 12374 15026 10841 15026
3388 12482 15027 10960 15027
3389 12403 15031 10959 15031
3390 10419 15040 6884 15040
3391 10285 15044 6902 15044
3339 9579 10008 9371 10008
3340 11321 12191 10191 12191
3341 14387 15012 13944 15012
3342 14318 15016 14006 15016
3343 14331 15015 13991 15015
3344 14340 15015 13995 15015
3345 13985 15019 12516 15019
3346 13945 15019 12402 15019
3347 14200 15005 13685 15005
3348 13568 15015 11623 15015
3349 14173 15011 13614 15011
3350 14236 15016 13700 15016
3351 14253 15025 13633 15025
3352 14251 15018 13666 15018
3353 13593 15034 11532 15034
3354 13593 15024 11587 15024
