3241 10011  9997 10006 0.9986 0.9995 10011  9974  9995 0.9963 0.9984
3242 10008  9927 10006 0.9919 0.9998 10008  9652  9998 0.9644 0.9990
3243 10009 10002 10006 0.9993 0.9997 10009  9958  9994 0.9949 0.9985
3244 10013  9999 10003 0.9986 0.9990 10013  9949  9990 0.9936 0.9977
3245 10003  9984  9997 0.9981 0.9994 10003  9946  9996 0.9943 0.9993
3246 10007  9988 10002 0.9981 0.9995 10007  9949  9998 0.9942 0.9991
3247 10018  9926 10005 0.9908 0.9987 10018  9652  9997 0.9635 0.9979
3249 10013  9930 10006 0.9917 0.9993 10013  9646  9995 0.9633 0.9982
3295 20017 19999 20010 0.9991 0.9997 20017 19970 19992 0.9977 0.9988
3296 20025 19982 20018 0.9979 0.9997 20025 19800 19997 0.9888 0.9986
3297 20025 19999 20009 0.9987 0.9992 20025 19973 19995 0.9974 0.9985
3298 25025 25002 25013 0.9991 0.9995 25025 24961 24982 0.9974 0.9983
3299 27522 27482 27511 0.9985 0.9996 27522 27459 27496 0.9977 0.9991
3300 27531 27486 27516 0.9984 0.9995 27531 27440 27494 0.9967 0.9987
3301 27530 27472 27508 0.9979 0.9992 27530 27209 27494 0.9883 0.9987
3303 10011  9990 10000 0.9979 0.9989 10011  9907  9997 0.9896 0.9986
3317 15013 14995 15009 0.9988 0.9997 15013 14980 14990 0.9978 0.9985
3318 15022 14976 15015 0.9969 0.9995 15022 14732 15000 0.9807 0.9985
3319 15016 15002 15010 0.9991 0.9996 15016 14967 14999 0.9967 0.9989
3320 15021 15007 15008 0.9991 0.9991 15021 14979 14990 0.9972 0.9979
3321 15010 14988 15004 0.9985 0.9996 15010 14961 14998 0.9967 0.9992
3323 15020 15003 15014 0.9989 0.9996 15020 14963 14997 0.9962 0.9985
3324 15014 14970 15005 0.9971 0.9994 15014 14707 14997 0.9796 0.9989
3325 15019 14969 15004 0.9967 0.9990 15019 14716 14997 0.9798 0.9985
3308 15014 14999 15008 0.9990 0.9996 15014 14987 14998 0.9982 0.9989
3309 15021 14990 15014 0.9979 0.9995 15021 14890 14997 0.9913 0.9984
3310 15016 14997 15008 0.9987 0.9995 15016 14987 14996 0.9981 0.9987
3311 15016 15004 15010 0.9992 0.9996 15016 14983 14992 0.9978 0.9984
3312 15023 14993 15009 0.9980 0.9991 15023 14976 14996 0.9969 0.9982
3313 15019 14997 15011 0.9985 0.9995 15019 14973 14995 0.9969 0.9984
3314 15019 15005 15013 0.9991 0.9996 15019 14884 14997 0.9910 0.9985
3315 15016 14992 15009 0.9984 0.9995 15016 14893 14997 0.9918 0.9987
3232 10011 10001 10003 0.9990 0.9992 10011  9975  9998 0.9964 0.9987
3233 10005  9967  9998 0.9962 0.9993 10005  9778  9998 0.9773 0.9993
3234 10011 10001 10005 0.9990 0.9994 10011  9983  9996 0.9972 0.9985
3235 10010  9996 10008 0.9986 0.9998 10010  9975  9997 0.9965 0.9987
3236 10013  9996 10008 0.9983 0.9995 10013  9976  9997 0.9963 0.9984
3237 10010  9993 10006 0.9983 0.9996 10010  9970  9997 0.9960 0.9987
3239 10007  9966  9999 0.9959 0.9992 10007  9787  9996 0.9780 0.9989
3240 10013  9974 10008 0.9961 0.9995 10013  9795  9999 0.9782 0.9986
3284 10008 10001 10005 0.9993 0.9997 10008  9995  9999 0.9987 0.9991
3285 10014 10006 10009 0.9992 0.9995 10014  9980  9999 0.9966 0.9985
3286 10007  9995 10000 0.9988 0.9993 10007  9986  9999 0.9979 0.9992
3287 10006  9996 10003 0.9990 0.9997 10006  9989  9993 0.9983 0.9987
3288 15019 14994 15008 0.9983 0.9993 15019 14984 14993 0.9977 0.9983
3289 10014 10000 10010 0.9986 0.9996 10014  9985  9997 0.9971 0.9983
3290 10008  9996 10005 0.9988 0.9997 10008  9970 10000 0.9962 0.9992
3291 10016 10007 10015 0.9991 0.9999 10016  9963  9998 0.9947 0.9982
3222 10010 10004 10005 0.9994 0.9995 10010  9991  9998 0.9981 0.9988
3223 10008  9994 10005 0.9986 0.9997 10008  9970  9998 0.9962 0.9990
3224 10008  9995 10004 0.9987 0.9996 10008  9980  9996 0.9972 0.9988
3225 10013  9994 10005 0.9981 0.9992 10013  9983  9994 0.9970 0.9981
3226 10012  9999 10006 0.9987 0.9994 10012  9990  9999 0.9978 0.9987
3227 10013 10001 10011 0.9988 0.9998 10013  9984 10000 0.9971 0.9987
3228 10016  9999 10008 0.9983 0.9992 10016  9968  9999 0.9952 0.9983
3229 10017 10003 10009 0.9986 0.9992 10017  9974  9996 0.9957 0.9979
3250 10009  9985 10001 0.9976 0.9992 10009  9945  9996 0.9936 0.9987
3251 15017 14837 15007 0.9880 0.9993 15017 14154 14997 0.9425 0.9987
3252 10013  9988 10009 0.9975 0.9996 10013  9929  9996 0.9916 0.9983
3253 10019  9993 10007 0.9974 0.9988 10019  9922  9988 0.9903 0.9969
3254 10010  9985 10004 0.9975 0.9994 10010  9900  9994 0.9890 0.9984
3255 10010  9980 10001 0.9970 0.9991 10010  9929  9996 0.9919 0.9986
3256 10010  9898 10000 0.9888 0.9990 10010  9460  9998 0.9451 0.9988
3257 10014  9908 10003 0.9894 0.9989 10014  9477  9999 0.9464 0.9985
3384 15020 14284 14849 0.9510 0.9886 15020 12802 14932 0.8523 0.9941
3385 15052 11678 14919 0.7758 0.9912 15052  7443 14963 0.4945 0.9941
3386 15019 14349 14878 0.9554 0.9906 15019 12743 14936 0.8485 0.9945
3387 15026 14260 14901 0.9490 0.9917 15026 12627 14960 0.8403 0.9956
3388 15027 14170 14901 0.9430 0.9916 15027 12237 14940 0.8143 0.9942
3389 15031 14179 14883 0.9433 0.9902 15031 12159 14951 0.8089 0.9947
3390 15040 11715 14917 0.7789 0.9918 15040  7516 14980 0.4997 0.9960
3391 15044 11637 14884 0.7735 0.9894 15044  7492 14984 0.4980 0.9960
3339 10008  9953 10000 0.9945 0.9992 10008  9822  9992 0.9814 0.9984
3340 12191 11764 12171 0.9650 0.9984 12191 10663 12170 0.8747 0.9983
3341 15012 14941 14986 0.9953 0.9983 15012 14684 14991 0.9782 0.9986
3342 15016 14947 14980 0.9954 0.9976 15016 14714 14987 0.9799 0.9981
3343 15015 14924 14982 0.9939 0.9978 15015 14635 14993 0.9747 0.9985
3344 15015 14912 14989 0.9931 0.9983 15015 14612 14993 0.9732 0.9985
3345 15019 14526 14990 0.9672 0.9981 15019 13070 14990 0.8702 0.9981
3346 15019 14510 14991 0.9661 0.9981 15019 13023 14990 0.8671 0.9981
3347 15005 14877 14966 0.9915 0.9974 15005 14487 14992 0.9655 0.9991
3348 15015 14148 14983 0.9423 0.9979 15015 12187 14993 0.8117 0.9985
3349 15011 14892 14968 0.9921 0.9971 15011 14479 14987 0.9646 0.9984
3350 15016 14891 14972 0.9917 0.9971 15016 14488 14985 0.9648 0.9979
3351 15025 14904 14995 0.9919 0.9980 15025 14380 14973 0.9571 0.9965
3352 15018 14865 14986 0.9898 0.9979 15018 14390 14983 0.9582 0.9977
3353 15034 14168 14990 0.9424 0.9971 15034 12135 14988 0.8072 0.9969
3354 15024 14178 14988 0.9437 0.9976 15024 12153 14993 0.8089 0.9979
