3241 10432 10306 0.9879 10322 10133 0.9817
3242 10205 10096 0.9893  9629  9453 0.9817
3243  9568  9460 0.9887  8291  8143 0.9821
3244 10364 10229 0.9870 10239 10027 0.9793
3245 10368 10262 0.9898 10296 10126 0.9835
3246 10386 10282 0.9900 10220 10046 0.9830
3247 10122  9990 0.9870  9512  9316 0.9794
3249  9168  9057 0.9879  7658  7508 0.9804
3295 20917 20689 0.9891 21252 20889 0.9829
3296 20784 20559 0.9892 20523 20128 0.9808
3297 20389 20172 0.9894 19259 18965 0.9847
3298 26116 25824 0.9888 26369 25944 0.9839
3299 28853 28521 0.9885 29303 28756 0.9813
3300 28793 28467 0.9887 29176 28694 0.9835
3301 28544 28167 0.9868 28065 27500 0.9799
3303  9954  9847 0.9893  8968  8794 0.9806
3317 15732 15552 0.9886 15755 15521 0.9851
3318 15499 15308 0.9877 15058 14755 0.9799
3319 14996 14845 0.9899 13618 13386 0.9830
3320 15683 15517 0.9894 15711 15427 0.9819
3321 15735 15574 0.9898 15792 15507 0.9820
3323 15716 15525 0.9878 15823 15536 0.9819
3324 15462 15269 0.9875 14882 14569 0.9790
3325 14480 14312 0.9884 12681 12445 0.9814
3308 15744 15586 0.9900 16056 15805 0.9844
3309 15696 15492 0.9870 15553 15270 0.9818
3310 15440 15258 0.9882 14691 14449 0.9835
3311 15683 15519 0.9895 15905 15655 0.9843
3312 15729 15583 0.9907 16010 15754 0.9840
3313 15718 15575 0.9909 15982 15723 0.9838
3314 15653 15471 0.9884 15417 15115 0.9804
3315 15109 14931 0.9882 13788 13534 0.9816
3232 10459 10361 0.9906 10447 10268 0.9829
3233 10297 10161 0.9868  9954  9758 0.9803
3234  9890  9784 0.9893  8969  8825 0.9839
3235 10366 10261 0.9899 10359 10203 0.9849
3236 10471 10345 0.9880 10463 10267 0.9813
3237 10404 10315 0.9914 10439 10251 0.9820
3239 10284 10145 0.9865  9923  9733 0.9809
3240  9625  9511 0.9882  8327  8147 0.9784
3284 10469 10380 0.9915 10788 10613 0.9838
3285 10456 10354 0.9902 10568 10377 0.9819
3286 10397 10294 0.9901 10233 10075 0.9846
3287 10438 10330 0.9897 10675 10514 0.9849
3288 15771 15618 0.9903 16131 15838 0.9818
3289 10469 10363 0.9899 10725 10549 0.9836
3290 10460 10351 0.9896 10524 10300 0.9787
3291 10204 10111 0.9909  9636  9504 0.9863
3222 10508 10394 0.9892 10790 10611 0.9834
3223 10473 10350 0.9883 10564 10375 0.9821
3224 10389 10285 0.9900 10233 10084 0.9854
3225 10479 10380 0.9906 10700 10505 0.9818
3226 10513 10410 0.9902 10693 10498 0.9818
3227 10532 10410 0.9884 10749 10541 0.9806
3228 10453 10334 0.9886 10444 10240 0.9805
3229 10223 10109 0.9888  9661  9485 0.9818
3250 10359 10220 0.9866 10032  9827 0.9796
3251 15114 14909 0.9864 13797 13489 0.9777
3252  9174  9059 0.9875  7824  7668 0.9801
3253 10240 10131 0.9894  9879  9646 0.9764
3254 10355 10230 0.9879 10058  9868 0.9811
3255 10316 10185 0.9873 10012  9819 0.9807
3256  9990  9856 0.9866  9228  9007 0.9761
3257  8764  8660 0.9881  6933  6790 0.9794
3384 11580 11145 0.9624  7691  7191 0.9350
3385 10023  9831 0.9808  5720  5413 0.9463
3386  6344  6154 0.9701  2838  2681 0.9447
3387 10973 10540 0.9605  7530  6930 0.9203
3388 11729 11416 0.9733  7554  7173 0.9496
3389 11539 11218 0.9722  7760  7361 0.9486
3390  9450  9271 0.9811  5710  5368 0.9401
3391  5202  5111 0.9825  2314  2245 0.9702
3339 10029  9897 0.9868  9205  8979 0.9754
3340 11465 11291 0.9848  9700  9485 0.9778
3341 12178 12023 0.9873  9068  8847 0.9756
3342 14846 14632 0.9856 13613 13248 0.9732
3343 15060 14828 0.9846 13795 13483 0.9774
3344 15028 14815 0.9858 13618 13322 0.9783
3345 14081 13891 0.9865 11861 11561 0.9747
3346 11266 11117 0.9868  7887  7704 0.9768
3347 14729 14478 0.9830 12889 12475 0.9679
3348 13535 13364 0.9874 10751 10458 0.9727
3349 11109 10915 0.9825  7719  7485 0.9697
3350 14276 14038 0.9833 12666 12299 0.9710
3351 14718 14519 0.9865 12844 12460 0.9701
3352 14601 14397 0.9860 12765 12420 0.9730
3353 13276 13098 0.9866 10562 10231 0.9687
3354 10062  9928 0.9867  6515  6365 0.9770
