3241  9751   142   642  3636  5331  9226   441   987  3779  4019
3295 19543   107   493  5243 13700 19114   613  1259  6260 10982
3317 14644   143   529  4588  9384 14168   557  1178  5111  7322
3308 14589    75   231  3583 10700 14416   506   836  4333  8741
3232  9717    67   419  3241  5990  9379   364   754  3533  4728
3284  9827    92    81  1796  7858  9714   338   431  2369  6576
3222  9788    81   113  1974  7620  9655   307   418  2387  6543
3250  9785   229   841  4021  4694  9007   478  1130  3775  3624
3384 18276  8391  4104  4155  1626  7795  2302  1985  2358  1150
3339  9989   501  1462  4282  3744  8330   641  1395  3627  2667
3347 15636  1394  2885  6478  4879 11609  1166  2254  4990  3199
