3241  344  308    3    2   11   20  427  297   11    5   26   88
3242  408  301    2    0   79   26  728  305    8    2  348   65
3243  348  320    1    2    6   19  432  289    9    6   42   86
3244  347  307    4    6   10   20  465  298   13   10   51   93
3245  317  288    3    3   16    7  395  272    2    5   55   61
3246  347  312    2    3   17   13  404  269    7    2   51   75
3247  453  341    9    4   83   16  784  322   18    3  348   93
3249  396  304    4    3   79    6  727  278   13    5  354   77
3295  657  620    4    3   14   16  793  578   17    8   30  160
3296  696  631    6    1   37   21  958  554   25    3  200  176
3297  677  628   13    3   13   20  806  564   25    5   27  185
3298  840  788    7    5   16   24  971  696   25   18   39  193
3299  912  843    8    3   32   26 1073  788   22    4   41  218
3300  963  898   10    5   35   15 1062  757   31    6   60  208
3301  919  833   17    5   41   23 1284  767   30    6  291  190
3303  337  307    7    4   14    5  440  261   11    3   93   72
3317  542  504    3    1   15   19  602  443   13   10   20  116
3318  557  489    6    1   40   21  814  415   22    0  268  109
3319  484  451    6    0    8   19  580  422   16    1   33  108
3320  506  473    8    5    6   14  626  437   21   10   21  137
3321  490  452    4    2   18   14  554  405   10    2   39   98
3323  475  448    6    0   11   10  590  418   20    3   37  112
3324  517  455    6    3   38   15  893  479   14    3  293  104
3325  549  481   10    5   40   13  889  461   19    3  284  122
3308  526  497    6    0    9   14  593  442   14    2   13  122
3309  504  461    6    1   25   11  707  442   21    3  110  131
3310  519  486    7    1   12   13  621  482   16    4   13  106
3311  521  495    5    1    7   13  548  403   16    8   17  104
3312  510  467   14    0   16   13  580  415   23    4   24  114
3313  504  468    6    2   16   12  608  415   19    5   27  142
3314  483  451    4    2   10   16  694  436   19    3  116  120
3315  487  448    5    2   19   13  661  415   16    3  107  120
3232  343  320    6    2    4   11  394  285   11    2   25   71
3233  343  289    5    2   33   14  589  288    6    1  221   73
3234  352  329    4    2    6   11  410  294   11    4   17   84
3235  329  306    1    1   13    8  426  294   10    3   25   94
3236  325  300    5    0   12    8  409  293   13    3   24   76
3237  315  288    2    2   15    8  405  294   10    3   30   68
3239  351  300    7    1   34    9  601  304    7    4  213   73
3240  364  316    5    0   34    9  593  310   13    1  205   64
3284  335  321    3    0    4    7  386  293    8    1    5   79
3285  323  303    4    1    4   11  384  281   14    1   20   68
3286  348  326    5    2    7    8  413  304    7    1   14   87
3287  323  308    3    0    7    5  385  280    6    7   11   81
3288  486  451   10    1   15    9  571  405   19    7   16  124
3289  312  293    3    1   11    4  381  269   14    3   15   80
3290  316  294    1    2   11    8  415  294    8    0   30   83
3291  308  283    0    1    9   15  385  264   16    2   37   66
3222  358  340    4    1    2   11  366  278   10    2    9   67
3223  336  315    3    0   11    7  425  288    8    2   30   97
3224  321  300    3    1   10    7  372  268    8    4   20   72
3225  322  299    7    1   12    3  373  264   13    6   17   73
3226  309  286    4    2    9    8  389  289   12    1   10   77
3227  313  295    2    0   10    6  419  308   13    0   16   82
3228  332  306    8    0    9    9  440  312   16    1   32   79
3229  328  310    7    1    7    3  388  278   17    4   26   63
3250  399  341    5    3   19   31  462  312   10    3   54   83
3251  713  501    3    7  177   25 1398  435   17    3  846   97
3252  368  321    1    3   24   19  494  317   13    4   71   89
3253  410  351    3    9   23   24  526  326   19   12   78   91
3254  352  309    3    3   22   15  515  302   10    6  100   97
3255  389  332    6    3   24   24  501  319   10    4   71   97
3256  431  307    4    6  108    6  937  312   10    2  540   73
3257  474  347    3    8  103   13  918  302   14    1  523   78
3384 2684 1258   21  150  715  540 3926 1222   20   68 2198  418
3385 4704  906   26  107 3348  317 8187  504   52   37 7557   37
3386 2549 1222   12  129  658  528 4096 1307   19   64 2257  449
3387 2652 1263   12  113  754  510 4185 1316   27   39 2372  431
3388 2545 1128    9  117  848  443 4067  966   27   60 2763  251
3389 2628 1183   15  133  837  460 4072  894   31   49 2841  257
3390 4621  936   26   97 3299  263 8156  559   40   20 7484   53
3391 4759  925   44  116 3363  311 8142  518   35   25 7517   47
3339  429  338    4    4   51   32  637  328    8    8  178  115
3340  870  403    2   18  425   22 2000  381   18    3 1510   88
3341  625  481    7   19   64   54 1068  510   12    9  316  221
3342  698  533    7   29   62   67 1010  508   16   13  286  187
3343  684  516   10   23   81   54 1024  484   15    7  365  153
3344  675  508    3   23  100   41 1020  458   15    7  388  152
3345 1034  487    4   25  489   29 2503  428   19   10 1930  116
3346 1074  513    3   25  506   27 2617  518   19   10 1977   93
3347  805  562    3   36  125   79 1320  574    5    8  513  220
3348 1447  538    8   24  859   18 3392  455   15    7 2813  102
3349  838  603    7   36  112   80 1397  584   11   13  521  268
3350  780  533    4   40  121   82 1316  540   16   15  512  233
3351  772  577    3   27  118   47 1392  524   25   27  620  196
3352  767  532    8   24  145   58 1352  530   18   17  610  177
3353 1441  515    9   35  857   25 3502  502   34   12 2865   89
3354 1431  523    8   28  838   34 3437  462   24    7 2847   97
