3241 0.0745514319289 0.0221082575369 0.0477067308777 0.12583105831 -16.825411576 9.94276707865 0.068058926228 0.0391609024418 0.00854183394127 0.0644809301023 -71.7537047102 11.6509741569
3295 0.0749557317232 0.0219768091239 0.0467524690736 0.0935159100296 -17.4018233599 9.15802543095 0.0676654535603 0.0327349549905 0.00813033661006 0.0574390001652 -72.8844687491 10.5323662306
3317 0.0747549073215 0.023621821406 0.0469127133579 0.103756290739 -17.3254244642 9.30447221462 0.068244147652 0.0369729955593 0.0071323046878 0.061074457513 -72.4592879317 11.0254903544
3308 0.0749389161325 0.0214866110021 0.0474680306419 0.0854585448501 -17.4814020922 8.94040018791 0.0685181279161 0.0319357022602 0.00738462969658 0.0563525389031 -72.9906098713 10.5120565349
3232 0.0746321461821 0.0235563251429 0.0507137462475 0.1109557098 -16.8686918876 9.54888045279 0.0677380321627 0.034343159486 0.00755323279831 0.0612990211118 -72.1165563216 11.2967352007
3284 0.0750506959349 0.0263675906168 0.0488862117144 0.0762251393075 -17.7328301092 8.78647235325 0.0685765134336 0.0334040301997 0.00740824920971 0.0564309461634 -73.4156297857 9.95189865765
3222 0.0749637594301 0.020621206948 0.0470301286546 0.0841188024435 -17.6422696956 8.73272858643 0.0682200799862 0.032877581856 0.00786847683998 0.0509311419814 -73.2156612808 9.84487451579
3250 0.0744171495137 0.0276642964395 0.0496919450033 0.148049278672 -16.4846741898 10.3241769657 0.0677759153259 0.0435946568649 0.0072902713102 0.0714087525042 -71.1972662383 12.7044594569
3384 0.0625930673476 0.0474986895208 0.00797831056791 0.495512467377 -12.3094590067 16.5458918108 0.0661955295976 0.103367402967 0.0125377586013 0.199212932088 -61.5237196033 22.6435314424
3339 0.0733941787698 0.0286598114158 0.0438707559345 0.210093456742 -15.7706962274 11.3178582712 0.0676428430097 0.0507003202315 0.0100778592037 0.0903014868215 -69.2405368556 14.6017659381
3347 0.0719268104742 0.0322422433577 0.0533927807105 0.254112567795 -15.4771310559 12.136176754 0.0671167317464 0.0606538593796 0.00911653052921 0.10846857927 -68.6448677623 15.639778497
