3241   4.747   4.457   5.459   5.240
3242   4.798   4.496   5.469   5.261
3243   4.758   4.475   5.510   5.327
3244   4.734   4.467   5.437   5.256
3245   4.760   4.489   5.473   5.259
3246   4.760   4.524   5.467   5.237
3247   4.768   4.458   5.480   5.273
3249   4.745   4.551   5.512   5.333
3295   5.319   4.852   5.670   5.448
3296   5.306   4.889   5.668   5.451
3297   5.323   4.870   5.680   5.483
3298   5.297   4.865   5.665   5.436
3299   5.304   4.842   5.660   5.456
3300   5.310   4.868   5.662   5.449
3301   5.301   4.838   5.667   5.444
3303   5.356   4.866   5.681   5.486
3317   5.141   4.719   5.588   5.360
3318   5.154   4.789   5.579   5.373
3319   5.153   4.727   5.635   5.412
3320   5.088   4.718   5.585   5.362
3321   5.125   4.767   5.588   5.371
3323   5.166   4.782   5.597   5.375
3324   5.210   4.748   5.596   5.370
3325   5.141   4.745   5.624   5.424
3308   5.382   4.898   5.710   5.483
3309   5.359   4.928   5.706   5.491
3310   5.343   4.865   5.716   5.513
3311   5.351   4.913   5.711   5.483
3312   5.395   4.951   5.710   5.498
3313   5.323   4.903   5.709   5.490
3314   5.368   4.890   5.711   5.488
3315   5.388   4.917   5.729   5.511
3232   5.086   4.699   5.563   5.351
3233   5.047   4.702   5.557   5.368
3234   5.046   4.718   5.581   5.373
3235   5.064   4.699   5.561   5.354
3236   5.070   4.679   5.549   5.348
3237   5.024   4.715   5.535   5.349
3239   5.040   4.736   5.563   5.352
3240   5.041   4.630   5.588   5.407
3284   5.478   5.037   5.777   5.570
3285   5.413   4.935   5.778   5.593
3286   5.427   4.900   5.787   5.606
3287   5.423   4.990   5.787   5.591
3288   5.380   5.007   5.784   5.586
3289   5.488   5.022   5.777   5.584
3290   5.398   4.968   5.781   5.591
3291   5.468   5.013   5.795   5.588
3222   5.448   4.954   5.753   5.574
3223   5.444   5.008   5.769   5.582
3224   5.414   4.959   5.766   5.569
3225   5.451   4.977   5.768   5.569
3226   5.423   4.987   5.760   5.575
3227   5.407   4.928   5.775   5.566
3228   5.449   4.993   5.766   5.588
3229   5.438   4.957   5.775   5.591
3250   4.478   4.242   5.354   5.179
3251   4.480   4.273   5.370   5.205
3252   4.471   4.258   5.428   5.258
3253   4.477   4.253   5.369   5.184
3254   4.466   4.257   5.358   5.183
3255   4.501   4.279   5.365   5.178
3256   4.509   4.254   5.390   5.189
3257   4.502   4.244   5.438   5.275
3384   3.399   3.275   3.952   4.313
3385   3.422   3.316   3.927   4.388
3386   3.380   3.269   4.022   4.433
3387   3.380   3.264   3.897   4.295
3388   3.398   3.295   3.900   4.358
3389   3.394   3.296   3.900   4.349
3390   3.422   3.323   3.913   4.414
3391   3.422   3.317   4.000   4.471
3339   4.012   3.817   5.134   5.005
3340   4.021   3.841   5.168   5.056
3341   4.006   3.809   5.227   5.112
3342   4.012   3.817   5.124   4.990
3343   4.003   3.818   5.112   4.977
3344   4.027   3.810   5.139   5.014
3345   4.036   3.819   5.152   5.031
3346   4.021   3.833   5.225   5.111
3347   3.848   3.620   4.958   4.889
3348   3.873   3.613   4.982   4.919
3349   3.845   3.609   5.062   5.012
3350   3.852   3.612   4.957   4.882
3351   3.846   3.606   4.937   4.892
3352   3.840   3.603   4.962   4.885
3353   3.866   3.618   4.977   4.944
3354   3.860   3.625   5.087   5.026
