3241  9193    40   533  3424  5196  8789   314   910  3645  3920
3295 18849    32   392  4927 13498 18449   496  1143  6028 10782
3317 14088    52   434  4363  9239 13623   421  1080  4941  7181
3308 14134    18   173  3378 10565 13884   405   760  4144  8575
3232  9364    31   358  3075  5900  8996   277   677  3421  4621
3284  9465    25    52  1665  7723  9326   250   385  2239  6452
3222  9468    25    73  1846  7524  9286   235   374  2252  6425
3250  9112    88   699  3789  4536  8519   340  1015  3626  3538
3384  7732  1848  2012  2703  1169  5098   832  1422  1907   937
3339  8621   189  1091  3844  3497  7678   423  1225  3478  2552
3347 12357   431  2037  5543  4346 10293   722  1933  4644  2994
