3241 0.0235797054825 0.170260899666 0.0314659792037 0.190663774422
3242 0.0225880341382 0.169285083264 0.0312306711631 0.18857571628
3243 0.0230324057642 0.167126812755 0.0314223417876 0.185028979723
3244 0.0233707719692 0.169413119531 0.0315355855426 0.190970468566
3245 0.0235800888689 0.168564608063 0.0319824027426 0.191034081199
3246 0.0239432808901 0.169582325278 0.0313928546 0.189827727918
3247 0.0243728068452 0.169011187701 0.0299317489491 0.189602173584
3249 0.0241762027799 0.167559770858 0.0291216237262 0.186248350908
3295 0.0263101032092 0.157356186868 0.035263845958 0.170120926101
3296 0.0264905745518 0.157576112829 0.0352512104879 0.170267435577
3297 0.0263277115515 0.156793170753 0.0353590052171 0.168660859168
3298 0.0260439174988 0.156771726208 0.035484234558 0.170849214677
3299 0.0257853895976 0.157163593405 0.0357688704198 0.170368737946
3300 0.0268455888638 0.157374765113 0.0357534785924 0.169974874522
3301 0.0256809510387 0.157518593011 0.0353744250017 0.169563595944
3303 0.0254404891564 0.157198532665 0.0353033312563 0.168735641662
3317 0.025399817445 0.161502201394 0.032381045281 0.1793274767
3318 0.0251215803436 0.161797354564 0.0332398181883 0.17886903009
3319 0.0249803911162 0.160160068808 0.0343783297525 0.17714821471
3320 0.0255409144938 0.161907927267 0.0328632572508 0.178568487737
3321 0.025129991699 0.162141738734 0.0358249955272 0.178308418554
3323 0.0257104884097 0.161825335942 0.0335293227251 0.178986090652
3324 0.0246981940745 0.161094930118 0.0338677857977 0.179092658772
3325 0.0252283237866 0.161040743053 0.0327153196558 0.177707314791
3308 0.026744692486 0.154886401414 0.0358883262233 0.167197700521
3309 0.026594431733 0.15418644601 0.0369162588292 0.167155118008
3310 0.0272192692014 0.154001322213 0.0364627610595 0.165793168214
3311 0.0274771552963 0.154337168098 0.0364390889064 0.166407313764
3312 0.026707673753 0.154816352871 0.0356469559734 0.167010204321
3313 0.0257735460248 0.154895752291 0.0363227030272 0.166941126872
3314 0.0263546583361 0.154902903184 0.0360979675766 0.167027540793
3315 0.0269732536146 0.154480780386 0.0374941950588 0.165547154754
3232 0.0249883879209 0.163594875664 0.0315422635168 0.180870125143
3233 0.0243699919664 0.163696185585 0.0330445797315 0.181533316824
3234 0.0229109799176 0.162979035308 0.0324113857902 0.178498355165
3235 0.0239077324335 0.163317913878 0.0321853130389 0.18089014664
3236 0.0237509039642 0.16387508539 0.0328685454224 0.181361017622
3237 0.0247050425724 0.1635951149 0.0319050971325 0.181448160294
3239 0.0252118750631 0.163515774796 0.0318346670272 0.181707455301
3240 0.0253070897551 0.162760390951 0.0321749915659 0.178478072903
3284 0.0284159173325 0.150409473114 0.0390389583195 0.156669432585
3285 0.0269073814038 0.150535268675 0.0390596853962 0.157166618994
3286 0.0275224311134 0.150617500743 0.0391485563854 0.155967807845
3287 0.0290363989353 0.150755480472 0.0381682110634 0.156324044536
3288 0.0280696926519 0.150260099519 0.0383968337343 0.156814427671
3289 0.0278636170085 0.150572509608 0.0383349789423 0.156542600934
3290 0.0279797601801 0.150240547696 0.0392703493195 0.156135481583
3291 0.0277321678071 0.150635686509 0.0393661975558 0.156401741698
3222 0.0267335831242 0.150621580392 0.0381094914866 0.15745713667
3223 0.0267239775588 0.150655441198 0.0390598646472 0.15824726994
3224 0.0262915962431 0.150619347387 0.0378442108716 0.157694862866
3225 0.0270379865495 0.150650121417 0.0380835257215 0.157916746347
3226 0.0268790150925 0.151001169656 0.0380229935099 0.157448551397
3227 0.0270804297687 0.150720300675 0.0374164332295 0.157924143753
3228 0.0270403456862 0.151021392522 0.0369126873389 0.158053971136
3229 0.0282010504434 0.150364325315 0.0377440326163 0.156895586981
3250 0.0224503518828 0.175368928145 0.0268604114587 0.198834619252
3251 0.0219880629113 0.174658095638 0.0279604962961 0.197757245048
3252 0.0223669441432 0.173279722019 0.0283718380248 0.194783598955
3253 0.0223863139661 0.175250894927 0.0283084943113 0.200408501919
3254 0.0228651360458 0.175388325163 0.0292537323068 0.198915526466
3255 0.0219759068999 0.174385982673 0.0272436292484 0.198944607261
3256 0.0214192457187 0.174855205547 0.0289961380037 0.197559757661
3257 0.0241140822718 0.173045821734 0.0311543420717 0.192896120385
3384 0.0210232507722 0.231413438936 0.0204769580489 0.271092477043
3385 0.0157800325091 0.229539581866 0.022312823087 0.270126209614
3386 0.018128447034 0.221704278754 0.0206841523623 0.261983991026
3387 0.0187618578881 0.231501051642 0.0203053758839 0.26935752639
3388 0.0184290355738 0.230776627766 0.0206701032815 0.274211619368
3389 0.0177586017495 0.230661041616 0.022425965249 0.274438936711
3390 0.0187728222051 0.227724982425 0.0190280636423 0.270674970715
3391 0.0158000693355 0.222571062283 0.0220608121489 0.267972003005
3339 0.0218809925876 0.189935876554 0.0275703413832 0.218186341242
3340 0.0228299998592 0.189810411909 0.0288394561789 0.215819587354
3341 0.0233546043986 0.185698462158 0.0279459306952 0.212324118303
3342 0.0219006347237 0.190681027387 0.0282887957569 0.218225864777
3343 0.0219182232747 0.189454062273 0.0287657877374 0.220597496251
3344 0.0211938310538 0.189221963174 0.0301346038589 0.219068204754
3345 0.0218310580164 0.188427413948 0.0285465288817 0.217307398167
3346 0.0227507447474 0.184746046514 0.0265959774006 0.210621005875
3347 0.0212029904597 0.198807783088 0.0260105898371 0.230286416799
3348 0.0211837584608 0.197113438213 0.0278248833918 0.226397563282
3349 0.0210189671028 0.192955146181 0.0267747148365 0.222291727801
3350 0.0206061753402 0.196239681158 0.0273366780694 0.23011862503
3351 0.0208837730599 0.198213348621 0.0266727197947 0.229255114577
3352 0.02085293825 0.197568294439 0.025815704502 0.23206367482
3353 0.021821055549 0.196290761811 0.0270731286759 0.228139095359
3354 0.0226965906642 0.193362372303 0.0284961289121 0.220338854959
