RUN 283042
   SIZE START   END
     63     0    62
      1    65    65
      1    68    68
      3    70    72
      4    74    77
      1    79    79
      8    81    88
      1    90    90
      2    92    93
      2    95    96
      3    98   100
     22   102   123
      5   125   129
      9   132   140
      5   142   146
      4   148   151
     46   154   199
      1   202   202
      1   204   204
      2   206   207
      4   210   213
     14   215   228
      4   230   233
      3   236   238
      4   241   244
     16   246   261
      6   263   268
      1   270   270
      1   273   273
      4   275   278
      8   280   287
      4   290   293
      3   296   298
     38   300   337
      3   339   341
      4   343   346
     10   348   357
      1   359   359
      3   363   365
      2   367   368
      4   370   373
      6   375   380
      1   382   382
     14   385   398
      6   400   405
      5   409   413
      2   415   416
      1   418   418
      3   420   422
      1   424   424
      3   426   428
     11   430   440
     39   442   480
      3   482   484
      4   487   490
      2   493   494
      4   496   499
      1   501   501
      1   503   503
      3   505   507
      1   509   509
      1   511   511
      4   517   520
     22   522   543
      9   545   553
      8   557   564
      7   566   572
      1   574   574
      1   576   576
     40   578   617
      1   619   619
      1   621   621
      6   623   628
      2   630   631
      1   633   633
      1   636   636
      1   638   638
      4   640   643
      5   645   649
     23   651   673
      1   675   675
      5   677   681
      4   684   687
      3   689   691
      1   693   693
      8   695   702
      4   704   707
      1   709   709
      8   711   718
     87   720   806
      1   808   808
      3   811   813
      4   815   818
      2   820   821
      3   824   826
      7   831   837
      1   839   839
      3   842   844
      2   847   848
     12   850   861
      1   863   863
      6   865   870
      1   872   872
      6   874   879
      3   881   883
      1   885   885
      2   887   888
      1   891   891
      3   893   895
      7   898   904
     43   906   948
      2   951   952
      3   954   956
      6   958   963
     10   965   974
      1   978   978
      8   981   988
     14   990  1003
      1  1006  1006
      5  1008  1012
      4  1014  1017
      2  1019  1020
      6  1022  1027
      2  1029  1030
      5  1032  1036
     55  1039  1093
      3  1095  1097
      6  1100  1105
      2  1108  1109
      3  1111  1113
     12  1115  1126
      2  1128  1129
      1  1131  1131
      4  1133  1136
     11  1138  1148
      2  1150  1151
      1  1153  1153
      1  1156  1156
      2  1158  1159
      3  1161  1163
      1  1165  1165
      1  1167  1167
     16  1171  1186
      2  1189  1190
      4  1192  1195
     35  1197  1231
      2  1233  1234
      1  1237  1237
      1  1239  1239
      4  1241  1244
      2  1247  1248
      3  1251  1253
      1  1255  1255
      2  1258  1259
      7  1261  1267
      2  1270  1271
      1  1274  1274
      1  1276  1276
      1  1278  1278
     10  1280  1289
      5  1291  1295
      1  1298  1298
      2  1300  1301
      2  1303  1304
      1  1306  1306
      3  1308  1310
      2  1312  1313
      2  1315  1316
      1  1318  1318
      7  1320  1326
      3  1329  1331
     38  1333  1370
      7  1372  1378
      6  1380  1385
      3  1388  1390
      2  1392  1393
      3  1395  1397
      3  1399  1401
      1  1404  1404
     10  1406  1415
      1  1417  1417
      9  1419  1427
      1  1429  1429
      1  1433  1433
     17  1435  1451
      3  1453  1455
      5  1457  1461
      3  1465  1467
      1  1470  1470
     39  1473  1511
     10  1513  1522
      3  1524  1526
      2  1528  1529
      5  1531  1535
     10  1538  1547
      1  1549  1549
     15  1551  1565
      2  1567  1568
      1  1570  1570
      2  1572  1573
      3  1575  1577
      1  1579  1579
      3  1581  1583
      1  1587  1587
      2  1589  1590
      7  1593  1599
      5  1601  1605
      3  1607  1609
     85  1612  1696
     11  1700  1710
      7  1712  1718
     12  1720  1731
      1  1734  1734
     18  1736  1753
      6  1755  1760
      1  1763  1763
      4  1765  1768
      4  1770  1773
      1  1775  1775
      2  1778  1779
      6  1781  1786
     11  1788  1798
     39  1800  1838
      5  1840  1844
      5  1846  1850
      2  1852  1853
      7  1855  1861
      1  1864  1864
      1  1866  1866
      1  1868  1868
      2  1870  1871
      9  1873  1881
     13  1884  1896
      3  1898  1900
      1  1902  1902
      7  1907  1913
      1  1915  1915
      2  1917  1918
      3  1920  1922
      3  1925  1927
     58  1929  1986
      5  1988  1992
     14  1994  2007
      2  2009  2010
      4  2013  2016
      2  2018  2019
      4  2021  2024
      6  2028  2033
      9  2035  2043
      1  2047  2047
      5  2049  2053
      5  2056  2060
      4  2063  2066
      4  2068  2071
      8  2076  2083
      3  2086  2088
     42  2090  2131
      2  2136  2137
      1  2140  2140
      1  2142  2142
      3  2144  2146
      2  2148  2149
      3  2152  2154
      1  2157  2157
      2  2159  2160
      2  2162  2163
      8  2165  2172
      8  2174  2181
      2  2184  2185
      4  2187  2190
      4  2192  2195
      2  2197  2198
      2  2200  2201
      4  2203  2206
      4  2208  2211
      7  2213  2219
      5  2221  2225
      1  2227  2227
     36  2229  2264
      4  2266  2269
     11  2271  2281
      1  2283  2283
      4  2286  2289
      2  2291  2292
     32  2294  2325
      1  2327  2327
      1  2330  2330
      5  2332  2336
      3  2340  2342
      7  2345  2351
      2  2355  2356
      6  2358  2363
      1  2365  2365
     37  2367  2403
      2  2405  2406
      2  2409  2410
      3  2412  2414
      1  2416  2416
      4  2418  2421
      4  2425  2428
      1  2431  2431
      2  2433  2434
      6  2436  2441
      5  2443  2447
     11  2449  2459
      5  2461  2465
      7  2468  2474
      3  2476  2478
      1  2480  2480
     10  2482  2491
      1  2494  2494
      3  2496  2498
      7  2500  2506
     83  2508  2590
      7  2592  2598
      4  2600  2603
      1  2606  2606
      2  2608  2609
      2  2611  2612
      1  2614  2614
      2  2616  2617
      7  2619  2625
     21  2627  2647
      9  2649  2657
      6  2659  2664
      1  2666  2666
      3  2669  2671
      1  2674  2674
      7  2676  2682
     46  2684  2729
     10  2733  2742
      1  2744  2744
      7  2748  2754
      1  2756  2756
      4  2758  2761
      3  2763  2765
     23  2767  2789
      2  2791  2792
     12  2794  2805
      4  2809  2812
     13  2814  2826
     41  2828  2868
      2  2871  2872
      7  2877  2883
      3  2885  2887
      1  2889  2889
      5  2891  2895
     12  2897  2908
      2  2910  2911
      3  2913  2915
     11  2917  2927
      1  2930  2930
      1  2932  2932
      3  2934  2936
      1  2938  2938
      2  2941  2942
      4  2944  2947
      2  2950  2951
      4  2953  2956
     50  2958  3007
      4  3010  3013
      2  3015  3016
      1  3020  3020
      3  3022  3024
      2  3026  3027
      2  3030  3031
      3  3033  3035
      4  3037  3040
      2  3043  3044
      1  3046  3046
      1  3050  3050
     10  3054  3063
      1  3065  3065
      3  3068  3070
      5  3072  3076
      6  3078  3083
      7  3086  3092
      6  3095  3100
      4  3104  3107
     38  3110  3147
      2  3149  3150
      1  3152  3152
      2  3154  3155
      8  3157  3164
      1  3166  3166
     12  3169  3180
      9  3182  3190
      1  3193  3193
     11  3195  3205
      3  3207  3209
      3  3211  3213
      1  3215  3215
      1  3217  3217
      2  3219  3220
      2  3222  3223
      2  3225  3226
      1  3228  3228
      2  3230  3231
      9  3233  3241
      1  3245  3245
     41  3247  3287
      8  3289  3296
     10  3298  3307
      2  3310  3311
      1  3313  3313
      3  3315  3317
      2  3320  3321
      4  3325  3328
     15  3330  3344
      2  3347  3348
      1  3350  3350
      2  3352  3353
      1  3355  3355
      3  3357  3359
      4  3361  3364
      5  3366  3370
      1  3372  3372
      8  3375  3382
      2  3384  3385
    177  3387  3563
RUN 283043
   SIZE START   END
     60     0    59
      8   108   115
     35   164   198
      8   247   254
     35   303   337
      8   386   393
     35   442   476
      8   525   532
     35   581   615
      8   664   671
     83   720   802
      8   851   858
     35   907   941
      8   990   997
     47  1046  1092
      8  1141  1148
     35  1197  1231
      8  1280  1287
     35  1336  1370
      8  1419  1426
     35  1475  1509
      8  1558  1565
     83  1614  1696
      8  1745  1752
     35  1801  1835
      8  1884  1891
     47  1940  1986
      8  2035  2042
     35  2091  2125
      8  2174  2181
     35  2230  2264
      8  2313  2320
     35  2369  2403
      8  2452  2459
     83  2508  2590
      8  2639  2646
     35  2695  2729
      8  2778  2785
     35  2834  2868
      8  2917  2924
     35  2973  3007
      8  3056  3063
     35  3112  3146
      8  3195  3202
     35  3251  3285
      8  3334  3341
    174  3390  3563
RUN 281639
   SIZE START   END
      1     0     0
    257     2   258
     55   271   325
      8   374   381
     35   430   464
      8   513   520
     35   569   603
      8   652   659
    512   708  1219
      8  1268  1275
     35  1324  1358
      8  1407  1414
     35  1463  1497
      1  1524  1524
      8  1546  1553
    512  1602  2113
      8  2162  2169
     35  2218  2252
      8  2301  2308
     35  2357  2391
      8  2440  2447
    512  2496  3007
      8  3056  3063
     35  3112  3146
      8  3195  3202
     35  3251  3285
      8  3334  3341
    174  3390  3563
RUN 281641
   SIZE START   END
      1     0     0
    257     2   258
     55   271   325
      8   374   381
     35   430   464
      8   513   520
     35   569   603
      8   652   659
    512   708  1219
      8  1268  1275
     35  1324  1358
      8  1407  1414
     35  1463  1497
      8  1546  1553
    512  1602  2113
      8  2162  2169
     35  2218  2252
      8  2301  2308
     35  2357  2391
      8  2440  2447
    512  2496  3007
      8  3056  3063
     35  3112  3146
      8  3195  3202
     35  3251  3285
      8  3334  3341
    174  3390  3563
RUN 282663
   SIZE START   END
      1     0     0
    331     2   332
    176   345   520
     35   569   603
      8   652   659
    707   708  1414
     35  1463  1497
      8  1546  1553
    707  1602  2308
     35  2357  2391
      8  2440  2447
    707  2496  3202
     35  3251  3285
      8  3334  3341
    174  3390  3563
RUN 283884
   SIZE START   END
     60     0    59
      8   108   115
     35   164   198
      8   247   254
     35   303   337
      8   386   393
     35   442   476
      8   525   532
     35   581   615
      8   664   671
     83   720   802
      8   851   858
     35   907   941
      8   990   997
     47  1046  1092
      8  1141  1148
     35  1197  1231
      8  1280  1287
     35  1336  1370
      8  1419  1426
     35  1475  1509
      8  1558  1565
     83  1614  1696
      8  1745  1752
     35  1801  1835
      8  1884  1891
     47  1940  1986
      8  2035  2042
     35  2091  2125
      8  2174  2181
     35  2230  2264
      8  2313  2320
     35  2369  2403
      8  2452  2459
     83  2508  2590
      8  2639  2646
     35  2695  2729
      8  2778  2785
     35  2834  2868
      8  2917  2924
     35  2973  3007
      8  3056  3063
     35  3112  3146
      8  3195  3202
     35  3251  3285
      8  3334  3341
    174  3390  3563
RUN 283885
   SIZE START   END
     60     0    59
      8   108   115
     35   164   198
      8   247   254
     35   303   337
      8   386   393
     35   442   476
      8   525   532
     35   581   615
      8   664   671
     83   720   802
      8   851   858
     35   907   941
      8   990   997
     47  1046  1092
      8  1141  1148
     35  1197  1231
      8  1280  1287
     35  1336  1370
      8  1419  1426
     35  1475  1509
      8  1558  1565
     83  1614  1696
      8  1745  1752
     35  1801  1835
      8  1884  1891
     47  1940  1986
      8  2035  2042
     35  2091  2125
      8  2174  2181
     35  2230  2264
      8  2313  2320
     35  2369  2403
      8  2452  2459
     83  2508  2590
      8  2639  2646
     35  2695  2729
      8  2778  2785
     35  2834  2868
      8  2917  2924
     35  2973  3007
      8  3056  3063
     35  3112  3146
      8  3195  3202
     35  3251  3285
      8  3334  3341
    174  3390  3563
RUN 283407
   SIZE START   END
     60     0    59
      1    63    63
      1    65    65
      1    69    69
      1    73    73
      1    81    81
      1    86    86
      1    98    98
      1   103   103
     10   107   116
      1   123   123
      1   131   131
      1   140   140
      1   143   143
      1   159   159
     37   164   200
      1   206   206
      1   210   210
      2   220   221
      1   225   225
      1   237   237
      2   241   242
      8   247   254
      1   261   261
      1   264   264
      1   272   272
      1   280   280
      1   285   285
      2   287   288
      1   291   291
      1   300   300
     36   302   337
      1   339   339
      1   341   341
      1   344   344
      1   349   349
      1   362   362
      1   368   368
      1   378   378
      1   380   380
      8   386   393
      3   398   400
      2   402   403
      1   406   406
      1   411   411
      1   413   413
      1   429   429
      1   432   432
      1   439   439
     35   442   476
      1   490   490
      1   498   498
      1   501   501
      3   504   506
      1   516   516
      1   519   519
      1   521   521
      9   524   532
      1   545   545
      2   551   552
      2   554   555
      2   567   568
     35   581   615
      1   619   619
      2   626   627
      1   629   629
      1   632   632
      1   634   634
      1   645   645
      9   663   671
      1   674   674
      1   681   681
      1   683   683
      1   708   708
      1   716   716
     83   720   802
      1   810   810
      1   836   836
      1   838   838
      1   843   843
      1   845   845
     11   848   858
      1   873   873
      1   875   875
      1   885   885
      1   905   905
     35   907   941
      1   947   947
      1   950   950
      1   961   961
      3   977   979
      9   989   997
      1  1001  1001
      1  1022  1022
      1  1025  1025
      1  1037  1037
      1  1040  1040
     48  1045  1092
      1  1110  1110
      1  1115  1115
      1  1134  1134
      8  1141  1148
      1  1150  1150
      1  1165  1165
      1  1180  1180
      1  1184  1184
      1  1190  1190
     36  1197  1232
      1  1240  1240
      1  1243  1243
      3  1257  1259
      1  1274  1274
      8  1280  1287
      1  1295  1295
      1  1300  1300
      1  1307  1307
      1  1328  1328
     35  1336  1370
      1  1386  1386
      1  1407  1407
      1  1413  1413
      8  1419  1426
      1  1434  1434
      2  1436  1437
      1  1444  1444
      1  1459  1459
      4  1470  1473
     36  1475  1510
      1  1514  1514
      1  1516  1516
     10  1556  1565
      1  1573  1573
      1  1575  1575
      2  1578  1579
      2  1587  1588
      1  1595  1595
      2  1601  1602
      1  1605  1605
      1  1608  1608
     85  1613  1697
      1  1709  1709
      1  1712  1712
      1  1716  1716
      1  1721  1721
      1  1723  1723
      1  1732  1732
      8  1745  1752
      1  1758  1758
      1  1761  1761
      1  1763  1763
      2  1766  1767
      1  1770  1770
      1  1772  1772
      2  1784  1785
     35  1801  1835
      1  1837  1837
      1  1849  1849
      1  1854  1854
      1  1860  1860
      3  1862  1864
      1  1866  1866
      1  1877  1877
     10  1883  1892
      1  1901  1901
      1  1904  1904
      1  1910  1910
      1  1915  1915
      1  1926  1926
      1  1932  1932
      1  1934  1934
     47  1940  1986
      1  1991  1991
      1  1998  1998
      1  2012  2012
      1  2014  2014
      8  2035  2042
      1  2048  2048
      1  2058  2058
      1  2062  2062
      1  2065  2065
     35  2091  2125
      2  2130  2131
      1  2162  2162
      1  2172  2172
      8  2174  2181
      1  2186  2186
      1  2190  2190
      1  2213  2213
      1  2215  2215
     35  2230  2264
      1  2276  2276
      1  2278  2278
      1  2283  2283
      1  2285  2285
      1  2289  2289
      2  2291  2292
      1  2299  2299
      1  2309  2309
      8  2313  2320
      1  2323  2323
      1  2329  2329
      1  2331  2331
      1  2334  2334
      1  2353  2353
      1  2356  2356
      1  2359  2359
     35  2369  2403
      1  2406  2406
      2  2435  2436
      1  2448  2448
      8  2452  2459
      2  2468  2469
      3  2488  2490
      1  2494  2494
      1  2503  2503
      2  2505  2506
     83  2508  2590
      1  2600  2600
      1  2602  2602
      1  2614  2614
      1  2619  2619
      1  2626  2626
      1  2629  2629
      1  2632  2632
      1  2637  2637
     10  2639  2648
      1  2650  2650
      1  2657  2657
      1  2664  2664
      1  2669  2669
      3  2687  2689
     36  2694  2729
      1  2733  2733
      1  2743  2743
      1  2751  2751
      1  2753  2753
      1  2772  2772
      8  2778  2785
      1  2795  2795
      1  2810  2810
      1  2814  2814
      1  2817  2817
      1  2823  2823
     35  2834  2868
      1  2872  2872
      1  2880  2880
      2  2887  2888
      1  2902  2902
      1  2912  2912
      1  2915  2915
      8  2917  2924
      1  2926  2926
      1  2930  2930
      1  2941  2941
      1  2946  2946
      1  2953  2953
      1  2956  2956
     35  2973  3007
      1  3013  3013
      1  3015  3015
      1  3018  3018
      1  3021  3021
      1  3023  3023
      1  3050  3050
      8  3056  3063
      1  3073  3073
      1  3076  3076
      1  3080  3080
      1  3084  3084
      1  3090  3090
      2  3109  3110
     35  3112  3146
      1  3151  3151
      2  3156  3157
      1  3160  3160
      1  3173  3173
      1  3175  3175
      1  3179  3179
      1  3185  3185
      1  3190  3190
      8  3195  3202
      1  3217  3217
      1  3232  3232
      2  3243  3244
     36  3250  3285
      1  3290  3290
      1  3303  3303
      1  3310  3310
      1  3324  3324
      1  3331  3331
      9  3334  3342
      1  3368  3368
      1  3373  3373
      1  3377  3377
      1  3380  3380
      1  3387  3387
    174  3390  3563
RUN 283408
   SIZE START   END
      8     0     7
     51     9    59
      8   108   115
     35   164   198
      8   247   254
     35   303   337
      8   386   393
     35   442   476
      8   525   532
     35   581   615
      8   664   671
     83   720   802
      8   851   858
     35   907   941
      8   990   997
     47  1046  1092
      8  1141  1148
     35  1197  1231
      8  1280  1287
     35  1336  1370
      8  1419  1426
     35  1475  1509
      8  1558  1565
     83  1614  1696
      8  1745  1752
     35  1801  1835
      8  1884  1891
     47  1940  1986
      8  2035  2042
     35  2091  2125
      8  2174  2181
     35  2230  2264
      8  2313  2320
     35  2369  2403
      8  2452  2459
     83  2508  2590
      8  2639  2646
     35  2695  2729
      8  2778  2785
     35  2834  2868
      8  2917  2924
     35  2973  3007
      8  3056  3063
     35  3112  3146
      8  3195  3202
     35  3251  3285
      8  3334  3341
    174  3390  3563
RUN 283416
   SIZE START   END
     60     0    59
      8   108   115
      1   131   131
     35   164   198
      1   226   226
      8   247   254
     35   303   337
      8   386   393
     35   442   476
      1   502   502
      1   511   511
      1   522   522
      8   525   532
     35   581   615
      8   664   671
      1   708   708
     83   720   802
      8   851   858
      1   862   862
     35   907   941
      8   990   997
      1  1043  1043
     47  1046  1092
      1  1098  1098
      8  1141  1148
      1  1163  1163
     35  1197  1231
      1  1274  1274
      8  1280  1287
     35  1336  1370
      1  1381  1381
      8  1419  1426
     36  1474  1509
      8  1558  1565
     83  1614  1696
      1  1743  1743
      8  1745  1752
      1  1795  1795
     35  1801  1835
      8  1884  1891
     47  1940  1986
      8  2035  2042
      1  2075  2075
     35  2091  2125
      8  2174  2181
      1  2187  2187
      1  2192  2192
      1  2210  2210
     35  2230  2264
      1  2285  2285
      8  2313  2320
     35  2369  2403
      8  2452  2459
     83  2508  2590
      1  2604  2604
      8  2639  2646
     35  2695  2729
      8  2778  2785
     35  2834  2868
      8  2917  2924
     35  2973  3007
      8  3056  3063
     35  3112  3146
      1  3180  3180
      8  3195  3202
     35  3251  3285
      1  3291  3291
      8  3334  3341
    174  3390  3563
