46000 3222  0.73  1.60  0.60  0.90  0.50  0.40 
46000 3223  0.78  1.60  0.60  0.90  0.50  0.40 
46000 3224  0.76  1.60  0.60  0.90  0.50  0.40 
46000 3225  0.77  1.60  0.60  0.90  0.50  0.40 
46000 3226  0.78  1.60  0.60  0.90  0.50  0.40 
46000 3227  0.80  1.60  0.60  0.90  0.50  0.40 
46000 3228  0.80  1.60  0.60  0.90  0.50  0.40 
46000 3229  0.79  1.60  0.60  0.90  0.50  0.40 
46    3232 13.30 14.07 13.10 12.70 11.94 10.85 
46    3233 13.30 14.07 13.10 12.70 11.96 10.82 
46    3234 13.30 14.06 13.10 12.70 11.98 10.85 
46    3235 13.30 14.05 13.12 12.70 11.98 10.81 
46    3236 13.30 14.02 13.20 12.70 11.93 10.82 
46    3237 13.30 14.00 13.20 12.70 11.94 10.88 
46    3239 13.30 14.00 13.20 12.70 11.94 10.88 
46    3240 13.20 14.00 13.20 12.75 11.95 10.80 
33    3241 19.30 19.93 19.20 18.41 17.50 15.80 
33    3242 19.30 19.86 19.20 18.40 17.50 15.80 
33    3243 19.30 19.86 19.20 18.40 17.50 15.80 
33    3244 19.30 19.88 19.20 18.45 17.50 15.80 
33    3245 19.30 19.85 19.20 18.45 17.50 15.80 
33    3246 19.30 19.83 19.20 18.49 17.50 15.80 
33    3247 19.30 19.80 19.20 18.50 17.50 15.80 
33    3249 19.33 19.71 19.20 18.50 17.50 15.80 
22    3250 19.33 19.71 19.20 18.50 17.50 15.80 
22    3251 24.53 24.90 24.52 23.50 22.40 20.20 
22    3252 24.50 24.90 24.52 23.50 22.40 20.20 
22    3253 24.50 24.90 24.54 23.50 22.40 20.20 
22    3254 24.50 24.90 24.54 23.50 22.40 20.20 
22    3255 24.59 24.89 24.50 23.50 22.40 20.20 
22    3256 24.59 24.85 24.60 23.50 22.40 20.20 
22    3257 24.51 24.80 24.60 23.51 22.40 20.20 
0     3284  0.10  0.00  0.00  0.30  0.00  0.00 
0     3285  0.10  0.00  0.00  0.30  0.00  0.00 
0     3286  0.10  0.00  0.00  0.30  0.00  0.00 
0     3287  0.10  0.00  0.00  0.30  0.00  0.00 
0     3288  0.10  0.00  0.00  0.30  0.00  0.00 
0     3289  0.10  0.00  0.00  0.30  0.00  0.00 
0     3290  0.10  0.00  0.00  0.30  0.00  0.00 
0     3291  0.10  0.00  0.00  0.30  0.00  0.00 
100   3295  6.80  7.39  6.70  6.60  6.00  5.50 
100   3296  6.80  7.40  6.70  6.61  6.00  5.50 
100   3297  6.80  7.44  6.70  6.62  6.01  5.50 
100   3298  6.80  7.50  6.70  6.62  6.03  5.50 
100   3299  6.81  7.50  6.70  6.64  6.05  5.50 
100   3300  6.80  7.50  6.70  6.68  6.06  5.50 
100   3301  6.80  7.50  6.70  6.64  6.06  5.50 
100   3303  6.84  7.50  6.70  6.65  6.01  5.50 
330   3308  4.40  4.60  4.20  4.30  3.70  3.40 
330   3309  4.40  4.60  4.20  4.30  3.70  3.40 
330   3310  4.40  4.60  4.20  4.30  3.70  3.40 
330   3311  4.50  4.60  4.20  4.30  3.70  3.40 
330   3312  4.50  4.60  4.20  4.30  3.70  3.40 
330   3313  4.50  4.60  4.20  4.30  3.70  3.40 
330   3314  4.50  4.60  4.20  4.30  3.70  3.40 
330   3315  4.50  4.60  4.20  4.30  3.70  3.40 
69    3317 11.10 11.20 11.00 10.70  9.90  9.00 
69    3318 11.10 11.20 11.00 10.70  9.90  9.00 
69    3319 11.10 11.20 11.00 10.70  9.94  9.00 
69    3320 11.10 11.20 11.00 10.70  9.93  9.00 
69    3321 11.10 11.20 11.00 10.70  9.95  9.00 
69    3323 11.10 11.17 11.00 10.70 10.00  9.00 
69    3324 11.10 11.19 11.00 10.60 10.00  9.00 
69    3325 11.20 11.20 11.00 10.70 10.00  8.90 
15    3339 35.91 36.05 36.42 34.73 33.27 30.07 
15    3340 35.70 35.87 36.21 34.69 33.24 30.01 
15    3341 35.63 35.59 36.01 34.50 33.10 30.00 
15    3342 35.60 35.52 35.97 34.50 33.10 29.97 
15    3343 35.60 35.50 35.87 34.40 33.04 29.95 
15    3344 35.58 35.41 35.79 34.29 32.96 29.99 
15    3345 35.53 35.37 35.66 34.20 32.88 29.81 
15    3346 35.56 35.31 35.65 34.10 32.74 29.76 
10    3347 42.80 42.61 42.96 41.01 39.50 35.90 
10    3348 42.86 42.61 42.93 41.00 39.40 35.90 
10    3349 42.87 42.57 42.90 40.93 39.38 35.83 
10    3350 42.85 42.54 42.94 40.90 39.31 35.80 
10    3351 42.82 42.56 42.90 40.90 39.37 35.80 
10    3352 42.81 42.53 42.90 40.90 39.28 35.77 
10    3353 42.85 42.54 42.90 40.80 39.27 35.72 
10    3354 42.85 42.57 42.90 40.81 39.26 35.71 
4.6   3384 79.24 79.37 80.11 76.44 73.94 67.35 
4.6   3385 79.24 79.43 80.13 76.45 74.00 67.37 
4.6   3386 79.24 79.43 80.14 76.49 73.99 67.36 
4.6   3387 79.25 79.45 80.17 76.54 74.03 67.40 
4.6   3388 79.25 79.53 80.20 76.60 74.07 67.44 
4.6   3389 79.28 79.57 80.25 76.61 74.09 67.43 
4.6   3390 79.23 79.50 80.20 76.60 74.02 67.43 
4.6   3391 79.22 79.49 80.20 76.60 74.00 67.40 
      
46000 3222  0.60  0.50  0.46  0.50  0.20  0.33  0.20  0.38  0.31  0.35  0.40  0.30  0.42  0.36  0.38  0.19  0.40  0.37 
46000 3223  0.60  0.50  0.42  0.50  0.27  0.30  0.20  0.37  0.31  0.34  0.40  0.30  0.40  0.38  0.38  0.18  0.40  0.36 
46000 3224  0.60  0.50  0.41  0.50  0.22  0.30  0.21  0.37  0.32  0.34  0.40  0.30  0.43  0.36  0.38  0.18  0.40  0.34 
46000 3225  0.60  0.50  0.40  0.50  0.22  0.31  0.20  0.37  0.32  0.35  0.46  0.30  0.42  0.37  0.37  0.17  0.40  0.35 
46000 3226  0.60  0.50  0.42  0.50  0.23  0.30  0.21  0.39  0.31  0.36  0.41  0.30  0.41  0.37  0.38  0.18  0.40  0.35 
46000 3227  0.60  0.50  0.43  0.50  0.25  0.33  0.20  0.39  0.33  0.35  0.40  0.30  0.44  0.37  0.39  0.18  0.40  0.37 
46000 3228  0.60  0.50  0.40  0.50  0.21  0.33  0.21  0.39  0.29  0.34  0.40  0.30  0.42  0.38  0.38  0.17  0.40  0.37 
46000 3229  0.60  0.50  0.47  0.50  0.24  0.31  0.20  0.38  0.32  0.36  0.46  0.30  0.41  0.36  0.38  0.19  0.41  0.37 
46    3232  7.40  7.31  6.62  6.90  6.24  6.20  6.53  6.63  6.26  6.29  6.41  5.10  6.51  6.13  5.91  5.70  6.76  4.63 
46    3233  7.40  7.35  6.65  6.90  6.30  6.20  6.52  6.63  6.26  6.28  6.43  5.10  6.50  6.10  5.91  5.69  6.74  4.63 
46    3234  7.40  7.37  6.64  6.90  6.30  6.20  6.53  6.65  6.25  6.28  6.41  5.10  6.50  6.12  5.91  5.69  6.75  4.61 
46    3235  7.31  7.36  6.64  6.90  6.30  6.20  6.52  6.63  6.26  6.27  6.42  5.10  6.50  6.10  5.91  5.69  6.75  4.61 
46    3236  7.39  7.34  6.61  6.90  6.30  6.19  6.52  6.63  6.27  6.27  6.44  5.10  6.47  6.18  5.91  5.70  6.74  4.62 
46    3237  7.40  7.34  6.62  6.90  6.30  6.20  6.52  6.63  6.26  6.28  6.40  5.10  6.52  6.17  5.91  5.70  6.74  4.62 
46    3239  7.40  7.34  6.62  6.90  6.30  6.20  6.52  6.63  6.26  6.28  6.40  5.10  6.52  6.17  5.91  5.70  6.74  4.62 
46    3240  7.40  7.37  6.65  6.90  6.30  6.17  6.52  6.63  6.25  6.28  6.46  5.10  6.50  6.12  5.91  5.69  6.74  4.60 
33    3241 10.10 10.22  9.30  9.60  8.90  8.70  9.43  9.52  9.01  9.03  9.20  7.30  9.15  8.55  8.32  8.10  9.50  6.44 
33    3242 10.10 10.20  9.30  9.62  8.90  8.70  9.43  9.51  9.01  9.02  9.20  7.30  9.15  8.55  8.32  8.12  9.50  6.43 
33    3243 10.10 10.20  9.30  9.64  8.90  8.69  9.42  9.51  9.00  9.01  9.16  7.30  9.15  8.53  8.33  8.09  9.50  6.42 
33    3244 10.10 10.21  9.30  9.65  8.90  8.68  9.42  9.51  8.99  9.02  9.18  7.30  9.15  8.55  8.33  8.12  9.50  6.44 
33    3245 10.10 10.20  9.30  9.64  8.90  8.70  9.42  9.51  8.99  9.01  9.19  7.30  9.15  8.55  8.32  8.11  9.48  6.43 
33    3246 10.10 10.23  9.30  9.68  8.90  8.66  9.41  9.51  9.00  9.02  9.19  7.30  9.15  8.55  8.32  8.11  9.49  6.44 
33    3247 10.10 10.24  9.30  9.65  8.90  8.64  9.41  9.50  8.99  9.01  9.18  7.30  9.15  8.55  8.32  8.09  9.48  6.41 
33    3249 10.10 10.21  9.30  9.64  8.90  8.60  9.40  9.50  9.00  8.99  9.16  7.29  9.13  8.55  8.32  8.12  9.48  6.42 
22    3250 10.10 10.21  9.30  9.64  8.90  8.60  9.40  9.50  9.00  8.99  9.16  7.29  9.13  8.55  8.32  8.12  9.48  6.42 
22    3251 12.80 13.04 12.00 12.34 11.35 11.02 12.14 12.25 11.60 11.59 11.78  9.30 11.89 11.14 10.86 10.64 12.35  8.33 
22    3252 12.80 13.01 11.90 12.34 11.36 11.03 12.13 12.25 11.61 11.59 11.76  9.30 11.89 11.14 10.86 10.64 12.35  8.31 
22    3253 12.80 13.04 11.90 12.36 11.37 11.00 12.13 12.26 11.61 11.59 11.78  9.30 11.88 11.14 10.86 10.64 12.35  8.31 
22    3254 12.80 13.04 11.90 12.36 11.37 11.00 12.13 12.26 11.61 11.59 11.78  9.30 11.88 11.14 10.86 10.64 12.35  8.31 
22    3255 12.86 13.05 11.90 12.39 11.37 11.03 12.14 12.27 11.63 11.61 11.78  9.30 11.90 11.16 10.85 10.63 12.36  8.29 
22    3256 12.80 13.04 11.95 12.39 11.37 11.04 12.15 12.29 11.63 11.61 11.78  9.30 11.86 11.15 10.87 10.64 12.36  8.31 
22    3257 12.81 13.10 11.91 12.38 11.37 11.01 12.12 12.27 11.64 11.62 11.79  9.30 11.88 11.15 10.86 10.65 12.35  8.31 
0     3284  0.10  0.00  0.00  0.00  0.00  0.00  0.01  0.05  0.03  0.05  0.10  0.00  0.03  0.04  0.04  0.10  0.04  0.09 
0     3285  0.10  0.00  0.00  0.00  0.00  0.00  0.00  0.05  0.03  0.05  0.10  0.00  0.00  0.01  0.03  0.10  0.04  0.08 
0     3286  0.10  0.00  0.00  0.00  0.00  0.00  0.00  0.07  0.04  0.04  0.18  0.00  0.00  0.00  0.02  0.10  0.04  0.08 
0     3287  0.10  0.00  0.00  0.00  0.00  0.00  0.00  0.06  0.03  0.05  0.20  0.00  0.00  0.02  0.03  0.10  0.03  0.08 
0     3288  0.10  0.00  0.00  0.00  0.00  0.00  0.01  0.07  0.02  0.05  0.20  0.00  0.00  0.01  0.03  0.10  0.03  0.08 
0     3289  0.10  0.00  0.00  0.00  0.00  0.00  0.07  0.07  0.07  0.05  0.20  0.00  0.00  0.04  0.03  0.10  0.04  0.09 
0     3290  0.10  0.00  0.00  0.00  0.00  0.00  0.07  0.06  0.03  0.05  0.20  0.00  0.00  0.04  0.03  0.10  0.04  0.08 
0     3291  0.10  0.00  0.00  0.00  0.00  0.00  0.20  0.06  0.06  0.04  0.10  0.00  0.00  0.05  0.02  0.10  0.03  0.08 
100   3295  3.89  3.82  3.41  3.54  3.12  3.18  3.26  3.39  3.19  3.23  3.30  2.60  3.33  3.15  3.05  2.83  3.45  2.39 
100   3296  3.84  3.80  3.41  3.52  3.20  3.19  3.25  3.39  3.20  3.22  3.30  2.60  3.33  3.15  3.06  2.82  3.46  2.40 
100   3297  3.89  3.82  3.44  3.53  3.13  3.18  3.26  3.39  3.18  3.22  3.26  2.60  3.33  3.15  3.06  2.82  3.45  2.40 
100   3298  3.87  3.83  3.42  3.54  3.18  3.20  3.26  3.39  3.19  3.22  3.29  2.60  3.33  3.15  3.05  2.83  3.47  2.39 
100   3299  3.90  3.81  3.42  3.54  3.20  3.19  3.26  3.39  3.19  3.23  3.28  2.60  3.33  3.13  3.06  2.82  3.47  2.41 
100   3300  3.90  3.85  3.44  3.54  3.20  3.18  3.25  3.39  3.19  3.24  3.28  2.60  3.34  3.15  3.06  2.85  3.47  2.40 
100   3301  3.90  3.83  3.43  3.54  3.20  3.20  3.26  3.41  3.20  3.22  3.29  2.60  3.35  3.15  3.05  2.83  3.47  2.39 
100   3303  3.90  3.86  3.46  3.56  3.20  3.17  3.27  3.41  3.21  3.24  3.28  2.60  3.34  3.16  3.07  2.85  3.49  2.41 
330   3308  3.20  3.07  2.63  2.70  2.32  2.30  2.08  2.22  2.06  2.06  2.20  1.70  2.38  2.28  2.20  1.93  2.42  1.71 
330   3309  3.20  3.07  2.61  2.70  2.30  2.31  2.07  2.22  2.06  2.05  2.20  1.70  2.38  2.28  2.18  1.93  2.42  1.72 
330   3310  3.20  3.07  2.61  2.70  2.31  2.38  2.07  2.23  2.06  2.07  2.20  1.70  2.39  2.27  2.19  1.93  2.43  1.72 
330   3311  3.20  3.06  2.62  2.70  2.34  2.31  2.07  2.23  2.05  2.06  2.19  1.70  2.38  2.27  2.20  1.93  2.43  1.73 
330   3312  3.20  3.02  2.61  2.70  2.30  2.32  2.08  2.22  2.05  2.06  2.18  1.70  2.38  2.28  2.20  1.94  2.42  1.72 
330   3313  3.20  3.04  2.63  2.70  2.35  2.30  2.06  2.23  2.05  2.06  2.20  1.70  2.37  2.27  2.19  1.93  2.42  1.73 
330   3314  3.20  3.06  2.62  2.70  2.30  2.34  2.07  2.22  2.05  2.06  2.19  1.70  2.37  2.27  2.20  1.93  2.41  1.72 
330   3315  3.20  3.03  2.62  2.70  2.32  2.38  2.07  2.23  2.06  2.06  2.17  1.70  2.38  2.27  2.20  1.94  2.41  1.71 
69    3317  6.67  6.60  5.86  6.01  5.44  5.34  5.38  5.50  5.18  5.19  5.30  4.20  5.52  5.17  5.05  4.78  5.66  3.90 
69    3318  6.67  6.60  5.84  6.01  5.42  5.34  5.37  5.49  5.18  5.18  5.30  4.20  5.52  5.19  5.04  4.76  5.67  3.89 
69    3319  6.66  6.60  5.84  6.01  5.43  5.32  5.38  5.49  5.18  5.20  5.35  4.20  5.52  5.20  5.03  4.77  5.67  3.89 
69    3320  6.64  6.60  5.85  6.03  5.42  5.32  5.37  5.49  5.19  5.20  5.38  4.20  5.52  5.18  5.04  4.78  5.67  3.89 
69    3321  6.67  6.60  5.84  6.02  5.42  5.33  5.37  5.49  5.19  5.20  5.31  4.20  5.52  5.19  5.05  4.77  5.68  3.88 
69    3323  6.64  6.60  5.84  6.03  5.43  5.32  5.37  5.49  5.18  5.19  5.33  4.20  5.51  5.18  5.04  4.76  5.66  3.88 
69    3324  6.62  6.60  5.84  6.01  5.42  5.32  5.37  5.48  5.18  5.20  5.30  4.20  5.51  5.18  5.04  4.77  5.65  3.87 
69    3325  6.68  6.60  5.87  6.03  5.43  5.31  5.38  5.50  5.18  5.20  5.37  4.10  5.53  5.19  5.05  4.78  5.67  3.88 
15    3339 18.43 18.79 17.40 18.01 16.63 16.17 17.43 17.69 16.86 16.94 17.01 13.80 17.02 16.04 15.69 15.48 17.81 12.09 
15    3340 18.40 18.80 17.32 17.96 16.68 16.11 17.35 17.61 16.81 16.91 17.08 13.70 16.93 15.98 15.65 15.43 17.77 12.07 
15    3341 18.24 18.60 17.25 17.90 16.62 16.10 17.28 17.52 16.77 16.87 17.03 13.60 16.83 15.92 15.59 15.41 17.73 12.05 
15    3342 18.20 18.56 17.24 17.90 16.60 16.04 17.24 17.48 16.76 16.86 17.02 13.60 16.82 15.92 15.57 15.39 17.71 12.04 
15    3343 18.20 18.55 17.24 17.90 16.61 16.20 17.22 17.47 16.74 16.85 17.01 13.60 16.81 15.92 15.57 15.39 17.71 12.05 
15    3344 18.18 18.50 17.21 17.81 16.55 16.06 17.22 17.43 16.69 16.82 16.96 13.60 16.78 15.84 15.53 15.37 17.69 12.03 
15    3345 18.12 18.44 17.17 17.77 16.53 16.04 17.19 17.38 16.65 16.79 16.93 13.60 16.76 15.82 15.46 15.35 17.67 12.00 
15    3346 18.15 18.40 17.10 17.75 16.50 16.02 17.18 17.36 16.60 16.77 16.93 13.59 16.74 15.76 15.42 15.32 17.63 11.98 
10    3347 21.80 22.16 20.63 21.44 20.04 19.50 21.05 21.16 20.32 20.54 20.70 16.72 20.83 19.54 19.18 19.07 21.89 14.96 
10    3348 21.80 22.12 20.60 21.48 20.03 19.44 21.04 21.14 20.29 20.50 20.65 16.80 20.81 19.51 19.14 19.04 21.87 14.94 
10    3349 21.80 22.14 20.58 21.40 20.10 19.44 21.03 21.13 20.24 20.47 20.66 16.80 20.78 19.47 19.12 19.00 21.85 14.93 
10    3350 21.80 22.10 20.52 21.31 20.02 19.45 21.00 21.11 20.23 20.46 20.64 16.80 20.78 19.46 19.08 18.97 21.83 14.91 
10    3351 21.80 22.10 20.51 21.30 19.91 19.42 20.99 21.09 20.20 20.39 20.62 16.80 20.77 19.44 19.06 18.94 21.81 14.91 
10    3352 21.78 22.06 20.43 21.26 19.90 19.40 20.99 21.07 20.15 20.35 20.61 16.80 20.75 19.43 19.01 18.88 21.77 14.90 
10    3353 21.80 22.03 20.43 21.23 19.90 19.40 20.99 21.07 20.14 20.33 20.60 16.80 20.76 19.41 19.00 18.88 21.74 14.89 
10    3354 21.80 22.06 20.40 21.21 19.89 19.46 20.98 21.07 20.12 20.32 20.60 16.67 20.76 19.39 19.00 18.86 21.73 14.88 
4.6   3384 40.35 41.01 38.15 39.53 37.04 35.88 39.06 39.25 37.65 37.84 38.02 31.00 39.05 36.72 35.99 35.84 40.61 28.07 
4.6   3385 40.30 41.00 38.16 39.56 37.04 35.78 39.06 39.22 37.65 37.83 38.00 31.00 39.04 36.74 35.98 35.82 40.59 28.06 
4.6   3386 40.22 40.90 38.12 39.50 37.00 35.78 39.01 39.14 37.59 37.80 37.95 30.99 38.98 36.64 35.91 35.78 40.54 28.00 
4.6   3387 40.27 40.90 38.12 39.52 37.08 35.79 39.00 39.17 37.58 37.80 37.97 30.99 38.99 36.63 35.91 35.80 40.57 28.02 
4.6   3388 40.20 40.89 38.13 39.50 37.01 35.80 39.01 39.15 37.57 37.80 37.98 31.00 38.99 36.66 35.92 35.78 40.55 28.01 
4.6   3389 40.20 40.81 38.11 39.60 37.03 35.81 39.02 39.17 37.58 37.84 38.00 31.00 38.99 36.65 35.91 35.81 40.58 28.03 
4.6   3390 40.12 40.85 38.07 39.45 36.99 35.75 39.02 39.14 37.55 37.81 37.97 30.98 38.94 36.61 35.87 35.78 40.56 28.04 
4.6   3391 40.10 40.83 38.04 39.41 36.96 35.77 38.98 39.10 37.52 37.79 37.95 30.96 38.93 36.58 35.85 35.77 40.53 28.02 
