1634.18
1599.3
1604.65
1181.8
1155.29
1969.42
1460.76
1119.4
1431.3
1151.85
1176.51
1221.39
1093.15
1163.34
1339.13
2042.46
1208.35
1394.87
1113.83
1440.34
1364.8
1212.34
1290.27
1110.2
1945.17
1083.58
1989.95
1476.63
1941.83
1437.45
1303.76
967.088
1435.9
1586.75
1128.37
1278.9
1297.87
1331.65
744.136
1034.92
1279.37
1086.69
2172.27
1067.75
2098
1362
1064.63
1251.65
1532
1304.06
1703.62
1117.24
1324.11
1440.88
1467.4
1312.74
1160
841.122
1285.03
1224.93
930.792
1281.54
1012.45
1137.49
1367.19
1315.72
1943.11
1232.76
1199.16
1227.61
1144.87
1514.03
1012.43
1476.56
1081.13
1651.42
723.16
1719.44
1307.55
903.744
1416.64
1114.44
1184.23
1327.25
1500.83
1244.01
1126.32
1149.79
1093.84
1452.62
1343.71
1164.26
1213.13
2472.97
1476.39
1381.66
712.769
1288.23
1741.83
1024.69
1142.11
1649.58
1400.73
1543.41
1511.24
1489.92
1440.53
1056.98
1269.35
1332.29
1224.76
1547.22
1000.19
1324.85
1111.17
1789.9
1167.18
1193.9
1564.57
1244.34
1206.09
1188
1171.43
1291.67
1719.71
1074.49
1433.51
1256.84
962.278
868.653
1085.07
1252.32
1174.4
1287.67
1120.05
2470.72
1671.48
1473.97
1437.12
1468.58
1086.38
1159.59
837.15
1177.05
1280.47
1233.7
2121.81
1350.73
958.325
1670.45
1522.42
849.037
911.963
1039.47
1270.11
1091.71
1496.12
2297.61
1491.34
889.628
979.817
1081.77
1654.64
1256.87
1036.17
1209.8
1839.95
1052.11
1130.47
1066.28
965.09
1656.29
960.588
1300.77
906.087
984.379
1023.93
1055.43
870.869
1232.94
1114.83
1018.23
1825.9
2389.84
1002.86
1003.59
1193.44
946.736
994.157
1338.99
2661.52
1330.67
1196.17
1228.32
907.77
994.405
1418.12
1109.36
1283.07
1380.98
2121.64
894.047
1297.18
1249.46
1183.77
1013.99
1962.14
1088.59
1127.54
754.067
1076.98
1725.33
1061.01
1383.4
1815.67
1587.04
1898.7
1880.95
1312.92
1171.02
2148.8
1204.65
1225.87
952.028
1315.18
1107.86
1323.28
2255.26
1320.47
1106.53
943.631
1397.91
1083.76
1140.15
1436.17
1889.91
1202.48
1460.86
1293.19
1255.05
1821.22
1188.96
1833.29
1326.05
1543.19
1808.44
2084.86
1394.44
1240.27
1612.79
1590
2004.64
1358.2
1403.81
1543.27
1515.14
1358.71
2164.94
1302.39
1335.67
2500.76
1216.77
1686.42
1988.59
1560.7
1530.14
1537.22
1536.81
1083.75
1542.07
1300.47
1299.69
1124.62
1311.15
1249.28
1281.98
1221.63
1143.37
1407.54
1408.8
1019.36
1212.72
1323.79
1461.19
1872.42
1425.17
1061.32
1914.87
1157.77
1453.87
1238.99
1436
1014.27
1413.72
1585.74
949.625
1346.15
901.349
1346.13
1003.07
958.22
1335.12
1418.84
853.113
1223.6
1203.03
1319.2
1217.45
1267.87
1468.71
977.382
770.686
1093.62
1013
2035.67
1023.91
1099.4
1281.61
1464.42
1120.32
1174.12
1228.65
836.485
1617.61
1178.37
1291.7
1794.7
1864.98
1467.02
1070.72
868.472
1698.07
1023.89
1600.62
1050.63
1370.15
1065.91
1358.48
982.328
1044.82
1473.99
1314.54
1159.91
1348.01
1705.2
1068.76
1348.96
1173.08
1269.81
1286.27
1437.12
1270.8
1076.32
1649.83
1808.29
1367.38
1200.4
1167.67
1215.43
1261.84
1479.81
1129.42
976.453
1218.38
931.107
1112.15
1130.24
1204.76
1101.04
1270.27
1027.66
1000.58
1875.34
1221.63
1417.59
1397.93
1524.18
1224.61
1023.49
1432.5
1183.85
1387.12
1214.58
1315.64
1093.02
1212.11
1786.39
1142.7
995.274
955.505
1180.42
1211.46
1410.31
1003.83
1698.63
965.212
1075.12
947.184
1184.23
806.079
1293.38
1208.5
1256.62
1360.36
876.596
2037.43
913.745
1266.95
1216.45
912.978
931.768
1172.66
1206.08
2070.44
895.578
1067.13
981.994
1306.79
2298.25
1162.65
1161.73
1666.92
1215.08
1559.83
2265
1248.24
1094.16
1155.85
1180.03
1795.98
1110.5
1476.46
918.876
1221.44
1390.75
1203.21
1952.87
954.327
1588.2
1293.47
2159.34
1307.53
1096.69
1499.79
1478.99
1700.34
1271.81
1648.76
2150.39
1462.98
1953.81
1369.48
1325.85
1686.39
1241.51
1413.72
1320.45
1679.33
1295.15
1321.27
1059.16
1204.27
1175.09
1389.96
1344.91
971.013
1084.35
969.92
1062.23
1081.14
1205.48
1420.28
1122.78
1102.12
1349.81
1007.77
1457.57
1182.79
1275.12
1023.94
1115.67
1621.69
1041.53
1171.08
1081.24
1204.72
1363.94
1012.11
1636.55
1429.45
1415.48
978.401
1478.93
1130.06
1015.83
1058.05
1247.81
1554.53
917.681
1775.99
1197.28
1065.52
1535.08
1176.64
1005.72
1027.14
1157.09
1746.48
1386.25
1092.18
1939.21
1463.53
1506.35
1843.83
1187.8
2030.11
804.107
1189.29
1655.3
1296.61
1172.63
1005.39
1293.25
1167.57
1493.19
1116.56
1209.29
1270.37
1076.61
1527.3
1088.77
1031.78
1490.59
1217.02
1235.5
1675.39
1157.94
1692.08
1143.79
1369.06
1263.36
1314.64
1069.73
1403.11
1209.77
1182.3
1330.89
1216.12
1133.43
1034.44
1192.2
1369.58
1198.34
1599.73
1286.57
1079.94
1641.89
1220.19
1085.32
1100.64
1494.62
1728.63
1056.3
1619.53
984.471
1459.21
1203.9
1644.79
1380.75
997.544
1483.06
1168.31
1034.94
956.921
1214.29
1287.78
1102.5
1416.57
1375.37
1655.91
889.19
2073.39
1562.22
2058.06
1123.78
1086.98
1468.83
1000.16
1578.69
1475.81
1078.49
1021.44
1169.93
1274.26
1673.4
1624.39
988.387
1547.68
1358.67
1088
1708.57
1120.21
1367.85
1029.83
1199.55
1452.53
2164.43
1373.72
1126.74
1607.15
891.812
868.197
1192.43
1206.51
1054.26
1076.43
1588.33
1451.59
873.765
1510.9
1348.66
1382.88
1357.87
1028.95
1505.43
2061.28
1143.45
1500.87
1571.01
1985.31
1430.79
1225.48
1175.12
1516.15
1209.29
1542.24
1253.18
1160.33
1285.03
1991.59
1009.88
1595.78
1219.29
1209.43
1285.05
1009.32
926.037
1494.61
1105.57
1066.06
1811.7
1283.07
1650.61
872.968
894.51
2054.14
1191.54
1835.01
1082.51
1309.81
1506.32
1159.26
1151.66
1169.23
901.669
919.906
2198.83
1123.58
1394.57
1713.09
1114.03
1258
1675.41
1349.08
1216.58
2191.01
1064.16
1429.04
1642.25
1060.1
1361.26
1067.3
1330.07
1215.67
1066.87
1495.9
1388.14
908.394
1285.39
1395.2
1412.62
1722.26
973.721
1246.04
1207.03
1205.05
1211.85
1405.83
918.291
1093.54
1530.47
970.2
1339
1141.29
1136.49
1919.51
1217.87
851.737
1119.64
1499.35
1665.51
917.036
1205.79
910.303
1112.45
1100.16
1212.86
1064.15
1262.51
1063.85
1198.48
908.139
1077.61
1796.92
1151.99
1324.42
1123.3
1140.19
1759.37
1664.63
1223.51
1327.73
2037.8
1620.52
1997.78
2100.85
1510.59
1389.52
1164.42
1571.7
1908.97
1392.71
1059.9
1781.77
1646.46
1362.06
1086.12
1196.82
1379.9
1118.78
1456.5
1308.05
1223.22
1224.01
1142.85
1471.82
1480.74
1372.95
1377.41
956.66
1092.97
1743.39
2224.4
972.146
1294.29
1376.51
1680.34
1544.2
1070.08
1605.27
1190.23
1143.32
983.421
1247.66
1251.12
1170.24
1315.52
1145.29
1312.97
1477.27
973.055
1496.79
796.253
1186.15
1206.98
1594.6
1242.45
1070.82
1327.51
953.852
1316.23
1074
991.81
1398.48
1059.52
1107.53
1241.61
1405.17
939.709
1798.95
1191.76
1290.32
1306.16
1604.78
1278.57
1647.07
1231.84
1563.26
1278.48
1241.97
1599.6
1160.84
960.015
1513.49
1202.54
1309.95
2270.21
1314.42
920.912
1274.38
1696.32
1189.46
1300.29
1292.94
1416.28
1567.8
1378.28
1803.42
1960.57
2282.19
2080.45
1394.79
1295.79
1380.46
1115
1068.26
1075.68
1752.25
1442.94
1901.02
1303.28
1062.64
1356.24
1252.01
1412.52
1877.34
1219.55
1992.44
1838.58
1477.47
1098.62
1176.66
1540.95
1201.8
1240.16
1331.14
1490.02
1731.38
1200.32
1482.37
1397.52
1176.54
1175.66
1361.14
1606.27
1627.69
1352.45
1348.79
1230.57
2554.95
1196.86
1762.93
1011.25
1040.41
1474.01
1418.7
1455.37
1287.13
925.851
1396.17
918.409
1278.15
1715.44
1743.35
1113.4
1282.11
1371.1
1024.49
1366.47
1092.37
1672.39
1332.5
1261.83
1310.15
1069.86
1222.22
1105.05
1543.01
1605.28
1628.07
1782.94
793.344
1167.52
1285.32
1162.5
1170.35
1626.51
1242.92
1341.19
2217.83
1263.99
1328.23
1714.83
1420.81
1591.5
1437.66
1263.51
1420.72
1233.6
1247.2
1045.52
2044.12
1461.85
1126.78
1512.96
1202.15
1145.02
1201.22
1283.29
1084.97
1338.07
1353.46
1442.13
1457.99
1759.46
1332.36
1038.43
890.341
1344.66
1453.97
1267.93
1377.73
1327.75
1443.46
1163.8
1274.8
1114.35
1512.15
1656.9
1058.71
813.218
1503.86
1225.67
1654.13
1281.46
1577.53
810.58
1292.88
1149.54
1193.22
1119.64
1062.34
1530.25
1367.53
1168.84
2043.93
1206.85
1256.29
1251.14
1135.92
2872.62
1527.88
1555.61
844.883
1234.35
1831.07
1252.27
1106.08
1251.6
1197.67
1451.69
1416.82
1124.33
1197.44
1097.39
1266.66
923.45
1150.27
1038.36
1184.3
1012.94
1791.74
978.111
1337.44
1039.82
1098.87
989.243
1539.47
1160.95
918.253
1200.31
1401.46
