40647.9
39950.9
40100.6
29528.1
28924.3
49202.8
36513.5
27980.9
35767.2
28840.6
29456.1
30522.1
27375.3
29072.3
32297.1
50969.4
30251.2
34918.9
27871.1
35854.4
34122.0
30304.7
32271.7
27733.2
48656.2
27100.7
49677.3
36924.2
48581.6
35772.3
32644.1
24185.5
35877.5
39620.4
28071.8
31965.6
32292.3
33115.5
18655.3
25876.1
31915.9
27138.8
53101.7
26707.2
51789.9
34055.3
26602.3
31313.0
38214.7
32611.4
42455.9
27946.8
33122.9
36025.4
36681.2
32788.0
28998.9
21079.0
32121.4
30627.0
23349.2
32057.0
25316.6
28454.4
26657.5
32916.4
48580.2
30812.9
29999.1
30659.0
28610.8
37786.2
25302.6
36901.5
27054.0
41273.3
18057.8
42966.0
32684.0
22585.2
35221.5
27869.6
29626.9
33187.5
37500.5
31088.7
28129.3
28703.6
27338.8
36259.7
33574.3
28971.1
30281.3
61595.6
36943.1
34530.7
17843.4
32226.1
43511.6
25623.2
28547.4
41200.3
35045.0
38544.5
37770.4
37188.6
35971.8
26513.6
31808.9
33165.0
30637.9
38684.6
25053.1
33127.0
27810.7
38468.3
29128.2
29888.4
39104.9
31133.5
30166.2
29716.5
29283.6
32309.5
42999.9
26888.8
35851.5
31390.6
24068.6
21753.7
27149.2
31387.2
29390.7
32185.5
28028.1
61793.4
41835.0
36824.7
36013.1
36702.1
27148.9
28984.5
20953.6
29428.3
32027.9
30843.4
46311.8
33785.2
23984.0
41812.1
38065.9
21278.2
22857.8
26031.3
31740.4
27293.3
37378.3
57345.8
37130.3
22267.3
24458.1
27067.0
41448.0
31440.4
25943.4
30301.1
46041.0
26303.5
28219.7
26680.0
24195.0
41474.9
24069.1
32518.8
22652.5
24647.2
25648.1
26393.6
21796.4
30837.2
27886.0
25515.0
45696.6
59807.4
25098.9
25118.1
29861.0
23717.3
24902.9
33471.0
66352.3
33261.9
29937.1
30696.1
22703.2
24911.8
35455.6
27786.2
31981.7
34452.5
53154.9
22407.7
32384.4
31290.2
29559.6
25406.4
48563.9
27129.9
28250.2
18832.7
26953.6
43049.5
26535.3
34573.6
44947.8
37436.2
41530.1
46918.0
32791.3
29313.2
53474.2
30177.0
30565.1
23714.4
32932.2
27715.8
33000.7
55930.2
33056.7
27620.1
23658.4
35021.6
27041.7
28551.9
30801.4
46969.8
30124.5
36460.1
32383.6
31280.9
41256.3
27925.4
45678.6
33039.5
38554.0
41832.4
46129.6
34762.3
30951.5
40039.8
39741.8
49941.0
33858.2
34340.5
38374.5
37479.6
33483.5
53496.0
32620.4
33390.7
62516.4
30474.8
42061.2
49836.7
39028.8
38226.6
38375.1
38381.4
27115.7
38508.4
32513.2
32497.0
28148.2
32779.7
31260.8
32050.7
30565.2
28596.9
35190.7
35208.8
25540.1
30333.1
33113.1
36490.5
46851.3
35619.3
26460.9
47675.1
28977.9
36327.7
30985.1
35841.6
25391.1
35375.4
39357.1
23772.4
33562.5
22576.2
33638.1
25107.2
23957.2
33412.5
35478.6
21351.4
30635.6
30087.9
33002.6
30487.8
31712.0
36721.9
24490.1
19244.8
27357.9
25399.1
50831.8
25625.5
27478.1
31971.5
36660.6
28036.4
29286.8
30541.7
20882.3
40456.2
29489.5
32280.4
44839.2
46551.1
36633.6
26774.4
21718.3
42420.1
25403.1
40025.4
26278.5
34222.4
26684.3
33942.6
24573.5
26140.9
36853.5
32851.3
28978.5
33685.6
42616.7
26754.2
33706.3
29309.1
31747.0
32075.7
35672.8
31561.5
26825.2
41261.6
45113.2
34135.6
30030.9
29158.5
30397.8
31573.0
37014.2
28260.6
24440.3
30463.2
23294.9
27721.7
28266.0
30130.3
27539.7
31788.5
25714.9
25036.7
46843.1
30548.6
35465.7
34964.9
38055.3
30531.9
25575.8
35798.4
29600.2
34627.5
30437.8
32906.3
27336.5
30295.4
44635.3
28592.1
24915.4
23918.5
29523.0
30221.3
35280.4
25082.6
42392.0
24141.3
26844.7
23663.7
29539.7
19926.9
32182.1
30137.2
31438.8
34083.1
21947.7
50959.9
22808.5
31450.9
30437.3
22857.3
23313.1
29256.9
30164.1
51657.3
22407.3
26666.2
24563.1
32670.2
57434.1
29088.1
29036.3
41405.8
30122.2
39015.8
56609.6
31214.5
27382.7
28932.1
29498.7
44810.5
27779.6
36855.6
23002.4
30553.7
34789.0
30103.3
48774.7
23901.5
39713.8
32358.1
53979.5
32711.0
27454.3
37503.7
37058.8
42508.8
31807.1
41193.4
53796.9
36570.0
48899.5
34185.5
33169.5
42082.2
30796.3
35357.2
32999.0
41960.8
32329.3
33033.6
26444.4
29945.4
29343.7
34676.9
33639.9
23986.7
27134.5
24219.1
26583.1
26997.7
30127.3
35470.0
28093.1
27572.4
33668.8
25140.0
36401.5
29587.9
31895.3
25617.7
27852.8
40505.7
26069.2
29292.4
27066.9
30144.3
34099.9
25327.5
40855.0
35685.9
35407.5
24493.7
36921.4
28295.7
25429.7
26481.8
31151.2
38799.7
22927.2
44295.8
29955.3
26595.4
38455.0
29424.4
25091.6
25628.6
28949.7
43674.7
34573.0
27344.7
48463.9
36602.4
37680.2
46158.1
29664.3
50752.9
20084.3
29754.0
41371.7
32438.6
29341.2
25174.8
32350.0
29211.1
37316.4
27919.1
30235.0
31771.3
26930.2
38193.0
27237.7
25876.7
37115.7
30348.1
30880.5
41906.5
28946.8
42323.0
28610.2
34254.5
31594.2
32909.5
26729.8
35088.6
30151.1
29583.0
33271.5
30404.8
28205.9
25912.4
29833.0
34283.0
29984.9
39893.6
32254.7
27037.4
41033.8
30489.3
27148.1
27498.2
37295.8
43085.5
26431.7
40491.6
24653.2
36450.6
30130.1
41059.2
34526.5
24972.1
37082.6
29246.9
25908.3
23959.4
30376.3
32279.6
27586.8
35438.8
34407.5
41412.8
22273.4
51680.5
39066.1
51516.5
28123.7
27178.7
36721.4
25003.2
39478.7
36914.4
27004.8
25540.9
29185.8
31773.8
41655.7
40613.1
24735.1
38694.3
33988.8
27229.4
42704.8
28011.9
34281.4
25690.0
30020.7
36332.4
54160.6
34309.8
28169.0
40173.0
22348.2
21761.0
29865.8
30186.6
26392.4
26945.1
39606.8
36228.8
21886.8
37785.3
33731.4
34534.2
33883.1
25759.1
37354.2
51470.6
28592.5
37543.1
39297.2
49696.3
35547.2
30658.3
29354.9
37954.5
30254.6
38602.1
31308.9
29040.1
32082.6
49663.2
25297.2
39682.9
30427.7
30278.9
32095.7
25220.3
23170.0
37342.6
27586.9
26682.3
45194.7
32126.1
40884.4
21858.6
22200.7
51365.9
29800.7
45892.0
27067.2
32739.0
37635.8
29003.0
28840.3
29239.6
22611.2
23026.1
54924.1
28114.8
34900.5
39499.3
27835.0
31488.5
41897.8
33725.4
30453.7
54735.3
26619.3
35750.6
41044.5
26514.0
34041.9
26676.8
33279.8
30398.7
26604.8
37423.2
34580.1
22737.1
32216.7
34856.2
35290.8
43049.4
24386.4
31212.4
30198.8
30181.5
30326.8
35080.3
22981.5
27294.0
38043.0
24299.7
33427.0
28532.6
28454.9
47897.5
30456.5
21233.6
27965.8
37502.3
41557.1
22966.5
30168.0
22770.7
27800.2
27502.4
30303.8
26636.4
31624.6
26615.6
30004.0
22725.7
26994.3
44514.3
28790.9
33099.9
28134.4
28546.1
43954.9
41254.0
30610.1
33230.9
50946.8
40554.1
48232.0
52542.7
37743.5
34829.3
29199.7
39290.5
47703.8
34824.5
26522.0
44444.7
41138.4
34101.4
27172.9
29932.5
34510.9
27955.0
36373.1
32707.0
30576.6
30599.4
28586.9
36784.3
37011.0
34295.7
34430.9
23961.0
27331.1
43552.4
55175.5
24300.4
32382.7
34405.7
41230.7
38613.0
26773.0
40108.6
29782.5
28489.5
24616.0
31191.4
31332.7
29280.9
32902.9
28677.4
32720.3
36855.4
24243.5
37395.5
19945.7
29669.9
30190.6
39637.3
31097.4
26706.0
33133.5
23873.4
32921.6
26906.1
24841.7
34905.8
26484.5
27742.1
31051.5
35071.4
23501.1
44907.1
29819.8
32309.7
32690.6
40064.3
31942.7
41166.6
30805.8
39072.0
31961.2
31018.5
40036.5
29027.7
24009.2
37815.3
30045.0
32737.9
56579.8
32881.3
23015.7
31897.6
42401.7
29767.5
32531.7
32324.6
35442.6
39167.0
34508.6
45066.1
49005.8
57058.9
52036.9
34954.6
32405.9
34510.6
27886.8
26722.5
26924.9
43904.6
36123.4
47562.2
32585.7
26597.8
33916.5
31242.8
35325.9
46687.7
30464.8
49858.7
45599.4
36818.1
27383.4
29428.1
38497.0
30071.0
31025.7
33271.7
37304.7
43196.9
30024.2
37093.3
34975.7
29451.5
29376.6
34035.8
40104.6
40619.9
33807.4
33694.9
30754.8
63682.5
29952.2
44091.5
25278.6
25993.7
36894.4
35470.7
36388.6
32199.8
23189.5
34927.8
23001.0
32002.4
42894.5
43559.1
27855.0
32095.9
34295.1
25614.1
34122.0
27358.3
41807.3
33275.3
31506.0
32799.1
26768.2
30565.6
27618.4
38619.3
40143.9
40691.1
44339.7
19855.2
29206.0
32129.8
29102.5
29294.6
40688.8
31068.3
33503.7
55472.5
31616.5
33220.3
42859.0
35524.4
39760.6
35938.0
31683.9
35495.1
30825.5
31158.6
26150.1
50708.6
36530.1
28174.5
37832.6
29983.5
28609.5
30037.3
32167.1
27135.5
33388.2
33837.6
36072.7
36458.7
43977.2
33312.4
25947.0
22291.1
33645.4
36374.5
31715.4
34416.4
33221.1
36135.9
29115.1
31843.9
27838.4
37788.6
41403.5
26505.3
20366.1
37631.4
30641.5
41233.8
32010.7
39481.8
20252.6
32369.1
28677.7
29852.8
28019.3
26585.9
38254.0
34170.6
29102.2
50556.1
29953.6
31249.9
31194.4
28396.2
71775.0
37801.7
38702.0
21163.4
30738.9
45621.6
31346.2
27621.8
31294.5
29988.9
36207.0
35359.6
28119.5
29968.1
27474.8
31685.4
23121.3
28791.9
26012.9
29603.1
25373.2
44848.6
24513.3
33421.4
26007.5
27508.5
24792.8
38565.2
29032.5
22980.0
30044.8
35098.5
