0.000843838
0.000620174
0.00062226
0.000861607
0.000506773
0.000680979
0.00088717
0.000694877
0.000864245
0.00084617
0.000813589
0.000910347
0.000610262
0.000739464
0.000853816
0.000486719
0.000818748
0.000712283
0.000893877
0.000690688
0.000730416
0.000821591
0.000772364
0.000894568
0.000916265
0.000511244
0.000499464
0.00067457
0.000512582
0.000692071
0.000761715
0.00102967
0.000693325
0.000627769
0.000880385
0.000766064
0.000777313
0.000747012
0.00133796
0.000961698
0.000778568
0.00091682
0.000458071
0.00093201
0.000475024
0.000730957
0.000795869
0.000932576
0.000645811
0.000763082
0.000585005
0.000892003
0.000751724
0.00069216
0.000679446
0.000758204
0.000858946
0.00077515
0.00118122
0.000813072
0.0010685
0.000776657
0.00098453
0.0008751
0.000728245
0.000757534
0.00051271
0.000808047
0.000811308
0.000828515
0.000869715
0.000657828
0.000984621
0.000674701
0.000920697
0.000603194
0.00137714
0.000579598
0.000762895
0.000702434
0.00109738
0.000894924
0.000842245
0.00075004
0.000664249
0.00080092
0.000883186
0.000866919
0.000910468
0.000685592
0.000853757
0.000739944
0.000821788
0.000403462
0.000675017
0.000721804
0.0013974
0.000773039
0.000572612
0.000972055
0.000872551
0.000711749
0.000603384
0.000646119
0.000659948
0.000668953
0.00069239
0.000941887
0.000784205
0.000748669
0.000813984
0.000644587
0.000896994
0.000750408
0.000556718
0.000854295
0.000835527
0.000638112
0.000801602
0.000826553
0.000839066
0.000851074
0.000772259
0.000995216
0.000927384
0.000579982
0.000695439
0.000794042
0.00103634
0.0011455
0.000918665
0.000795618
0.000849276
0.000773815
0.000885179
0.000596294
0.000403336
0.000676661
0.00069316
0.000679295
0.000917668
0.000860044
0.00118948
0.000847769
0.000778558
0.000807999
0.000738505
0.000468484
0.0010401
0.000596561
0.000655149
0.00117403
0.00109282
0.00095876
0.000785797
0.000912852
0.000667297
0.000669022
0.000432759
0.00111938
0.0010171
0.000921661
0.000602342
0.000793138
0.000961101
0.000822835
0.000541788
0.000947046
0.00093509
0.00088065
0.00103266
0.000602115
0.0010381
0.000767272
0.00110061
0.00101275
0.000973276
0.000944337
0.00114503
0.00089394
0.000807975
0.000979104
0.000545939
0.00041747
0.000994057
0.000992465
0.00083572
0.0010524
0.00100314
0.00074487
0.000750115
0.000373973
0.000833949
0.000812489
0.00109699
0.0010029
0.000703248
0.000899213
0.000771563
0.000718737
0.000469468
0.000763271
0.00111172
0.000795628
0.00083561
0.000983624
0.000493225
0.0009087
0.00088109
0.00131437
0.000922906
0.000577235
0.000718586
0.00093834
0.00054887
0.000624535
0.00052279
0.000527641
0.000757539
0.000848849
0.000451624
0.000825493
0.000807341
0.001042
0.00075033
0.000898095
0.000442039
0.000753846
0.000895356
0.00105289
0.000697674
0.000916432
0.00087181
0.000692455
0.00052714
0.000825736
0.000757966
0.000768593
0.000682241
0.00079295
0.000544809
0.000835347
0.000541622
0.00075032
0.000642078
0.000548687
0.000476349
0.000712881
0.00061723
0.000800788
0.000626827
0.000497341
0.000731806
0.000690112
0.000621568
0.000656521
0.000712772
0.000452665
0.000762946
0.000398523
0.000745705
0.000816876
0.000590502
0.000500743
0.000638442
0.000651701
0.000648782
0.00064862
0.000919661
0.000646456
0.000767021
0.000766235
0.00088587
0.000760364
0.000797576
0.000777123
0.000815215
0.00087192
0.000708548
0.000708082
0.000967867
0.000752623
0.000821122
0.000682007
0.000532569
0.000699562
0.000939157
0.000519956
0.000861265
0.000686055
0.000804821
0.000694159
0.000704407
0.000981104
0.000628168
0.00104883
0.000741204
0.0011053
0.000740893
0.000993698
0.00104013
0.000746982
0.000703306
0.000815009
0.0011658
0.00082787
0.000755638
0.000818877
0.000785649
0.000679112
0.00101957
0.00129252
0.000912087
0.000983278
0.000973192
0.000488935
0.000906036
0.000778316
0.000680308
0.000889845
0.000849365
0.000811929
0.00119137
0.000616243
0.000845736
0.000555429
0.000769656
0.000534762
0.000679632
0.000930685
0.00114575
0.000587034
0.000972822
0.000623032
0.000947777
0.000727562
0.00101482
0.000731838
0.00095384
0.000676492
0.00075867
0.000858933
0.000739567
0.0005851
0.00093214
0.000739219
0.000849608
0.000936059
0.000775651
0.000782695
0.000693577
0.000784755
0.000925326
0.00060362
0.000551497
0.000729344
0.000830686
0.000853559
0.000820513
0.000672954
0.000785944
0.000881804
0.00102046
0.000817744
0.00106966
0.000895856
0.000881332
0.000827141
0.000904611
0.000784668
0.000995439
0.000967486
0.000531889
0.000816253
0.00070359
0.000713929
0.000654032
0.000813702
0.000971965
0.000695563
0.000842169
0.000821004
0.000717344
0.00075799
0.000911391
0.000822373
0.000558059
0.00087149
0.00100055
0.0010437
0.000844071
0.000823648
0.000992928
0.000706416
0.000587197
0.0010332
0.00092779
0.001052
0.000841953
0.0012361
0.000770743
0.000825187
0.000793934
0.00113741
0.000730806
0.000489585
0.00109107
0.000787187
0.000819265
0.00109113
0.00106968
0.000851013
0.000826536
0.000482056
0.000933299
0.0011103
0.00101521
0.000763269
0.00043431
0.000857174
0.000857784
0.000598359
0.000820814
0.000638345
0.000440301
0.000910605
0.000796242
0.000862776
0.000844984
0.000555495
0.000898288
0.000675456
0.00108457
0.000816758
0.000717161
0.000829131
0.00104435
0.000509984
0.000627723
0.00077173
0.000462127
0.000762176
0.000909118
0.000665298
0.000674151
0.000586856
0.000784027
0.000681298
0.000463024
0.000510624
0.00072763
0.000752311
0.000591117
0.00080332
0.000705299
0.000755289
0.000593539
0.0007695
0.000595526
0.000941705
0.000752352
0.000827553
0.000848571
0.000717421
0.000741452
0.001027
0.000919701
0.00102745
0.000939218
0.000921969
0.00070279
0.000824396
0.000887962
0.000903815
0.000739063
0.000989688
0.000684077
0.000842906
0.000782624
0.00097321
0.000894304
0.000956574
0.000613703
0.000851897
0.000922122
0.000828054
0.000731286
0.000985365
0.000609474
0.000697602
0.000704679
0.0010188
0.000882313
0.000672669
0.000982187
0.000942537
0.000799351
0.000641462
0.00108571
0.000561379
0.000832345
0.000936271
0.000649593
0.00099029
0.000844393
0.000971082
0.000861566
0.000571077
0.000719089
0.00091271
0.000514436
0.000681729
0.000661885
0.000541048
0.000491385
0.000836464
0.00123826
0.000839145
0.000602322
0.000768703
0.000850476
0.000991375
0.000771118
0.000853584
0.000668119
0.000824111
0.000889537
0.00078531
0.000925376
0.00065296
0.000914843
0.000965521
0.000668211
0.000818837
0.000806849
0.000595305
0.000589225
0.000857857
0.000871553
0.000728385
0.000789136
0.000758486
0.000931512
0.000710408
0.000821622
0.000843062
0.000749288
0.000878692
0.000817228
0.000963226
0.000835862
0.000727012
0.000832262
0.000623634
0.000772958
0.000922735
0.000607417
0.000816097
0.000667072
0.000902075
0.000576371
0.000944383
0.000615752
0.0010124
0.000683223
0.000828552
0.000606482
0.000722811
0.00100027
0.000914961
0.000853644
0.000670942
0.000963149
0.00104205
0.000821687
0.000773884
0.000904563
0.000704287
0.000724668
0.00060221
0.00112042
0.000638092
0.000480626
0.00048484
0.000886537
0.000916512
0.000678883
0.000996508
0.000631448
0.000675656
0.000924392
0.000975224
0.000782241
0.000851425
0.000595518
0.000614283
0.00100792
0.000644194
0.000733723
0.000915875
0.000584275
0.000889535
0.000729092
0.000831452
0.000966099
0.000686632
0.00046026
0.000725937
0.000884566
0.000620283
0.00111663
0.00114702
0.000834466
0.000825978
0.000926287
0.000944283
0.000628069
0.000686557
0.00113874
0.000660169
0.000739268
0.000721686
0.000734
0.000968825
0.00065413
0.000872146
0.000482031
0.000664252
0.00063513
0.000501878
0.000696633
0.00081375
0.000848985
0.0006581
0.000825143
0.000647066
0.000859355
0.000794799
0.000776035
0.000501095
0.000986984
0.000624836
0.000818271
0.000825011
0.000775203
0.000988397
0.00107669
0.000901951
0.000665659
0.000934923
0.000550484
0.000777287
0.000603957
0.00114114
0.00109858
0.000485778
0.000836717
0.000543419
0.000761988
0.000917264
0.000662292
0.000860557
0.00086552
0.000852975
0.00110496
0.00108367
0.000453817
0.000887684
0.000715296
0.000792769
0.000891467
0.000595668
0.000739218
0.0008189
0.00045538
0.000936029
0.000697703
0.0006073
0.000939831
0.000732926
0.000580799
0.000750193
0.000930249
0.000820323
0.000934093
0.000666802
0.000717319
0.00109723
0.000775786
0.000715332
0.000706528
0.000579342
0.000800317
0.00102022
0.000826699
0.000827641
0.000823083
0.00070952
0.00108569
0.000912133
0.000651396
0.0010274
0.000744585
0.000877827
0.00087061
0.000519629
0.000819304
0.00116977
0.000891247
0.000665379
0.000598613
0.00108641
0.000827052
0.00109548
0.000906451
0.000892529
0.000822457
0.000936543
0.000790025
0.000937444
0.00083189
0.00109757
0.000925002
0.00055493
0.000865396
0.000886512
0.000750638
0.000874519
0.000566884
0.000598366
0.000815187
0.000751365
0.000489488
0.000615477
0.000498152
0.000474907
0.000717394
0.000657397
0.000855788
0.000634878
0.0005222
0.000716276
0.000940182
0.000559198
0.000605827
0.000731049
0.000916935
0.000722637
0.000830256
0.000890564
0.000684938
0.000762309
0.000815499
0.000814351
0.000872361
0.000677852
0.000673565
0.000726817
0.00104118
0.000721964
0.000912101
0.000572119
0.000448448
0.00102571
0.000770693
0.000724936
0.000589312
0.000645852
0.000932012
0.000836715
0.000619941
0.000871832
0.00101361
0.000799741
0.000796328
0.00085109
0.000758616
0.000871139
0.000759466
0.00067568
0.00125091
0.000664679
0.000841184
0.000826756
0.00062528
0.000802022
0.000931477
0.00075128
0.00104469
0.000758099
0.000928108
0.00101916
0.000713204
0.00100292
0.000941854
0.000900558
0.000803483
0.000709365
0.00106144
0.000554263
0.000836648
0.000773048
0.000763637
0.000780016
0.000618146
0.000605911
0.00081012
0.000638204
0.000780026
0.000803439
0.000622882
0.00085895
0.00103709
0.000658874
0.000761758
0.000826254
0.000439215
0.000758469
0.00108175
0.000782789
0.000587419
0.000838149
0.000767237
0.000771058
0.000704582
0.000723157
0.00063568
0.000553166
0.000509148
0.000437197
0.00047975
0.000714699
0.000769609
0.000722246
0.00089359
0.000933081
0.000569361
0.000925738
0.000689123
0.000524661
0.000764718
0.000938249
0.000735739
0.000794636
0.000705963
0.000528338
0.000818282
0.000542264
0.000499513
0.000675129
0.000907146
0.000846472
0.000647701
0.000829957
0.000803169
0.000749712
0.000669055
0.000576128
0.000671964
0.000829331
0.000713191
0.000848151
0.000847282
0.000733005
0.000621124
0.000612593
0.00073707
0.000738777
0.000810314
0.000833773
0.000389494
0.000565781
0.000985628
0.000957877
0.000676231
0.000703153
0.000685328
0.000774232
0.00107588
0.000714031
0.000779826
0.00108265
0.000581722
0.000572115
0.000896092
0.000777984
0.000727446
0.000972888
0.000729573
0.000911604
0.000596611
0.000760575
0.000788098
0.000931564
0.000815907
0.00090228
0.000646343
0.000621059
0.000612766
0.000559478
0.00125538
0.000854213
0.000746104
0.000856429
0.000775071
0.000852508
0.000613226
0.000802791
0.000743814
0.000449708
0.000788703
0.000750999
0.000581119
0.000702208
0.000693643
0.000624538
0.000788861
0.000702215
0.000808024
0.000800111
0.000953451
0.000487923
0.000677432
0.000884993
0.000659242
0.000871364
0.000828472
0.000830292
0.000776561
0.000918265
0.000743766
0.00073701
0.000691789
0.000684081
0.000566894
0.000748087
0.00112023
0.000955767
0.00074116
0.000685586
0.000786486
0.000723998
0.00075064
0.000690723
0.000856961
0.000781617
0.00089355
0.000602289
0.000657993
0.000942301
0.00122606
0.000662954
0.000813086
0.000602848
0.000778294
0.000631552
0.00122843
0.000770698
0.000834917
0.000866403
0.000890275
0.000938299
0.000651898
0.00072965
0.000853558
0.000487967
0.000826658
0.000793871
0.000796766
0.000347302
0.000874427
0.000631105
0.000641183
0.00117954
0.000806837
0.000544712
0.000796141
0.000901314
0.000797173
0.000832493
0.000703191
0.000685061
0.000887367
0.000833068
0.000908713
0.000787447
0.00107894
0.000866705
0.000959705
0.000841899
0.000984047
0.00101889
0.000555174
0.000745644
0.000958435
0.000907204
0.00100783
0.000646887
0.000859505
0.00108533
0.000830561
0.000710549
