40967
40179
40314
29628
29016
49336
36714
28183
35980
28928
29546
30729
27463
29283
33858
51366
30536
35101
27969
36197
34229
30430
32370
27951
48909
27286
50056
37062
48776
36125
32824
24281
36060
39826
28398
32164
32636
33469
18687
25998
32112
27270
54584
26826
52631
34203
26809
31414
38714
32764
42738
28028
33260
36120
36797
32976
29107
21166
32254
30749
23399
32192
25395
28571
34331
33003
48765
30940
30176
30817
28749
38005
25392
37056
27155
41448
18156
43136
32772
22783
35593
27937
29683
33334
37641
31215
28309
28840
27461
36467
33788
29284
30423
61967
37040
34637
17891
32341
43661
25723
28653
41435
35126
38696
37884
37374
36109
26545
31881
33394
30715
38787
25124
33317
27873
44908
29266
29923
39180
31190
30248
29797
29377
32373
43106
26960
35950
31486
24126
21827
27216
31425
29439
32310
28246
61986
41929
36949
36069
36805
27244
29069
21019
29491
32113
30942
53366
33855
24037
41911
38161
21296
22878
26076
31818
27390
37467
57773
37370
22335
24582
27127
41507
31523
26013
30389
46146
26400
28397
26737
24210
41523
24083
32585
22717
24687
25689
26475
21836
30943
27968
25535
45796
59887
25151
25192
29915
23758
24923
33565
66853
33329
29979
30771
22792
24928
35551
27804
32404
34784
53254
22489
32757
31424
29921
25417
50692
27513
28376
19023
27091
43316
26644
34792
45555
40035
47824
47390
33006
29454
55363
30286
30968
23994
32986
27838
33414
56569
33164
27923
23745
35836
27281
28679
36107
47434
30277
36645
32528
31532
45891
29931
46160
33320
38943
45567
52504
35071
31222
40511
39886
50270
34165
36227
40232
38081
35075
55234
32768
33527
62733
30605
42346
49930
39162
38364
38536
38546
27186
38675
32629
32595
28223
32881
31347
32173
30669
28675
35285
35310
25850
30447
33219
36660
46947
35739
26622
48085
29029
36443
31065
36018
25484
35496
39814
23838
33731
22621
33746
25161
24037
33469
35549
21446
30676
30200
33086
30537
31823
36816
24522
19344
27411
25427
51135
25691
27597
32124
36750
28097
29439
30793
20989
40573
29562
32483
45013
46752
36786
26864
21822
42590
25701
40129
26380
34364
26710
34163
24636
26211
36957
32954
29108
33806
42730
26821
33821
29426
31943
32233
36049
31863
27019
41420
45334
34279
30099
29292
30470
31814
37153
28353
24500
30574
23374
27909
28367
30228
27638
31862
25841
25117
47006
30629
35534
35019
38227
30725
25725
35946
29687
34853
30453
32985
27433
30405
44801
28690
24988
23955
29620
30355
35392
25180
42577
24199
26947
23767
29695
20241
32439
30297
31490
34211
21981
51069
22915
31760
30518
22914
23373
29379
30248
51863
22518
26789
24627
32755
57566
29167
29147
41797
30461
39168
56783
31399
27456
28978
29588
45006
27832
37013
23052
30610
34862
30153
49025
23940
39828
32397
54101
32806
27502
37578
37088
42601
31889
41982
53997
36698
48972
34361
33233
42296
31123
35447
33101
42124
32492
33232
26550
30212
29463
34850
33719
24345
27184
24333
26620
27117
30327
35575
28155
27662
33828
25263
36548
29660
31945
25690
27956
40739
26137
29347
27114
30192
34188
25374
41021
35839
35479
24540
37167
28336
25455
26526
31280
38975
23029
44535
30038
26703
38488
29610
25248
25746
29019
43782
34769
27404
48601
36675
37775
46212
29890
50882
20191
29794
41511
32526
29398
25219
32423
29291
37420
28107
30337
31836
27018
38289
27328
25894
37418
30533
30986
41997
29144
42431
28686
34325
31683
32962
26840
35192
30429
29655
33366
30593
28454
25956
29911
34390
30040
40089
32348
27095
41161
30636
27325
27717
37478
43379
26473
40602
24695
36593
30175
41222
34588
24995
37265
29287
25959
23993
30427
32309
27640
35500
34502
41517
22316
52018
39183
51574
28203
27279
36827
25090
39596
37003
27046
25637
29397
31962
41983
40701
24805
38811
34075
27299
42790
28106
34290
25882
30069
36411
54321
34440
28264
40308
22390
21799
29964
30268
26477
26991
39807
36416
21957
37871
33818
34642
34062
25806
38220
51869
28667
37639
39364
49817
35893
30723
29449
37990
30299
38637
31456
29093
32217
49893
25331
40011
30555
30303
32252
25295
23222
37559
27719
26742
45417
32165
41397
21909
22758
51472
29880
46009
27258
32810
37748
29053
28887
29311
22627
23071
55091
28166
34952
43046
28046
31537
41972
33821
30533
54904
26711
35835
41173
26602
34112
26877
33327
30477
26766
37494
34857
22786
32226
34950
35385
43154
24506
31239
30242
30208
30374
35237
23029
27410
38382
24335
33578
28717
28481
48112
30515
21374
28052
37574
41766
23013
30230
22822
28014
27582
30399
26696
31646
26670
30053
22779
27028
45053
28892
33307
28206
28590
44108
41784
30671
33274
51078
40623
50216
52646
38033
34851
29216
39379
47878
34904
26592
44711
41269
34202
27268
30114
34597
28073
36501
32797
30657
30700
28659
36884
37118
34398
34629
24014
27410
43700
55751
24377
32440
34487
42426
38710
26827
40328
29881
28677
24665
31262
31397
29376
32956
28699
32920
37002
24531
37614
19988
29722
30240
39984
31173
26844
33278
23933
32979
26938
24928
35054
26544
27762
31116
35245
23555
45108
29883
32340
32739
40446
32052
41262
30861
39174
32052
31117
40139
29106
24110
37946
30259
32820
56924
32963
23113
31938
42566
29830
32585
32425
35483
39332
34579
45196
49105
57188
52113
34982
32489
34617
27978
26795
27006
43912
36279
47662
32693
26647
33981
31473
35415
47333
30553
50052
46106
37031
27561
29536
38599
30124
31130
33348
37370
43397
30147
37208
35056
29478
29509
34108
40253
40813
33919
33842
30855
64192
29986
44188
25366
26101
36974
35557
36482
32293
23238
35018
23094
32061
42977
43700
27901
32135
34371
25697
34269
27428
41906
33510
31725
32873
26838
30642
27709
38682
40261
40802
44686
19915
29268
32256
29195
29326
40771
31143
33613
55595
31700
33291
43023
35603
40035
36044
31694
35603
30942
31248
26223
51241
36909
28250
37924
30178
28692
30111
32198
27227
33622
33922
36140
36547
44104
33421
26160
22318
33733
36467
31789
34533
33306
36197
29174
31988
27980
37996
41511
26532
20392
37712
30750
41471
32123
39590
20354
32441
28857
29946
28083
26647
38351
34265
29293
51237
30244
31494
31380
28592
71987
39614
38994
21197
30987
45899
31404
27739
31363
30031
36495
35554
28175
30011
27513
31750
23173
28847
26052
29696
25406
45035
24538
33532
26087
27559
24807
38654
29087
23036
30106
35187
