4185.84
3695.44
6528.34
3446.12
3727.43
5462.64
3191.63
3130.05
3740.02
2315.52
3468.37
2697.07
2745.49
4236.19
3669.26
5261.96
3225.46
3548.86
2503.24
4359.05
3913.44
2340.93
3418.23
2345.26
6317.79
3118.42
4519.3
4612.12
5393.22
3927.83
3809.16
2795.22
3617.34
3592.45
3560.1
2704.67
3969.95
3461.16
1877.09
3485.98
3362.55
2588.42
5403.02
3552.06
4814.99
2566.57
2806.46
2947.5
3362.19
3903.14
4695.1
3847.94
3428.93
4293.59
4428.17
3027.21
3114.84
2225.64
2862.24
2341.97
2342.82
3508.82
2816.27
3360.05
4941.15
4170.28
5246.25
2498.92
3542.66
3600.93
2585.04
3271.4
2406.11
3773.64
3475.35
5871.02
2328.48
4468.24
4335.4
1733.16
4878.21
3179.47
2529.65
3927.06
4892.03
3489.38
3357.31
3014.64
2907.64
4141.21
3911.02
3108.46
2120.91
4941.37
3922.62
3711.87
2907.97
3815.59
5256.18
2491.28
2532.7
4708.61
4150.38
3600.87
3673.1
4518.62
3127.83
4204.61
2610.63
3357.74
3122.33
3495.96
2394.21
3586.24
3019.97
4866.88
2749.84
3009.25
4121.33
3355.1
2999.72
3549.36
2853.82
2650.6
4281.59
2397.68
4377.49
3253.25
2672.15
2733.98
2125.68
3240.87
3037.86
2844.92
3446.44
6019.94
3691.65
3192.53
4659.9
3732.87
2806.5
2662.13
2251.22
4740.5
2901.51
3599.53
6426.79
2868.88
3407.87
4058.57
4537.79
2954.87
2534.11
2419.54
3671.83
2467.32
3286.96
5819.6
4613.16
2049.17
2533.24
2855.79
3390.88
3512.17
2362.54
3138.13
4677.99
2182.88
2608.25
3632.64
3259.21
3471.83
2868.88
3013.38
3886.43
3278.15
2464.93
3278.75
2842.43
2566.02
2580.92
2852.29
3398.93
4767.84
2678.55
2859.88
3306.28
2385.95
2497.21
3477.18
8437.16
2859.87
2607.93
2762.11
3146.91
2211.6
3046.19
3391.79
4495.47
3687.54
5594.03
2403.38
4862.09
3667.89
4439.15
2889.77
4844.52
2782.92
3419.24
1652.2
2487.23
4460.63
2242.66
4712.47
3496.35
4830.78
4178.6
4191.33
3401.92
2851.93
4769.94
3032
4142.91
2428.26
5543.98
2530.09
4506.46
4322.99
2692.69
3650.57
2085.99
3632.47
3051.79
3333.79
3588.09
4344.99
3464.24
2837.4
4276.08
3381.87
3839.26
3399.31
4326.19
2612.21
3752.55
5345.54
7221.81
3942.01
3350.87
4036.96
4469.85
6243.57
2458.87
4951.14
4231.5
3468.69
3485.96
4446.88
3038.72
3083.49
8113.97
2431.42
3581.81
4798.75
4579.06
3474.57
3149.99
4635.07
2982.13
4266.09
3003.27
2924.83
3008.65
4099.08
3533.33
2772.38
3004.81
4861.3
3282.19
3822.69
3133.48
3002.45
3952.79
2848.39
3755.09
4986.39
2814.54
5390.12
3241.8
3537.83
4657.27
3963.19
2744.05
5995.73
4733.16
2583.81
3202.73
1964.4
3485.66
3399.06
2281
3305.81
3637.83
2272.38
3022.32
3787.59
2770.56
4647.47
3090.51
3947.26
2489.28
1770.79
3505.21
2340.16
5224.11
4155.36
2826.01
3755.36
4315.2
2772.62
2692.67
3120.46
2550.8
5387.51
3430.66
4049.09
4376.9
3714.71
4040.65
2639.22
2606.44
4705.03
3732.42
3784.55
2671.59
3634.42
2510.02
3683.76
3041.76
2902.4
3656.64
2512.64
4346.1
3805.89
4437.52
3861.86
2753.3
3591.61
3111.04
3654.49
4415.27
3944.29
4016.96
4327.45
3220.15
3393.56
3377.05
3499.26
3294.94
3481.35
2998.37
3663.76
2569.86
3633.33
2433.05
3252.29
3372.44
4167.46
3218.16
3153.52
2409.04
3105.59
4546.74
3348.57
3040.39
4058.01
3459.9
3176.15
3925.38
3547.44
2896.01
3352.69
2593.9
3229.33
3087.36
3721.61
3850.86
3683.89
2724.43
2218.24
2952.59
2590.27
3399.22
2199.28
3949.18
2635.41
2827.27
2796.39
3557.69
2201.24
3036.39
3737.72
2857.76
3531.12
2476.84
5269.37
2527.88
3010.17
3606.72
2643
2558.3
2590.39
2436.52
4613.09
2632.56
2996.74
2677.44
3739.88
6448.33
4133.84
2833.59
5022.63
3112.6
3953.23
5970.09
3604.42
2726.14
2226.07
4033.45
4988.83
3375.06
3622.14
2661.98
2845.4
2885.46
3019.31
5167.5
2775.62
4456.45
3144.72
5229.71
4079.75
2960.94
4179.54
4177.22
3295.94
3872.59
4567.53
6546.45
4340
4119.13
4712.85
4417.85
4156.39
3037.23
4807.08
3490.32
4667.74
3559.66
2866.05
2388.68
3658.87
2394.67
2798.05
3056.36
3051.41
2321.81
2373.61
2509.72
3374.6
3711.99
3451.19
2891.15
3140.76
2796.94
2389.85
4335.88
3393.81
2768.4
3571.5
2997.08
4759
2748.88
2636.33
2551.02
2403.51
3058.21
2905.97
3681.08
3190.83
2997.41
2798.74
2799.47
2941.92
2967.93
2957.22
3442.98
4458.03
1854.81
5534.37
2596.49
2131.55
4409.28
2799.08
2303.12
2938.84
3169.06
8483.69
3596.38
3213.6
4415.99
4045.04
3636.68
4170.66
2863.36
7504.32
2011.79
2989.72
3857.2
3037.49
3086.16
2933.19
3169.33
2891.36
3000.17
3033.9
3469.5
3069.88
2436.54
3297.61
2242.84
2943.9
3461.34
2519.1
3818.59
4358.57
3258.2
3838.16
3479.56
3417.84
3938.9
4387.89
3224.4
3411.13
2854.75
3705.38
3293.45
2725.3
2411.06
2629.76
3432.22
3664.65
2162.6
3853.31
4335.55
2985.67
3624.66
3225.65
3125.7
2996.8
3692.18
5303.9
3254.25
3152.88
2884.49
3209.7
3470.08
4298.42
3588.45
2728.76
5016.44
2897.88
3008.12
3101.39
3415.07
3025.63
2103.84
2534.77
4036.46
3988.92
2947.83
4565.26
4916.48
5396.23
3056.08
2508.84
3101.85
2819.96
4114.01
3419.44
2022.79
3286.3
2513.47
4076.81
4037.01
4629.3
3244.61
4515.89
3672.29
2283.43
4004.46
2922.18
3693.67
3164.27
2353.24
4254.01
4551.82
3134.38
3478.3
5173.59
2694.9
2145.1
2612.85
3396.32
3301.38
3464.69
4185.5
4657.41
2097.02
4216.19
2785.43
3531.13
3367.51
3498.71
4179.61
5944.35
2067.97
6014.76
3474.9
5440.35
3424.88
3744.87
3011.38
4526.34
2820.27
3514.3
3214.91
2966.23
3656.21
4383.14
2678.73
5093.51
2462.42
2962.7
3598.24
2781.16
2600.12
3466.1
3190.67
2671.79
4673.25
2921.28
4815.62
4402.72
2873.55
4795.28
3437.42
6225.49
2865.62
3151.62
3851.85
3298.15
3628.94
2886.92
2144.38
2719.65
8085.69
2817.42
4921.74
5873.16
2549.41
3428.96
3017.13
2876.87
2634.28
5352.91
2881.22
3828.61
6143
3182.81
4286.05
2963.6
4168.55
3656.74
4440.36
3781.44
4329.87
2448.66
3444.68
4718.02
3078.76
3514.07
2385.31
3264.59
3399.57
2731.64
2539.23
2853.07
2801.8
2552.7
3196.29
2534.33
2917.25
3634.04
2912.15
4000.13
3438
2021.55
3171.76
3123
4310.3
2457.14
3439.43
2131.82
2267.8
3449.51
2451.18
2835.49
3020.4
4050.8
3189.88
2249.69
3195.89
6274.91
3897.99
3220.69
2947.52
2583.47
4065.54
4735.31
3737.9
3048.26
4085.59
3918.05
5688.32
5758.37
3531.33
4080.14
3314.76
3590.61
5642.6
3493.61
2190.02
4458.58
3095.98
3885.21
2362.96
4020.05
2924.09
3235.89
4163.22
3812.64
4735.62
3326.8
2971.32
3233.27
3586.05
3210.38
3620.86
3093.57
2926.67
4127.6
4857.69
2457.87
2802.24
3076.95
4446.23
3786.19
2673.32
2432.85
2949
3768.17
4230.32
2728.31
2736.68
3233.23
3727.52
3077.7
3253.28
3381.22
2479.17
3161
1775.63
4024.5
3144.24
4036.29
2953.48
2689.91
4558.54
2495.08
3577.18
4048.73
2214.49
5198.01
3410.42
2739.92
2668.07
3562.99
2099.81
4700.53
3621.64
2623.95
2953.45
4275.59
2739.67
4095.02
3320.77
4321.48
3483.88
3083.44
5096.83
3163.29
2721.52
3160.77
4296.47
3214.5
4540.61
3465.87
2684.28
3828.22
4517.29
4123.43
3181.25
3177.38
3743.91
4581.47
3225.04
5026.33
3982.94
7338.54
5503.96
3967.86
2998.93
3282.77
2844.69
3169.92
2291.84
3227.15
5183.35
5195.56
3102.98
3355.6
3907.23
3358.43
3601.14
5030.1
3232.62
6396.03
5337.32
2774.88
2507.52
3989.29
3758.44
2528.97
3064.6
2952.57
3242.31
4296.75
3650.84
4162.95
4615.51
3026.36
4191.56
3172.51
3598.22
5203.68
2850.62
3368.51
3147.94
6307.44
3621.13
4776.28
2456
2556.42
4160.1
4068.04
3663.12
2559.1
2305.47
3690.78
3092.29
3017.11
4725.32
4536.79
2843.05
2603.61
3212.88
2171.01
4621.54
2686.21
4881.93
4704.69
3554.78
3822.72
2844.11
3783.61
2538.22
3813.28
4483.49
4992.96
4347.05
2576.67
3943.94
2934.69
4672.25
2455.51
6486.81
3474.63
3194.77
5038.98
2951.13
2966.6
4031.59
4581.68
5258.62
3645.7
4259.43
4070.13
4135.79
3270.18
3776.26
5079.11
3374.81
2864.64
3734.75
2400.74
2785.14
2815.34
3447.24
3017.04
3930.76
4105.26
4027.12
4674.07
3917.31
3793.99
2264.64
2238.56
3111.96
4121.25
3134.65
4644.16
3828.25
3887.2
2655.7
2921.17
3163.98
3748.61
4257.63
3645.98
3165.85
3744.59
3037.59
4757.55
3163.46
4547.81
2426.13
3242.98
2602.69
3524.72
3232.75
3594.59
2819.71
3078.53
2662.02
4948.29
2689.61
4194.2
3635.81
3008
10301.8
4338.95
4024.42
1864.97
4062.53
4412.67
3696.51
2289.16
2547.64
2475.6
4180.12
4128.92
3103.98
3737.43
1935.3
3160.99
2611.82
2726.54
3194.11
3021.67
3254.42
4533.12
2547.09
3638.15
2995.99
3273.58
3179.37
4402.87
4023.84
2834.48
3015.26
4217.63
