165.24
124.066
3.69017
1.00024
246.236
266.115
87.2886
48.7122
0.157651
3.02497
0.214341
1.34052
33.7476
2.60282
85.2831
5.96099
71.4913
0.181541
140.654
2.59118
80.4643
120.703
24.6855
163.452
98.4262
61.896
115.846
2.40085
38.6056
0.507441
0.101764
1.8068
80.2501
85.1395
5.55267
1.35714
9.85076
112.617
26.3736
3.4728
0.0647719
23.7284
0.398519
8.58353
183.981
62.0647
8.55213
3.63337
188.457
20.519
103.361
6.60136
0.629249
0.867726
7.63106
6.67488
14.4763
3.146
64.6812
89.3834
3.56074
0.0703001
2.21293
1.16067
2.39725
0.170756
64.2537
216.457
0.111271
9.46375
1.13107
2.73641
71.8113
133.243
0.208496
2.62678
0.136723
146.62
62.3984
6.05135
16.3046
66.8144
283.799
259.549
123.352
52.89
18.3519
85.4345
0.66818
67.0169
178.218
63.1426
246.993
485.618
7.94722
4.26002
0.042202
1.4373
46.3193
14.0534
2.37672
401.849
1.82363
190.529
116.735
1.16643
2.82511
19
10.8592
11.9162
11.2349
195.444
1.40241
18.4609
9.01086
5.27682
85.8681
11.1879
189.203
127.996
0.458309
53.5708
119.006
212.757
169.095
118.875
247.175
83.5567
7.12977
9.11675
35.6812
19.5982
0.191364
10.3693
202.31
0.374863
0.115603
122.334
19.3934
19.3303
0.102015
120.468
84.2536
32.1186
357.233
0.169232
21.5941
107.951
124.234
51.618
202.683
126.584
23.6922
59.234
198.453
6.92325
113.767
27.6225
11.6375
6.92084
0.0748348
13.972
43.8206
316.232
6.80818
104.556
6.12851
0.441798
0.110893
1.65398
0.049458
8.69915
25.8048
3.82182
0.05971
20.8765
7.75049
130.189
23.2795
117.897
175.91
0.276907
0.15958
94.9702
0.048218
179.561
8.70843
2.23198
66.0257
232.243
202.575
163.358
3.00836
8.31005
2.03034
103.284
98.1028
6.70034
2.35024
16.5263
0.25423
0.344229
0.281349
61.8978
28.654
7.60141
264.68
2.69316
81.2227
0.255438
48.7956
44.3324
0.478234
7.33595
17.3624
67.4874
3.15359
15.8029
0.572536
8.94225
470.422
123.968
4.22229
0.969549
0.163954
0.149524
31.911
0.144578
0.0664041
0.235083
0.0454531
2.91621
0.201708
12.9141
0.0921471
2.21842
3.17803
26.0575
185.079
99.071
235.11
30.6308
172.114
2.89952
0.159284
52.473
8.96027
174.223
12.2973
2.2416
15.0266
1.74159
256.134
232.464
0.128649
297.519
59.9221
21.8496
3.27829
2.44756
2.87856
152.216
199.172
18.797
158.243
6.14515
5.92758
6.23629
0.0737021
13.1071
8.72892
3.76762
163.907
0.116943
12.1677
26.9508
54.7418
0.155069
13.3875
6.27854
2.5417
0.0596919
110.822
0.132037
8.24849
3.50372
53.6356
0.169402
2.79658
3.73914
31.5907
18.0481
0.208464
29.846
19.8064
8.27311
96.7536
12.8936
98.5836
24.1297
86.5241
1.16623
214.808
17.2905
0.564581
0.168409
109.985
0.554575
5.77368
20.3987
60.9182
54.7684
0.091826
3.15553
160.26
221.043
5.35377
120.194
3.54097
1.37173
2.56808
39.7543
26.8412
0.131265
5.29817
5.35171
12.6046
479.796
159.623
0.72871
4.72194
1.04069
4.01325
12.514
6.28887
0.06393
175.14
40.7184
0.344392
161.923
284.656
136.315
1.43944
2.17875
14.752
28.072
17.3395
14.1602
98.5957
142.612
48.5236
270.38
0.487498
7.86415
48.773
0.105142
13.6129
0.217616
165.194
12.3076
28.8226
11.3495
25.865
0.335236
0.0503929
16.6098
135.997
28.6877
108.536
242.317
1.31021
5.22241
1.37064
84.0463
12.7865
0.0485139
1.64724
1.34595
2.01981
0.051549
0.598078
62.9552
38.2361
0.77115
16.2335
98.0163
0.991634
2.85984
19.8939
13.2329
5.26495
5.12035
69.9081
246.959
48.2288
41.8826
3.02004
24.9113
1.56862
0.723031
3.09124
107.625
21.2383
123.861
16.114
11.731
0.186871
246.757
145.082
32.9148
3.67029
16.0877
6.44495
353.922
99.2847
2.63894
2.94802
47.8269
13.4515
43.1769
242.345
20.0612
157.371
14.3745
210.2
169.098
15.0579
11.9814
0.747584
106.881
0.956608
154.738
138.333
5.36561
3.92738
2.23376
285.093
5.00189
34.9573
0.0811911
0.33227
0.089725
6.59948
23.4896
0.103329
22.9207
178.106
5.64114
0.102042
4.12818
0.260843
4.04099
9.68113
38.592
160.94
150.558
131.633
81.8556
0.414605
5.3231
271.715
84.7586
0.239213
223.994
2.40482
1.13666
5.35699
10.2972
3.50884
3.3737
149.949
216.417
24.839
14.3753
4.27303
0.747235
7.62254
128.533
140.061
150.326
3.59081
25.4691
18.7145
4.85112
92.2904
304.687
4.65747
0.0881879
15.6786
0.0940709
45.275
101.992
1.92525
13.9967
76.4511
0.158403
53.8927
5.98712
2.18944
30.3872
7.42391
1.7026
311.333
32.8884
41.0646
14.6895
1.94115
0.0904298
14.6453
0.488215
0.562213
4.90298
31.8797
213.89
3.79205
373.468
0.865125
109.021
86.213
108.651
95.9005
3.2518
0.0994298
9.72769
3.23318
159.516
2.88167
7.01161
0.359249
380.866
30.113
0.147409
32.1536
0.148729
3.61347
13.2769
2.45811
15.4264
0.379416
50.416
3.21535
3.17801
43.8883
101.71
6.33985
0.278865
6.16068
4.44384
386.727
13.9073
137.574
217.51
157.278
549.893
109.373
9.97567
502.622
8.36603
32.6264
7.5209
7.24141
120.558
5.78889
8.54975
2.47557
23.2241
0.0904379
2.07693
84.2069
10.5743
4.51748
162.019
1.16579
2.78319
0.0977399
6.09967
5.52895
4.00383
3.28427
36.827
12.5282
4.72635
33.9251
28.1442
8.98227
284.96
170.719
5.7868
3.67725
67.4956
188.138
3.80145
0.099303
0.0501339
19.2469
4.09253
14.9158
14.8008
8.44454
30.6912
178.625
152.628
127.57
11.6354
2.44695
332.738
42.3978
27.9295
28.6058
0.635171
3.58013
0.238659
2.74159
100.864
9.31929
1.02244
209.143
9.58779
2.02763
0.58126
19.2486
12.0673
90.726
0.0763981
1.34315
172.379
3.47775
274.309
1.74412
1.93717
67.0888
2.78482
0.634404
126.515
2.02594
9.30149
91.5448
75.4407
3.14635
249.315
97.1649
9.98747
266.661
12.3869
33.1139
0.126394
2.45064
0.149768
5.45306
12.0656
15.1463
209.213
98.2481
2.55981
18.7861
0.121532
0.577073
0.100627
193.527
258.913
8.71822
113.496
91.9451
5.1994
10.0348
16.252
4.94741
4.68832
10.4257
11.8717
185.241
14.0367
203.606
140.117
0.226925
201.829
18.2299
378.099
0.176971
107.843
83.3239
0.267163
234.689
94.1734
88.0718
67.8646
47.0014
0.0792739
3.39124
0.291508
83.4129
558.826
65.1501
10.8472
18.0047
9.19031
0.100852
228.016
0.139675
68.6874
104.676
0.361725
21.4258
62.3724
47.502
0.226612
62.7041
12.7205
0.234351
0.0617559
16.512
1.16684
1.80672
0.0444441
0.161494
0.0768571
1.12528
2.42236
21.8321
1.5825
136.945
8.61592
74.526
3.04094
0.193681
43.5557
0.39255
2.97935
27.6078
0.588717
10.0866
1.34495
273.254
27.0514
266.452
13.4198
85.3948
352.993
26.9295
5.92133
5.25888
1.23281
141.924
7.09426
204.718
9.46268
3.54787
18.1791
184.986
199.949
32.564
9.40669
3.81727
338.492
20.9031
0.0528541
38.7062
54.5451
230.479
0.420778
113.948
0.238234
79.7459
0.403847
13.5398
36.2036
4.55906
2.58777
110.333
23.7584
112.542
0.0457511
88.9611
7.86399
0.324499
253.76
107.831
92.4261
34.622
511.992
0.131385
210.55
331.753
1.60941
0.0953329
202.193
1.99072
3.94532
1.18406
43.4198
109.157
6.80042
2.34361
1.36839
1.69562
0.797605
0.429846
73.2293
2.42787
12.5717
156.168
0.871198
129.252
111.375
0.777439
17.0144
181.667
480.379
253.647
7.77325
105.827
0.690802
3.86313
4.28062
0.370154
185.667
208.228
38.7202
8.8895
35.262
12.7729
13.6727
24.8721
9.16913
329.902
208.339
210.044
0.412457
269.827
0.207053
7.4414
75.0188
78.2997
278.008
9.89288
61.8014
12.0008
140.821
188.993
35.5615
1.27488
0.216711
1.92948
21.8126
6.53443
0.619973
12.7861
37.719
4.97628
0.324451
18.8543
4.86573
0.117098
0.399977
4.35649
350.511
10.4473
290.019
0.122021
193.571
17.149
222.079
0.112998
0.376244
43.4902
0.28118
7.15192
0.0895081
72.3767
29.4538
126.61
189.893
5.0213
68.0191
8.48769
4.68751
39.5966
4.27945
63.1479
7.86719
6.73052
235.585
380.206
106.284
164.44
45.37
3.28451
0.0490799
0.143216
14.5084
109.58
13.5909
7.95549
10.483
130.305
8.70342
109.445
159.814
7.56262
214.339
408.89
3.18997
13.9484
0.304399
0.333881
10.6351
165.501
96.8053
1.13546
302.543
1.31003
75.4851
232.281
100.39
1.89472
43.5184
9.24538
0.0848241
8.39448
11.494
84.0553
254.632
97.5431
200.487
0.131402
195.877
12.866
131.352
124.826
11.5031
1.34541
102.864
182.227
186.034
11.9949
1.85651
129.641
37.5659
103.819
4.07699
3.04268
3.97944
10.923
25.2013
186.209
0.111704
2.98902
18.7716
442.414
13.2206
1.31818
25.3919
41.1391
38.2102
191.162
1.48328
32.9306
13.8235
0.747576
18.7446
246.722
3.34765
100.459
252.514
98.5621
30.4869
14.5207
4.90493
1.18014
127.041
44.4761
215.75
5.38949
76.7082
0.0882471
71.2444
75.1383
1.80185
320.629
5.52931
36.66
0.088275
12.5554
45.5291
69.4171
7.95671
27.1585
8.51046
0.151528
110.802
20.7449
168.495
5.77657
54.188
0.108212
15.3034
31.9901
34.3528
10.7058
0.475719
0.214451
318.333
