40966
40176.1
40311.3
29626.5
29015.5
49331.8
36711.9
28179.5
35977.6
28927
29544.9
30728
27462
29280.3
33808.2
51364.4
30534.4
35098.4
27968.1
36195.8
34227.1
30428.8
32368.1
27946.4
48900.3
27284.7
50053.7
37060.7
48772.7
36123.5
32820.7
24279.7
36058.1
39823.6
28396.7
32162.1
32634.3
33466.7
18685.1
25995.7
32110.2
27268.2
54576.6
26823.7
52628.9
34201.7
26807.5
31412.2
38711
32761.9
42734.7
28026.8
33256.9
36118.8
36794.7
32972.6
29105.4
21164.5
32251.8
30747.6
23397.3
32189.3
25392.8
28568.2
34329.1
33001.8
48760.6
30938.8
30174.5
30814.4
28745
38003.9
25390.5
37053.5
27153.3
41446.1
18153.6
43133.4
32769.9
22781.5
35590.5
27935.3
29682.6
33331.6
37636.5
31214.1
28306.6
28837.8
27458.4
36464.8
33786.4
29282.3
30421.5
61963.7
37036.1
34635.4
17890.4
32339.9
43659.6
25718.7
28651.6
41433
35124.7
38692.5
37881.8
37371.8
36106.8
26542.5
31879.4
33392.6
30713.1
38784.5
25120.2
33315.2
27870.9
44906
29263.9
29921.2
39178.1
31187.6
30246.1
29795
29374.6
32372.6
43104.8
26957.6
35948.5
31484.5
24123.4
21824.5
27213.4
31422.1
29436.9
32307.4
28242.9
61983.1
41925.6
36946.1
36066.7
36802.9
27243
29068.3
21017.5
29489.2
32110.6
30940.6
53363.6
33852.2
24036.2
41906.8
38159.2
21294.2
22876.7
26075.3
31814.8
27386.7
37464.6
57768.9
37368
22333.8
24579.7
27124.9
41504.6
31520.4
26011.8
30382.8
46143.6
26397.9
28388.1
26735.4
24209.3
41520.3
24082.6
32583
22714.6
24685.2
25686.4
26473.6
21833.5
30941.5
27966.1
25533.5
45792.7
59884.6
25149.5
25189.8
29914.3
23755.1
24921.6
33562.9
66849.7
33328.2
29977.8
30769.6
22789.7
24927.8
35549.3
27802.1
32401.8
34783.2
53251.8
22487.6
32753.8
31421.7
29918.3
25416.2
50686.8
27511.8
28373.9
19020.5
27088.4
43309.9
26642.8
34790.5
45548.2
40029.8
47820.3
47380.7
33001.6
29451.6
55355.8
30284.9
30965.9
23992.4
32983
27836.7
33318.7
56556.1
33163.3
27921.9
23744.2
35833.4
27279.7
28676
36103.4
47425.7
30276
36643.9
32527
31527.9
45887.7
29927.7
46157.6
33319.1
38936.1
45563.3
52482.5
35068.9
31219.2
40503.6
39883.4
50267.4
34162
36226
40220.9
38079.5
35074.3
55228.4
32767.7
33525.3
62731.6
30604.4
42336.9
49925.8
39157.8
38361.1
38533.7
38543.4
27183.9
38672.4
32627.1
32593.6
28220.8
32879
31345
32169.9
30666.8
28672.3
35283.4
35306.6
25830
30446.1
33217.1
36656.5
46942.3
35736.7
26619.6
48081
29027.1
36440.2
31062.8
36014.8
25481.5
35490.8
39798.3
23836
33728.9
22618.3
33743.1
25158.6
24035.6
33468
35546.4
21444.4
30674.5
30198
33084.6
30529.6
31820.8
36812.8
24520.2
19342.1
27409.7
25425.1
51131.5
25688.7
27592.7
32120.6
36748
28094.8
29433.8
30790.9
20984.3
40568.4
29560
32482
45010.3
46749.8
36784.6
26861.9
21819.8
42587
25698.4
40126.3
26377.5
34361.3
26707.7
34160.6
24635
26209.9
36955.3
32952.4
29105.9
33803.6
42727.7
26820
33819.5
29425.3
31940.9
32231
36045
31857.1
27017.5
41416.8
45331.1
34277.4
30095.6
29289.1
30468.7
31808.9
37149.6
28351
24498.7
30571.9
23372
27906.3
28366.1
30224.6
27636.2
31860.6
25840.2
25114.5
47002.3
30627.7
35532.1
35017.5
38224.5
30723.8
25721.1
35942.1
29685.3
34850.8
30450.5
32982
27430.6
30399.8
44798.1
28686.5
24986.3
23953.2
29618.4
30352.8
35389.9
25178.1
42575.2
24196.7
26945.8
23764.3
29692.9
20224.9
32436.2
30296.2
31488.8
34208.8
21979.8
51063.6
22913.3
31758.7
30515.1
22912.1
23371.5
29376.7
30246.7
51861.2
22516.5
26786.7
24625.4
32753.9
57562.6
29165.6
29144.9
41780.9
30457.6
39163.8
56779.3
31397.5
27454.3
28976.2
29586.4
45004.9
27830.7
37012
23050.7
30608.8
34859.7
30152
49021.1
23938.4
39826.5
32394.8
54097.7
32800.8
27499.2
37577.2
37083.7
42599.9
31886.7
41979.7
53992.9
36694.7
48959.7
34358.1
33231
42292.8
31120.8
35446
33099.9
42120.2
32488.6
33229.1
26547.6
30209.5
29461.3
34847
33717.6
24342.7
27182.7
24332.2
26617.9
27115.9
30325.2
35572.5
28154.4
27660.5
33826.6
25260.5
36545.6
29659.3
31943.8
25688.2
27954.7
40736.3
26134.9
29346.3
27111.4
30191.3
34186.3
25371.3
41019
35837.1
35477.2
24538.7
37165.4
28334.6
25453.4
26524.2
31275.4
38973.5
23026.5
44533.2
30035.6
26701.7
38485.6
29607.1
25245.1
25744.5
29016.9
43776.9
34766.2
27390.9
48596.9
36671.5
37770.9
46206.6
29887.7
50876.6
20189.5
29792.2
41506
32522.3
29395.3
25217.5
32420.5
29288.3
37418.5
28104.5
30335.7
31834.6
27016
38287.2
27327.1
25892.8
37413.3
30531.1
30984.7
41995.3
29142.4
42428.6
28684.4
34322.5
31680.2
32960.4
26838.1
35191
30427.6
29653.8
33365
30591.2
28451.4
25954.4
29909.2
34387.3
30038.6
40087.6
32343.3
27093.4
41157.9
30633.6
27323.6
27713.9
37477.2
43374.8
26472.3
40600.8
24693.8
36591.3
30173.1
41221.3
34587.2
24993.1
37261
29286.2
25956.5
23991.2
30425.2
32304.6
27637.7
35496.9
34498.6
41513.7
22313
52015.5
39179.3
51563.4
28199.6
27277.3
36825.2
25087.6
39591.5
37001.1
27044.8
25635.1
29362.5
31959.5
41980.2
40697.9
24803.5
38808.2
34072.8
27296.3
42788.1
28104.6
34289.2
25877.3
30067.9
36409.6
54317.2
34438.2
28262.4
40304.2
22388.7
21795.5
29959.3
30267.1
26475.1
26989.5
39804.6
36413.6
21954
37869.1
33817.2
34641.1
34060
25804.5
38218.7
51863.9
28664.9
37636.3
39362
49812.9
35886.9
30722
29446.9
37988.1
30297.8
38635.9
31454.5
29091.6
32215
49890.8
25329.7
40010.5
30552.2
30302.6
32249.6
25293.5
23219.4
37556.7
27717.7
26740.2
45414.6
32163.1
41393.7
21908
22756.7
51463.8
29878.7
46005.1
27255
32808.9
37747.7
29051
28884.4
29309.2
22625.2
23069.7
55088.3
28163.2
34950.6
43044.1
28043.7
31535.1
41969.7
33819.5
30528.8
54899.2
26708.6
35831.9
41165.8
26600.5
34109.8
26874.5
33324.7
30475.8
26763.9
37492.4
34852
22784.6
32225.4
34948.8
35384.3
43152.4
24504.4
31237.6
30240.7
30206.3
30373.6
35235.1
23026.9
27408.3
38379.1
24333.3
33575.8
28715.5
28479.4
48111.3
30513.7
21371.7
28050.6
37572.5
41763.2
23011.6
30227.9
22821.1
28010.3
27580.1
30396.7
26693.9
31644.6
26668.3
30052
22777.5
27027
45050.7
28888.5
33305
28200.4
28587.2
44100.7
41780.4
30667.8
33272.8
51073.7
40618.9
50185.5
52641.9
38028.8
34848.4
29212.8
39377.6
47874.4
34902.8
26590.6
44706.9
41265.9
34197.4
27264.7
30111.2
34595.5
28072.1
36499.6
32795.1
30656.1
30699.3
28657.9
36881.2
37116
34396.6
34627.8
24011.2
27409.2
43697.2
55747.8
24373.4
32438.3
34485.8
42422.3
38708.5
26823.7
40326.4
29878.7
28675.3
24664.2
31260.1
31394.1
29374.1
32954.8
28698
32917.9
36999.8
24530.1
37612.1
19985.4
29720
30238.7
39982.1
31171.2
26839.1
33276.5
23930.6
32977.2
26936.5
24927.1
35053.1
26543.4
27760.6
31114.6
35242.8
23553
45105
29881.1
32339.5
32738.1
40443.5
32050.6
41260.2
30859.6
39172.4
32050.2
31116.2
40136
29105.3
24106
37943.5
30257.1
32818.8
56919.8
32961.1
23110.6
31937.1
42559.1
29827.6
32584.5
32423
35482
39328
34570.7
45194.4
49101.6
57182.5
52110.5
34979.8
32484
34614.3
27977
26793
27005.5
43908.9
36278
47649.8
32691.8
26645.4
33979.4
31460.9
35412.6
47318.2
30551.8
50048.7
46103
37030
27559
29534.4
38598
30122.1
31126.7
33346.1
37366.1
43393.1
30144.8
37204.4
35053.7
29475.9
29506.1
34106.2
40249.6
40810.1
33918.1
33839.7
30852.2
64185.8
29984.2
44186.7
25364.5
26099.4
36969.6
35554.2
36478.9
32290
23236.8
35012.5
23091.5
32058.4
42975.9
43697.5
27898.9
32134.3
34366.8
25696.7
34266.6
27424.2
41903.3
33507.4
31721.9
32869.8
26836.6
30640.7
27707.6
38679.2
40253.8
40798.6
44684.5
19914.4
29266.7
32255.1
29191
29325.2
40768
31141.3
33610.6
55591.6
31697.6
33289
43020.5
35602
40029.6
36041.6
31691.3
35601.6
30939.7
31245.7
26220.5
51237.6
36904.1
28248.8
37922.3
30176
28690.7
30109.9
32193.2
27225.3
33612.7
33920.8
36138.2
36545.4
44100
33418.6
26157
22316.8
33730.9
36465.2
31786.9
34530.5
33304.9
36194
29172.9
31985
27978.3
37994.4
41508.3
26530.8
20390.5
37710
30747.1
41469.8
32121.6
39585
20351.2
32438.1
28854.9
29943.1
28081.2
26644
38349.5
34263
29289.2
51233
30242.3
31491.3
31376.8
28590.2
71983.4
39613.1
38990.4
21194.7
30985.2
45895.8
31401.5
27737.3
31360.8
30030.3
36493.1
35552.2
28173.2
30009.5
27511.4
31748.2
23170.9
28844.9
26049.7
29694.8
25405.3
45030.9
24536.5
33528.1
26084.2
27557.2
24805.9
38646.6
29086.5
23034.4
30100.2
35184
