40967.9
40179.3
40314
29628.4
29016.8
49336.5
36714
28183.3
35980.1
28928.7
29546.4
30729.9
27463.3
29283.8
33858.6
51366.5
30536.4
35101.8
27969.4
36197.3
34229.6
30430.6
32370.4
27951.9
48909.6
27286.7
50056.4
37062.8
48776.2
36125.5
32824.2
24281.1
36060.7
39826
28398.7
32164.2
32636.6
33469.1
18687.6
25998.6
32112.4
27270.7
54584.2
26826.8
52631.8
34203.5
26809.2
31414
38714.8
32764.4
42738.6
28028.4
33260.4
36120.9
36797.9
32976.3
29107.3
21166.9
32254.6
30749.5
23399.5
32192.1
25395.6
28571.2
34331.1
33003.4
48765.2
30940.7
30176.7
30817.2
28749.4
38005.9
25392.9
37056.3
27155.1
41448.8
18156.5
43136
32772.1
22783.8
35593.2
27937.6
29683.9
33334.9
37641.7
31215.9
28309.7
28840.8
27461.1
36467.4
33788.8
29284.6
30423.5
61967.9
37040.8
34637.8
17891.5
32341.9
43661.6
25723.5
28653.9
41435.1
35126.4
38696.1
37884.1
37374.5
36109.6
26545.7
31881.9
33394.7
30715.1
38787.4
25124
33317.1
27873.5
44908.4
29266.8
29923.2
39180.9
31190.5
30248.2
29797.2
29377.5
32373.9
43106.2
26960
35950.5
31486.8
24126.2
21827.3
27216.4
31425.7
29439.3
32310.6
28246.6
61986
41929
36949
36069.4
36805.8
27244.9
29069.7
21019.8
29491.7
32113
30942.3
53366.4
33855
24037.9
41911.9
38161.4
21296.6
22878.4
26076.8
31818.3
27390.6
37467.9
57773
37370.2
22335.8
24582.6
27127.5
41507.3
31523
26013.9
30389.9
46146.5
26400.4
28397.8
26737.6
24210.5
41523.4
24083.8
32585.6
22717.1
24687.6
25689.4
26475.1
21836.3
30943.9
27968.8
25535.1
45796.6
59887.3
25151.7
25192.6
29915.6
23758.2
24923.4
33565.6
66853.1
33329.7
29979.3
30771.9
22792.9
24928.9
35551.9
27804.1
32404.9
34784
53254.3
22489.9
32757.4
31424.3
29921.2
25417.6
50692.1
27513.1
28376.4
19023.1
27091.6
43316.4
26644.9
34792.5
45555.5
40035.6
47824.4
47390.5
33006.5
29454.8
55363.1
30286.9
30968.2
23994.7
32986.8
27838.3
33414
56569.9
33164.8
27923.1
23745.5
35836.2
27281.1
28679.9
36107.6
47434.7
30277.2
36645
32528
31532
45891.9
29931.1
46160.5
33320.8
38943.5
45567.1
52504.7
35071.2
31222.2
40511.7
39886.1
50270.7
34165.4
36227.6
40232.6
38081.5
35075.5
55234.5
32768.9
33527.3
62733.5
30605.8
42346.8
49930.1
39162.1
38364.9
38536
38546.4
27186.1
38675.7
32629.5
32595.3
28223.1
32881.7
31347.2
32173.3
30669.7
28675.3
35285.3
35310.2
25850
30447.5
33219.4
36660.2
46947.7
35739.6
26622.9
48085.4
29029.6
36443
31065.4
36018.5
25484.2
35496.3
39814.6
23838.4
33731.8
22621.6
33746.1
25161.2
24037.6
33469.9
35549.7
21446.7
30676.3
30200.9
33086
30537
31823.3
36816.2
24522.4
19344.5
27411.5
25427.9
51135.8
25691.3
27597.2
32124.6
36750.5
28097.3
29439.7
30793.7
20989.9
40573.3
29562.8
32483.8
45013.7
46752.1
36786.4
26864.3
21822.2
42590.4
25701.7
40129
26380.4
34364.3
26710.1
34163.1
24636.7
26211.7
36957.6
32954.6
29108.8
33806.2
42730.6
26821.5
33821.3
29426.7
31943.8
32233.7
36049.3
31863.2
27019.4
41420.9
45334.5
34279.4
30099.3
29292.1
30470.8
31814.2
37153.6
28353.4
24500.8
30574.9
23374.5
27909.6
28367.9
30228.2
27638.8
31862.4
25841.8
25117.1
47006
30629.6
35534
35019.1
38227.7
30725.6
25725.4
35946
29687.8
34853.4
30453.3
32985.2
27433.2
30405
44801.3
28690
24988.9
23955.1
29620.2
30355.6
35392.8
25180.6
42577.4
24199.6
26947.2
23767
29695.4
20241.8
32439.3
30297.8
31490.8
34211.5
21981.7
51069.6
22915.6
31760.8
30518.2
22914.9
23373.7
29379.2
30248.4
51863.5
22518.5
26789.3
24627.4
32755.4
57566.7
29167.1
29147
41797.6
30461.8
39168.1
56783.2
31399.7
27456
28978.5
29588.4
45006.7
27832.2
37013.4
23052.7
30610.4
34862.4
30153.7
49025.1
23940.3
39828.9
32397.6
54101.3
32806
27502.2
37578.7
37088.4
42601.8
31889.1
41982.5
53997.2
36698.4
48972.9
34361.5
33233.4
42296.4
31123.1
35447.9
33101.9
42124.9
32492.1
33232.1
26550.4
30212
29463.8
34850.6
33719.8
24345.2
27184.3
24333.9
26620.1
27117.8
30327.7
35575.3
28155.8
27662.1
33828.6
25263.4
36548.5
29660.8
31945
25690.1
27956.9
40739.5
26137.6
29347.7
27114
30192.6
34188.8
25374.1
41021.8
35839.9
35479.1
24540.8
37167.2
28336.6
25455
26526.3
31280.9
38975.6
23029.2
44535.2
30038.8
26703.9
38488.7
29610.4
25248.5
25746.1
29019.5
43782.1
34769.1
27404.1
48601.9
36675.2
37775.2
46212.6
29890.7
50882
20191.8
29794.5
41511.1
32526.6
29398.7
25219.8
32423.9
29291.3
37420.2
28107.1
30337.3
31836.2
27018
38289.3
27328.8
25894.3
37418.1
30533.8
30986.4
41997.3
29144.5
42431.8
28686.3
34325
31683.3
32962.1
26840.3
35192.3
30429.6
29655.5
33366.8
30593.8
28454.6
25956
29911.2
34390.8
30040.6
40089.6
32348.1
27095.2
41161.8
30636.8
27325.5
27717.4
37478.5
43379.3
26473.6
40602.7
24695.8
36593.3
30175
41222.7
34588.8
24995.4
37265.9
29287.7
25959
23993.4
30427.1
32309.7
27640.1
35500.8
34502.6
41517.7
22316.4
52018.8
39183.6
51574.3
28203.1
27279.3
36827.3
25090.5
39596.5
37003.2
27046.7
25637.7
29397
31962.2
41983.8
40701.1
24805.9
38811.6
34075
27299
42790.4
28106.1
34290.9
25882.3
30069.2
36411.5
54321.4
34440.8
28264.2
40308.1
22390.7
21799
29964.7
30268.8
26477.5
26991.9
39807.7
36416.5
21957.2
37871.7
33818.8
34642.7
34062.5
25806.2
38220.3
51869.5
28667.2
37639.4
39364.1
49817.2
35893.1
30723.8
29449
37990.2
30299
38637.9
31456.7
29093.1
32217.7
49893.3
25331.2
40011.8
30555
30303.6
32252.3
25295.7
23222
37559.9
27719.5
26742.7
45417
32165.4
41397.4
21909.5
22758.4
51472.3
29880.7
46009.8
27258.2
32810.5
37748.6
29053.8
28887.7
29311
22627.3
23071.9
55091.7
28166.2
34952.7
43046.8
28046.4
31537.7
41972.7
33821.8
30533.4
54904.2
26711.2
35835.9
41173.3
26602.9
34112.1
26877.7
33327.3
30477.8
26766.5
37494.5
34857.9
22786.8
32226.8
34950.9
35385.9
43154.9
24506.8
31239.4
30242.3
30208.3
30374.7
35237.1
23029.9
27410.6
38382.6
24335.9
33578.9
28717.9
28481.9
48112.4
30515.2
21374.5
28052.2
37574.7
41766.1
23013.1
30230.3
22822.7
28014.2
27582.5
30399.9
26696.1
31646
26670.6
30053.8
22779.7
27028.4
45053.9
28892
33307.4
28206.4
28590.1
44108.1
41784.4
30671.7
33274.4
51078.1
40623
50216.4
52646.8
38033.5
34851.5
29216.6
39379.2
47878.7
34904.3
26592.9
44711.1
41269.3
34202.4
27268.2
30114.8
34597.5
28073.3
36501.4
32797.2
30657.8
30700.8
28659.7
36884.9
37118
34398.5
34629.9
24014.2
27410.7
43700.1
55751.5
24377.7
32440.1
34487.4
42426.4
38710.2
26827.9
40328.1
29881.8
28677.4
24665.9
31262.2
31397.6
29376.3
32956.1
28699.5
32920.8
37002.1
24531.2
37614.4
19988.3
29722.7
30240.5
39984.7
31173.2
26844.5
33278.1
23933.2
32979
26938.5
24928.5
35054.7
26544.9
27762.2
31116.9
35245.8
23555.8
45108.3
29883.7
32340.9
32739.7
40446.1
32052.7
41262.5
30861
39174.6
32052.2
31117.8
40139.8
29106.9
24110
37946.9
30259.8
32820.7
56924.2
32963.3
23113.1
31938.9
42566.1
29830.5
32585.9
32425.2
35483.8
39332.7
34579.5
45196.6
49105.1
57188.8
52113.3
34982.6
32489.1
34617.8
27978.7
26795.9
27006.8
43912.4
36279.3
47662
32693.4
26647.7
33981.2
31473.2
35415.3
47333.3
30553.4
50052.6
46106.7
37031.7
27561.2
29536.1
38599.9
30124.9
31130
33348.3
37370.5
43397
30147.1
37208.5
35056.7
29478
29509.2
34108.1
40253.3
40813.7
33919.7
33842
30855
64192.4
29986.1
44188.5
25366.6
26101.5
36974.9
35557.9
36482.2
32293
23238.1
35018.8
23094.2
32061.3
42977.3
43700.6
27901
32135.6
34371.1
25697.8
34269.6
27428.4
41906.2
33510.4
31725
32873.2
26838.7
30642.5
27709.2
38682.6
40261.1
40802
44686.2
19915.7
29268.5
32256.7
29195.8
29326.6
40771
31143.2
33613.2
55595.8
31700.9
33291
43023.6
35603.6
40035.6
36044.7
31694.9
35603.5
30942.6
31248.1
26223.5
51241.7
36909.8
28250.5
37924.2
30178.5
28692.4
30111.6
32198.2
27227.9
33622.8
33922.5
36140.6
36547
44104.7
33421.3
26160
22318.3
33733.6
36467.9
31789.8
34533.5
33306.6
36197.7
29174.5
31988.5
27980.8
37996
41511.3
26532.8
20392.1
37712.1
30750.6
41471.6
32123.6
39590.1
20354.6
32441.6
28857.9
29946.1
28083.1
26647.2
38351.6
34265.2
29293.1
51237
30244.8
31494.3
31380.4
28592.1
71987.4
39614
38994.8
21197.4
30987.6
45899.7
31404.1
27739.9
31363.6
30031.9
36495.5
35554.6
28175.4
30011.5
27513.5
31750.1
23173.5
28847.2
26052.9
29696.5
25406.8
45035.5
24538.9
33532.5
26087
27559.5
24807.4
38654.8
29087.9
23036.5
30106.4
35187.9
