40646.4
39949.1
40098.8
29526.4
28923.2
49201.2
36511.6
27979.1
35765.7
28839.5
29454.8
30520.8
27374.2
29070.3
32271.7
50967.8
30249.4
34916.8
27869.9
35853
34120.5
30303
32270.2
27731.4
48653.2
27099.5
49676.7
36922.4
48579.4
35770.5
32641.9
24184.3
35875.4
39618.6
28070.4
31963.8
32290.4
33113.5
18654.2
25874.4
31914.7
27137.1
53095.8
26705.2
51787.7
34053.8
26600.9
31311.5
38213.3
32609.3
42453.6
27945.3
33120.7
36023.6
36679.3
32785.9
28997.2
21077.8
32119.7
30625.1
23347.8
32055.1
25315.1
28453
26656.4
32915.1
48577.6
30811.2
29997.3
30657.4
28609.1
37784.5
25301.2
36900
27052.4
41271.2
18056.1
42963.6
32682.8
22583.9
35219.4
27868.2
29625.8
33185.4
37498.6
31087.3
28127.3
28702
27337.2
36258.2
33572.7
28969.2
30280
61593.8
36941.8
34529.6
17842.6
32224.7
43510.1
25621.2
28545.5
41198.3
35043.6
38542.4
37768.3
37187
35970.2
26511.9
31807
33163.2
30636.3
38682.7
25051.5
33125.4
27809.2
38466.8
29127.2
29887.2
39103.3
31131.7
30164.4
29715
29282.2
32308.4
42998.6
26887.5
35849.8
31389.1
24066.9
21752
27147.7
31385.5
29389.6
32183.5
28026.6
61791.6
41833.4
36822.6
36010.9
36700.5
27147.6
28983.3
20952
29426.8
32025.8
30841.9
46310.5
33783.7
23982.5
41809.7
38064.4
21277.2
22856.6
26030
31738.3
27291.6
37376
57342.8
37128.4
22265.9
24457.1
27065.5
41445.8
31439.3
25941.6
30299.1
46038.6
26301.6
28217.9
26678.4
24193.9
41473.3
24068.1
32516.9
22651.1
24646.2
25645.7
26392.3
21794.3
30835.6
27884.2
25513.7
45694.3
59805.3
25097.6
25116.9
29859.9
23715.9
24901.5
33468.8
66351.5
33260.5
29935.8
30694.7
22701.3
24910.8
35453.7
27784.5
31980.3
34452.1
53153
22406.4
32382.6
31289.2
29558.7
25405.1
48561.7
27129.2
28249.2
18832.2
26951.9
43048.1
26534.6
34572.1
44946.1
37433.7
41529.3
46916.4
32790.1
29311.6
53472.1
30175.5
30564.1
23713.8
32930.9
27714.4
33000.2
55928.9
33055.6
27619.8
23657.3
35020.2
27040.5
28550.5
30800.6
46967.9
30123.6
36459.3
32382.7
31279.3
41255
27923.9
45677.7
33038.6
38551.9
41830.9
46128.1
34760.7
30949.9
40038.1
39740.1
49939.3
33856.2
34339.7
38372.6
37478
33482.7
53492.8
32619.8
33389.7
62514.9
30473.9
42059.8
49833
39026.4
38224.4
38373.2
38379.6
27113.9
38506.5
32511.9
32495.6
28146.6
32778.1
31258.9
32048.7
30563.4
28595.1
35189.1
35206.5
25538.8
30331.8
33111.2
36488.9
46849.1
35617.7
26459.7
47673.2
28976.8
36326.2
30983
35839.4
25389.4
35373.8
39355.9
23771.2
33560.9
22574.7
33636.8
25106
23956
33410.8
35477
21350.3
30634.7
30085.9
33001.5
30481.8
31710
36720.5
24488.9
19243.5
27356.2
25397.8
50829
25624.2
27476.2
31969.7
36658.6
28035
29285.1
30540.2
20881.2
40454.1
29488
32279
44837.8
46549.8
36631.9
26772.6
21717
42417.8
25401.4
40023.1
26276.6
34221.2
26682.9
33940.9
24572
26139.2
36852
32849.5
28977.1
33684.1
42615
26752.9
33704.9
29307.9
31745.2
32074.1
35670.3
31560.5
26823.5
41259.1
45111
34134.3
30029.2
29157.2
30396.2
31570.7
37011.8
28259.2
24438.8
30461.5
23293.5
27720.1
28264.4
30128.1
27538.1
31787.1
25713.4
25035.3
46840.8
30546.9
35464.1
34963.7
38053.5
30530.2
25573.7
35796.7
29598.3
34626.6
30435.8
32904.2
27335.1
30293.5
44632.7
28590
24914
23916.9
29521.4
30219.6
35279
25081.1
42390.9
24139.9
26843.3
23662.7
29538.6
19925.7
32180.6
30135.7
31437.4
34081.6
21946.6
50956.8
22807.2
31449.1
30435.3
22856.1
23311.7
29255.3
30162.7
51655.6
22406.1
26664.7
24561.9
32668.8
57433
29086.9
29034.5
41403.8
30121.1
39013.1
56607.2
31212.5
27381.3
28930.7
29496.9
44809.5
27778.3
36854.4
23001.3
30552.2
34787.3
30101.8
48772.3
23900.4
39711.7
32356.2
53977
32708.9
27451.5
37502.3
37057.4
42507.4
31805.2
41192.2
53794.3
36567.7
48897.7
34183.4
33167.3
42080.2
30794.5
35356
32997.3
41958.2
32327.9
33031.8
26443
29944.1
29342
34674.7
33638.2
23985.1
27133.2
24218.1
26581.8
26996.7
30126
35468.5
28092.1
27570.9
33667.5
25138.3
36399.6
29586.6
31894.3
25616
27851
40503.8
26067.8
29291
27065.9
30143.1
34098.3
25326.1
40853.6
35684.9
35406.1
24492.4
36919.7
28294.6
25428.3
26480.5
31149.9
38798.6
22925.6
44293.9
29953.4
26594
38453.9
29422.2
25090.1
25627.1
28948.3
43672.7
34571.3
27342.5
48461.7
36600.6
37678.4
46156.3
29662.7
50750.5
20083.2
29752.6
41369.8
32437.3
29339.8
25173.5
32348.2
29209.2
37314.9
27917.7
30233.7
31770
26929
38191.2
27236.3
25875.4
37112.7
30346.4
30879.3
41905
28945.3
42321.7
28608.4
34253
31593
32908
26728.6
35087.7
30149.9
29581.5
33270
30403.3
28203.9
25911
29831.4
34281.8
29983.2
39892.1
32253.4
27035.8
41032.1
30487.8
27146.8
27496.3
37294.9
43084.2
26430.5
40490.1
24651.4
36448.7
30128.6
41057.9
34525
24970.6
37078.2
29245.5
25906.8
23958.4
30374.9
32278.4
27585
35436.8
34404.8
41411.4
22271.8
51678.5
39064
51514.6
28121.5
27176.9
36720
25001.4
39477.4
36913.2
27003.5
25539.5
29184.5
31772.1
41652.9
40610.7
24733.3
38692.7
33986.8
27227.7
42703.4
28010.7
34280
25688.5
30019.4
36330.8
54158.9
34308.2
28167.5
40171.9
22346.5
21759.8
29864.7
30185.2
26391.1
26943.3
39605.1
36227.2
21885.5
37784.1
33730
34532.8
33882
25757.5
37353.4
51468
28590.5
37541.7
39295.5
49694.1
35544.4
30656.7
29353.4
37952.7
30253.4
38600.4
31307.4
29038.8
32081.5
49661.9
25295.9
39681.7
30426.1
30278
32094.4
25219
23168.6
37340.6
27585.4
26680.7
45193.2
32124.6
40882.7
21857.5
22199.9
51363.7
29799.6
45889.6
27065.4
32737.6
37635
29002
28838
29238
22609.9
23025
54922
28112.9
34899.3
39497.2
27833.6
31486.9
41896
33723.6
30451.9
54733.3
26617.4
35749.2
41042.6
26512.7
34039.9
26675.2
33278.7
30397
26603.1
37421.4
34577.3
22735.9
32215.6
34854.4
35289.4
43047.9
24385
31210.9
30197.4
30179.9
30325.8
35079.1
22980.1
27292.8
38041.7
24298.5
33425.6
28531.1
28453.4
47896.5
30455.2
21232.2
27964.5
37500.8
41555.4
22965.2
30166.9
22769.3
27799.4
27500.8
30302.4
26635
31623.3
26614.4
30002.7
22724.4
26993.7
44512.4
28789.2
33098.6
28132.6
28544.7
43950.8
41252.2
30608.6
33229.5
50944.6
40552.2
48208.6
52541.4
37741.1
34826.9
29198
39289.2
47700.8
34823.1
26520.5
44442.1
41136.5
34099
27171
29930.6
34509.1
27954.1
36371.7
32705.1
30575.1
30598
28585.3
36781.6
37009.3
34294.1
34429
23959.2
27329.9
43550.6
55173
24298
32381.3
34404.3
41228.5
38611.6
26771.5
40107
29781.2
28487.9
24614.6
31190.2
31331.6
29279
32901.7
28676.1
32719.2
36854.1
24242.5
37394.1
19944.5
29668.4
30189.2
39636.1
31095.6
26704.2
33132.3
23872
32920.2
26904.6
24840.4
34904.4
26483.1
27740.8
31050
35069.7
23499.5
44905.4
29818.3
32308.4
32689.2
40063.8
31941
41165
30804.7
39070.2
31959.5
31017.2
40034.1
29026.4
24008
37813.3
30043.2
32736.3
56577.2
32879.7
23014.3
31896.1
42398.7
29766
32530.5
32322.7
35441.2
39165.5
34506.8
45064.1
49003.8
57055.4
52034.7
34952.2
32403.9
34508.7
27885.5
26720.8
26923.6
43902.4
36122.4
47560.7
32584.5
26596.5
33915
31241.7
35323.9
46686.5
30463.4
49856.3
45597
36817.1
27382.2
29426.5
38495.5
30069.7
31024.5
33270
37303.5
43194.9
30023
37092.1
34974.4
29449.6
29375.3
34034.1
40103.1
40618.3
33805.9
33693.9
30753.7
63680.5
29950.4
44089.8
25277.3
25992.5
36892.7
35469.2
36386.9
32198.3
23188.4
34926.8
22999.7
32001.3
42893.2
43557.3
27853.4
32094.8
34293.4
25613.1
34120.5
27356.5
41805.6
33273.6
31505.1
32797.5
26766.4
30564
27617.2
38617.9
40142.7
40689.5
44338.3
19854.1
29204.9
32128.4
29101.4
29293.5
40687.5
31066.7
33501.8
55469.7
31614.7
33218.4
42856.1
35522.9
39756.5
35936.1
31682
35493.8
30823.9
31156.5
26148.3
50706.2
36529.5
28173.2
37831
29982.3
28608
30035.9
32164.6
27134
33387
33836.2
36071.3
36457.2
43975.3
33310.8
25945.1
22290.5
33644.2
36372.7
31714
34415.1
33219.7
36134.7
29113.8
31842.3
27837.4
37787.2
41402.3
26503.7
20364.8
37629.8
30639.6
41232.5
32009.5
39480.6
20251
32367.6
28676.3
29851.4
28017.6
26584.9
38252.3
34168.7
29100.8
50554.4
29952.4
31248
31193.2
28394.5
71772.7
37801.2
38700.3
21161.9
30737.8
45619.8
31345.4
27620.8
31292.8
29987.5
36205.6
35358.3
28118.1
29966.9
27473.5
31683.9
23119.6
28790.6
26011.2
29601.5
25372
44846
24512
33419.4
26006.1
27507.2
24791.4
38564
29031.3
22978.7
30043.4
35096.7
