857.40
264.86
463.03
83.40
106.00
468.67
1168.40
964.00
578.56
497.00
360.40
301.06
680.06
364.06
201.17
811.80
830.92
501.30
830.82
175.57
52.40
723.34
308.21
1101.21
427.55
548.90
315.00
144.81
667.60
74.30
320.88
248.67
1416.66
1406.03
1371.61
599.71
499.10
353.40
439.00
1168.80
1479.01
606.90
424.74
248.29
509.78
82.80
559.16
1696.96
408.66
218.66
481.30
75.60
1343.54
412.00
506.14
280.30
327.00
427.00
594.57
18.46
501.96
974.14
588.91
367.15
379.20
528.38
594.38
892.20
83.60
125.10
271.91
251.91
524.57
2201.80
1261.80
199.00
265.00
254.00
1664.82
28.80
1657.00
1665.34
210.08
261.55
398.65
215.46
1090.00
355.00
290.97
687.90
400.52
576.78
402.81
463.60
209.68
147.20
316.98
131.02
3.94
291.08
771.03
605.96
1170.13
321.13
669.13
891.48
355.62
1046.28
332.20
531.20
773.20
1015.41
508.70
210.90
464.58
120.30
307.00
225.60
146.95
55.50
106.00
289.94
252.10
418.17
140.17
121.64
287.00
64.06
1131.60
718.38
928.10
1051.60
52.76
21.09
392.38
135.86
206.50
289.50
557.60
432.50
478.20
284.32
205.60
1174.30
1052.00
590.01
14.86
315.52
382.12
229.28
99.70
325.23
307.38
148.00
380.40
320.40
260.10
137.19
43.74
321.81
367.19
171.07
342.44
710.44
1810.98
700.00
374.00
926.00
10.50
443.12
412.00
131.00
2.85
1180.00
642.00
564.22
90.27
553.49
154.97
396.00
510.33
154.00
184.60
130.27
420.77
74.62
178.39
701.60
278.42
316.60
168.16
296.57
574.53
488.18
871.11
389.33
869.86
852.90
195.92
639.00
266.00
903.60
474.76
486.21
130.01
382.00
388.68
349.90
90.10
91.00
527.90
659.86
115.24
189.95
1370.30
368.00
297.41
459.13
747.00
36.79
294.60
971.82
269.56
1071.40
227.31
289.70
232.95
666.93
324.08
166.82
171.00
108.04
509.04
173.04
491.04
255.76
1114.77
1495.80
58.59
374.04
263.10
823.30
968.80
401.54
340.57
123.64
96.23
417.00
204.31
503.90
502.50
206.71
367.56
347.86
295.40
456.00
1222.05
896.67
892.29
281.79
312.39
917.10
863.00
1153.14
418.90
114.17
433.83
1129.55
362.64
150.00
275.40
305.33
166.17
1189.78
1651.19
561.91
1225.07
311.50
450.00
264.80
529.82
252.62
94.21
656.27
1199.33
122.00
1299.93
353.65
263.62
369.72
317.00
575.14
851.43
402.86
186.02
54.84
243.00
1163.97
334.06
3801.48
357.05
191.04
146.41
719.40
1344.40
897.20
257.73
255.67
566.70
511.54
836.00
325.00
220.00
332.90
806.97
694.50
139.67
320.50
305.00
64.50
415.87
688.43
1110.12
734.51
657.90
534.90
1263.23
420.80
298.30
793.00
823.34
247.90
313.90
1025.31
501.25
159.76
332.98
379.43
177.23
197.67
900.09
187.07
551.28
478.60
1143.38
769.52
1762.80
270.55
315.00
320.80
629.80
348.51
4020.20
1725.30
1110.00
421.37
282.20
403.00
161.63
887.79
118.52
251.59
163.62
317.11
805.04
365.88
316.68
1355.52
681.60
808.97
609.60
168.43
441.25
1550.13
254.96
282.00
504.20
561.00
143.46
908.40
939.65
696.90
166.76
84.14
262.19
1486.19
81.00
423.70
150.70
270.20
3.30
561.22
423.22
531.82
1490.22
894.22
531.92
229.08
707.71
291.50
942.70
599.00
161.17
499.17
286.34
484.83
1092.41
318.25
1031.10
315.50
372.50
246.46
157.86
348.67
499.05
394.65
1231.67
164.58
302.54
994.53
232.40
163.00
107.85
241.00
1125.50
206.30
291.60
768.25
214.50
314.81
428.77
1868.99
433.20
524.50
273.60
643.80
375.62
703.62
689.95
313.68
258.00
447.25
345.53
531.00
345.59
440.84
250.71
331.08
79.48
73.00
410.53
420.00
846.61
27.83
319.29
2069.40
14.40
579.00
1090.00
244.54
288.30
139.43
246.26
305.40
234.83
443.60
76.21
324.60
590.60
116.00
610.42
334.90
476.07
1301.50
72.30
187.73
250.19
570.52
657.00
93.70
840.00
414.36
344.47
295.50
443.40
441.00
425.00
484.28
92.64
474.04
31.96
408.57
420.00
224.50
523.51
39.31
1200.00
251.60
19.71
231.96
486.00
884.79
625.60
673.46
317.60
531.92
852.60
770.98
432.06
970.06
414.06
455.17
2141.08
231.70
1616.18
45.90
1776.09
65.20
348.22
38.40
408.16
256.40
125.40
19.24
561.97
380.70
501.30
751.80
597.59
382.22
422.71
495.00
945.08
701.00
1630.03
275.28
1172.23
1283.41
583.87
181.00
263.29
896.41
316.08
248.10
305.75
430.11
348.22
217.20
401.48
74.15
356.00
428.57
1092.86
477.69
583.00
173.37
573.00
29.30
399.20
517.41
1137.79
198.31
475.84
454.17
433.21
1090.00
502.11
557.86
612.34
286.30
570.00
1860.63
351.30
1060.30
468.62
501.30
85.71
806.39
253.12
264.80
36.92
64.39
201.30
554.48
382.00
403.00
1626.50
1449.49
200.80
529.10
263.70
372.65
165.96
296.60
1035.96
518.33
784.13
1072.34
352.34
851.63
959.50
110.41
236.59
423.15
104.07
188.42
609.56
232.60
112.72
1541.50
279.10
332.40
1007.80
272.20
297.40
240.60
447.35
263.52
513.45
169.45
167.97
526.59
298.23
149.52
224.01
69.44
98.90
974.07
289.54
165.00
250.61
862.20
989.20
359.20
190.24
125.30
303.60
404.11
313.60
400.60
1696.67
1232.01
222.83
84.44
441.20
675.20
217.87
406.22
597.00
49.56
352.12
865.50
952.71
289.44
605.26
47.90
423.91
431.70
199.01
296.69
242.32
1138.60
249.33
254.07
298.51
110.00
71.10
255.94
533.19
69.59
414.08
441.39
279.50
79.48
274.23
229.96
618.48
264.49
217.39
1210.80
279.60
231.80
601.80
511.71
266.71
231.40
324.90
474.73
252.85
110.00
687.00
69.46
107.00
855.55
273.10
516.10
198.10
387.80
140.05
813.70
518.96
654.53
360.15
545.20
948.38
208.47
378.01
1212.76
1009.90
370.90
919.25
871.80
1280.08
599.71
347.93
278.30
365.70
269.45
188.80
209.30
242.04
509.44
480.30
641.60
305.20
333.75
551.07
450.98
1741.34
231.30
383.66
822.00
329.00
1007.10
268.71
487.34
956.97
621.35
1066.44
212.28
229.28
278.90
291.78
286.00
1219.98
378.90
448.90
355.00
527.31
252.35
190.95
390.98
195.00
571.63
835.05
392.78
663.44
290.48
427.29
1073.18
130.70
390.00
548.96
356.99
428.30
66.78
221.05
1082.60
527.40
98.38
374.00
342.40
95.90
214.35
693.76
542.09
384.01
351.90
1354.90
559.97
203.76
13931.90
281.75
314.23
1327.58
826.00
2123.84
91.90
98.10
249.48
480.83
187.27
770.00
273.20
575.60
877.45
248.20
355.96
1279.00
731.00
508.84
362.29
271.50
1055.50
189.77
606.15
273.06
614.80
881.79
306.21
292.19
387.60
279.67
252.85
274.52
653.87
418.96
510.69
494.11
513.00
783.00
149.55
387.00
149.20
273.00
439.00
136.65
150.10
292.80
377.65
402.83
240.00
437.00
216.43
637.00
560.60
72.90
182.05
425.95
190.34
209.34
868.34
426.89
381.00
118.05
317.00
54.89
1140.00
396.04
462.64
1119.64
426.10
525.31
629.67
1051.14
299.80
298.60
454.00
448.00
242.00
1182.06
880.89
291.09
432.70
610.84
383.98
224.55
101.05
578.62
362.04
364.90
105.30
166.04
332.89
290.60
157.00
380.00
366.66
476.53
488.40
144.45
66.40
49.22
251.40
292.85
369.90
217.15
218.00
780.64
322.64
144.45
730.79
203.80
874.00
262.09
510.90
297.29
681.24
237.65
347.00
1429.06
1628.61
269.61
306.50
237.30
285.84
27.47
275.80
163.39
207.46
287.05
110.48
155.32
202.00
420.29
129.71
437.54
453.00
620.20
542.91
190.25
817.59
468.00
302.80
1099.71
394.71
189.71
235.67
54.83
221.29
109.36
409.15
319.60
413.60
313.50
569.16
250.10
987.70
1212.40
281.08
24.70
1540.00
451.40
261.40
332.40
980.40
179.72
229.27
206.27
770.15
684.86
558.07
329.00
223.00
792.00
308.00
1010.00
328.00
742.00
1315.82
287.62
368.20
221.00
198.00
572.00
152.50
243.90
271.00
546.00
46.27
489.76
679.57
301.67
516.08
338.15
243.52
280.78
88.26
220.56
1534.75
355.15
72.00
583.40
453.70
364.13
871.61
239.51
1258.49
188.90
756.50
65.29
189.70
43.18
126.94
258.11
1360.47
58.79
456.97
780.90
226.78
194.87
813.70
470.27
290.66
490.40
474.79
197.90
524.34
639.57
229.27
231.72
230.98
356.18
100.34
386.28
1460.00
132.36
658.17
737.17
295.96
446.52
1031.24
237.99
264.08
176.17
21.40
475.40
1060.90
433.80
410.78
120.50
585.00
108.10
616.76
347.60
264.80
814.36
297.13
257.70
202.61
187.10
990.68
71.20
23.77
384.90
42.90
296.48
132.71
1786.11
363.11
317.82
387.67
532.54
105.00
235.70
310.01
720.29
454.48
15.43
144.52
379.00
397.80
310.30
131.16
459.26
724.48
1496.00
108.00
446.45
889.68
269.70
401.95
501.95
598.29
460.26
149.17
400.63
1086.99
554.00
338.00
2078.31
1540.00
307.69
338.39
538.50
53.90
325.50
219.12
358.93
406.26
26.59
289.45
822.00
169.00
424.98
412.03
91.38
565.10
87.50
705.60
727.26
510.90
417.50
484.90
70.70
317.40
542.60
532.57
96.21
1001.57
579.30
217.62
1077.90
879.76
336.90
133.10
159.00
882.60
878.28
284.90
498.40
283.40
290.51
531.91
218.50
428.60
149.70
297.00
1729.73
279.54
135.65
430.35
249.56
150.40
231.90
275.13
319.11
247.00
526.19
133.00
465.97
294.82
939.85
296.60
196.50
139.30
285.00
340.62
248.15
272.05
1278.59
329.00
1400.00
289.50
430.84
972.83
412.72
332.68
713.58
389.19
317.00
474.00
270.70
303.70
244.70
67.30
383.00
213.49
129.82
204.45
403.00
206.05
35.58
497.49
794.97
811.90
192.00
776.81
280.60
326.49
590.85
917.20
386.13
1290.13
206.00
1339.10
363.67
43.03
280.87
398.87
464.66
113.00
297.12
1150.88
1714.44
417.42
108.20
319.42
215.03
1126.23
836.39
191.90
338.83
292.00
285.00
511.65
340.50
957.85
740.70
177.71
486.50
260.63
188.39
225.89
654.78
343.97
404.04
302.19
239.00
257.46
131.00
128.00
111.00
388.70
464.70
451.62
524.26
853.30
1211.30
576.82
1269.55
417.98
927.86
179.40
231.15
355.00
136.18
226.05
415.02
29.00
764.20
384.40
92.20
149.00
351.70
857.12
31.87
482.77
52.69
150.65
69.41
386.00
234.44
749.05
70.49
591.49
318.16
115.10
184.00
101.82
1660.10
4095.10
351.80
35.50
350.30
179.25
513.11
210.20
545.50
250.71
1168.30
535.85
205.00
129.00
415.00
157.30
393.51
126.00
626.99
437.75
772.60
414.43
365.43
594.86
1272.27
417.04
430.47
1383.83
602.69
207.69
308.04
962.30
456.20
438.97
137.00
1.04
587.00
346.89
1020.10
903.31
72.50
210.00
80.80
1740.00
227.83
399.69
557.28
861.92
1164.58
265.79
345.00
322.19
307.00
1468.99
478.98
306.89
1208.57
246.40
992.54
1067.10
188.10
328.91
294.51
1169.47
247.90
1993.82
103.46
667.35
282.81
286.17
304.80
535.70
352.02
527.55
282.55
943.21
278.61
189.43
245.03
242.60
143.94
620.80
309.23
357.80
743.40
186.80
406.00
243.00
129.70
205.60
166.14
680.00
700.28
953.77
595.60
503.95
776.92
218.86
129.98
1082.85
585.85
527.15
257.69
329.00
328.58
1024.83
505.13
2081.38
279.77
667.26
266.56
263.85
490.39
615.70
654.50
340.20
322.34
540.01
376.00
266.18
595.94
535.58
904.00
478.98
272.32
344.09
783.64
672.20
1032.00
1138.93
25.96
552.33
878.91
56.68
367.60
124.41
339.31
599.70
362.75
894.35
267.75
516.96
425.00
330.11
1016.27
772.00
574.20
1300.00
278.54
411.40
282.75
194.50
269.00
251.61
436.61
431.40
437.89
783.11
353.58
433.80
398.53
717.83
375.10
345.00
1323.00
104.62
201.62
1026.29
304.00
171.04
703.10
401.50
170.50
62.90
475.03
581.30
1040.55
124.90
2331.12
173.85
692.10
528.00
413.88
216.63
954.98
392.27
396.67
351.14
68.50
312.20
1076.00
81.40
1225.62
894.62
803.62
131.48
181.21
818.60
745.00
316.37
610.34
298.78
554.00
228.49
178.20
667.90
347.12
286.12
590.90
1260.79
518.40
334.70
492.00
501.40
227.04
21.25
117.03
300.15
485.00
329.30
915.20
420.23
326.12
129.50
302.74
367.99
349.00
820.28
245.66
585.42
757.20
682.13
1076.10
328.40
1448.92
742.60
537.60
121.07
668.82
1245.73
390.80
946.26
455.65
121.11
1192.00
1173.69
515.69
674.00
1293.00
406.03
609.03
880.35
101.48
157.54
235.56
595.00
63.05
171.11
497.12
205.78
131.19
175.65
232.80
506.87
102.06
246.26
414.30
97.88
139.00
492.97
1230.00
2240.00
251.23
745.20
338.10
193.64
514.47
336.00
275.90
298.65
492.50
252.81
293.41
115.83
466.82
7.51
101.59
469.34
507.77
536.57
1121.97
248.19
289.00
398.30
818.00
890.00
295.90
217.43
1320.90
481.00
484.00
262.55
617.51
203.00
208.50
437.35
198.00
344.17
576.85
207.00
310.83
171.83
256.00
569.20
105.11
482.80
487.12
173.84
378.87
718.84
446.55
741.00
108.83
141.34
179.16
165.97
191.48
473.40
545.40
1368.80
225.10
874.59
487.14
278.33
511.30
291.55
482.70
271.98
134.14
536.40
777.00
452.10
397.88
150.35
529.30
317.24
1562.07
1095.75
207.05
895.41
427.30
213.78
237.77
493.70
289.94
97.90
213.76
318.00
647.62
53.18
1168.70
477.00
124.26
279.72
265.20
245.74
301.00
593.41
420.30
181.00
235.40
1596.58
321.84
167.00
185.00
1380.00
135.00
475.54
457.23
505.07
319.60
383.60
174.45
593.03
221.03
277.00
272.81
403.00
667.91
943.20
669.20
413.50
295.94
798.64
366.80
442.00
219.63
218.20
1124.07
44.51
902.40
247.60
856.20
432.20
69.50
1815.72
897.46
124.00
422.37
155.60
258.44
417.04
299.76
0.38
1073.14
1439.50
184.56
164.26
691.03
604.67
249.67
303.05
1208.34
232.99
345.69
807.60
139.40
651.00
517.01
139.31
851.14
318.70
1189.00
9.49
387.30
686.00
489.98
254.53
626.13
594.52
92.75
347.50
294.66
76.60
356.40
709.50
217.54
277.67
175.80
555.49
537.87
363.81
302.80
231.50
234.10
632.40
568.16
119.00
87.20
15.60
414.20
287.73
72.32
209.52
283.59
121.75
94.00
262.54
142.55
894.44
1543.30
233.30
411.00
259.00
158.08
214.80
155.61
203.43
205.30
543.37
430.99
1908.34
1291.93
230.00
526.80
267.20
236.76
474.34
533.90
259.93
476.30
94.41
587.89
279.10
1073.70
210.15
287.88
356.42
224.86
533.00
230.66
380.50
698.74
812.78
413.33
391.00
1290.00
69.04
326.00
794.91
197.10
586.90
536.00
612.10
492.60
305.20
562.04
369.08
360.54
768.69
474.51
24.50
609.00
281.88
308.54
262.01
199.95
329.20
1036.09
495.00
394.41
128.89
253.67
818.28
338.69
286.70
1658.10
364.06
4.66
167.00
1525.94
311.30
676.30
375.29
796.45
350.85
346.85
479.50
388.34
450.00
260.12
587.92
761.94
430.37
254.67
423.90
506.48
563.34
984.00
428.18
326.80
1203.56
474.26
294.92
835.00
359.81
481.43
85.40
1510.79
491.92
359.10
664.11
558.99
247.00
1068.83
1201.20
648.80
895.11
597.46
617.00
369.22
21.78
368.70
891.92
888.47
724.41
476.35
246.94
95.21
240.84
192.10
674.50
1568.01
607.40
1213.02
168.00
505.49
559.82
262.65
157.98
270.93
138.40
582.00
287.00
122.42
728.28
236.79
400.02
216.00
508.56
115.63
381.71
251.38
509.00
523.67
333.42
576.96
44.20
883.00
638.60
989.10
296.97
974.79
548.03
329.16
324.80
553.00
401.04
404.50
392.78
381.00
18.80
350.59
250.95
492.40
838.92
125.35
312.52
77.20
1019.98
112.80
155.15
146.88
455.88
492.30
129.74
56.84
290.65
182.17
370.19
348.29
452.75
1072.98
912.00
393.30
99.45
239.84
223.05
360.20
570.20
345.20
372.20
799.76
11.10
400.97
1090.34
304.86
414.00
162.00
503.01
109.12
272.58
655.50
229.50
948.70
496.10
131.05
214.64
939.16
745.15
251.10
481.00
172.38
156.38
184.70
882.57
126.11
326.56
68.66
622.20
315.94
280.25
1804.29
465.84
485.67
39.12
331.20
17.50
1170.20
237.15
208.89
438.20
203.67
611.88
736.69
238.47
415.17
315.90
506.60
384.10
242.38
255.15
558.00
207.80
789.70
318.34
333.31
850.47
295.92
90.87
1110.28
175.10
1712.40
227.05
372.40
1229.31
355.10
1176.52
842.18
468.00
585.00
674.00
993.00
73.76
987.80
490.87
467.24
373.41
149.37
185.30
196.50
185.00
380.43
2431.70
786.10
899.19
216.11
982.11
27.27
169.12
39.13
416.91
371.00
777.00
517.77
560.97
311.91
325.91
724.20
514.41
540.00
525.57
303.10
306.00
793.52
1012.57
121.57
191.72
442.13
307.30
271.27
317.00
75.80
571.93
562.93
336.15
524.00
289.16
715.27
397.60
546.00
296.64
308.63
554.88
246.50
1048.67
254.00
1593.07
44.70
635.84
306.40
389.60
657.00
269.28
334.14
32.92
497.66
428.84
142.86
898.54
217.31
1151.90
355.81
344.15
543.57
38.20
91.50
996.94
317.64
292.00
690.00
1349.41
138.97
783.70
89.97
337.90
582.80
174.86
340.50
290.00
526.31
953.26
1040.03
371.44
528.93
1078.00
268.50
494.60
672.46
357.00
210.00
588.00
368.84
935.08
403.01
200.47
670.80
640.43
570.90
556.58
814.30
475.10
319.10
326.62
46.30
848.53
749.51
199.64
614.98
593.35
350.10
1747.63
112.90
124.14
541.49
37.25
997.86
184.28
568.35
224.90
68.09
444.93
210.76
358.91
1882.00
437.67
483.76
260.00
875.50
275.45
917.56
372.22
1106.20
320.30
144.27
367.57
261.65
630.52
219.10
619.55
307.52
307.92
761.00
105.00
518.57
173.30
1565.31
518.30
204.13
456.00
784.00
203.00
763.99
593.90
477.90
409.00
275.61
112.06
293.02
303.30
507.83
541.96
1740.30
57.38
466.17
328.91
380.84
610.19
285.47
132.29
407.90
289.30
1597.00
217.39
471.50
413.86
785.47
305.10
103.60
57.55
1342.84
224.09
260.29
224.73
327.43
614.67
207.70
209.00
469.42
705.00
46.63
850.78
80.32
291.42
34.09
275.20
449.81
209.60
252.00
250.00
166.00
448.35
800.81
329.56
191.69
266.23
347.23
675.90
317.88
1351.96
302.62
248.60
473.29
485.10
993.00
389.00
228.50
1346.74
207.43
414.10
1613.00
183.50
223.00
7.39
919.13
394.12
579.67
725.57
1544.32
899.32
295.00
366.00
601.00
551.00
150.00
233.30
155.14
552.41
112.76
677.00
294.13
661.86
340.84
106.00
256.63
45.98
411.55
695.60
610.90
339.28
101.45
263.10
169.89
369.19
489.43
258.68
1121.10
440.16
911.37
383.93
322.00
820.00
1683.79
231.80
323.43
244.10
677.15
824.40
390.07
447.10
231.97
292.62
308.51
75.89
602.81
206.11
810.50
473.36
213.36
269.89
361.03
741.50
1799.98
318.40
176.49
411.50
984.60
1335.56
1218.83
321.20
62.84
62.90
636.29
146.44
1313.86
341.66
181.00
530.55
880.76
1360.30
807.00
941.30
519.53
639.10
52.28
269.10
1426.09
459.73
268.25
444.37
35.90
486.74
315.00
894.21
168.78
482.46
323.00
514.70
576.22
131.33
19.60
294.80
425.00
332.00
1007.55
71.53
4.71
502.39
395.10
56.58
1025.70
422.00
40.80
1021.06
271.47
755.00
849.24
711.14
912.90
127.80
556.98
391.50
473.21
289.52
269.67
1162.67
220.67
272.00
479.00
286.70
313.00
454.80
1372.00
22.74
370.00
605.68
384.91
375.65
140.26
99.30
91.92
840.07
273.26
442.93
741.83
351.60
376.44
314.71
65.34
200.37
926.75
542.79
321.83
584.90
235.74
369.71
237.79
145.31
55.85
438.12
804.30
496.38
1027.10
198.80
325.62
233.48
330.00
812.18
427.67
325.36
12.63
256.90
454.58
145.58
281.52
235.40
562.60
16.41
259.56
329.66
1030.17
630.50
182.75
192.33
657.48
308.10
320.10
207.64
337.86
1269.13
400.92
457.00
71.84
64.45
337.71
278.38
257.60
475.31
226.00
114.88
361.00
591.70
364.60
673.99
367.88
36.21
552.80
446.10
646.13
137.05
160.50
452.73
516.60
688.24
1102.00
540.41
467.97
250.80
1587.97
326.45
456.70
431.75
143.00
248.35
333.63
278.00
463.89
373.40
212.15
395.66
392.66
981.50
1336.90
126.27
314.58
395.60
252.00
89.57
411.75
817.92
17.03
63.21
56.48
51.39
457.90
361.40
48.04
335.00
114.57
528.93
373.48
360.44
710.26
611.68
686.90
128.90
987.30
1404.68
425.61
125.00
122.00
263.00
202.26
292.29
305.00
785.09
398.09
746.40
801.23
320.39
158.42
1651.01
280.60
301.50
930.02
142.04
937.92
551.73
55.49
1310.50
278.20
312.17
663.80
176.80
111.40
190.82
349.09
625.00
443.03
692.89
251.68
589.66
322.20
325.60
124.60
99.46
255.22
715.00
617.00
1055.10
322.00
615.61
207.90
395.60
1487.17
325.91
270.72
89.77
1402.54
233.48
426.40
939.10
695.10
104.86
106.30
260.92
393.24
311.01
332.56
645.56
285.60
306.53
30.14
72.90
412.94
926.00
2392.26
529.40
233.55
112.55
458.30
487.55
386.90
22.96
252.24
946.30
498.10
577.00
469.14
468.60
492.71
115.40
401.30
932.06
1077.94
255.24
789.24
465.88
769.00
648.90
125.30
279.50
410.44
304.00
466.00
1461.30
956.30
320.32
1193.57
97.38
497.84
1430.24
702.43
93.40
708.68
170.50
577.00
501.52
132.00
116.99
954.90
138.00
435.04
425.50
954.27
180.50
45.62
330.98
510.86
309.00
296.30
934.32
368.34
1601.26
166.20
281.00
380.35
490.12
797.32
905.05
344.91
444.09
192.90
135.20
65.32
592.41
295.75
546.38
211.16
289.00
236.00
130.81
393.75
392.00
433.92
678.30
262.00
17.37
345.70
463.90
399.09
1720.09
142.05
462.40
862.90
254.66
96.45
203.75
407.38
2210.00
388.35
620.92
38.54
1283.10
618.01
502.03
299.10
246.00
178.00
131.79
202.65
263.62
735.70
532.51
522.93
100.18
699.00
373.74
806.07
340.49
76.00
239.00
126.59
305.09
402.19
551.00
274.74
27.40
442.06
287.02
338.00
77.72
277.83
804.11
329.30
273.00
214.92
208.60
240.60
507.30
463.88
542.30
566.36
100.06
286.00
857.59
498.71
1068.93
471.92
140.53
220.43
495.46
245.80
296.77
464.00
891.00
177.86
828.10
915.57
142.77
878.35
260.00
469.60
84.20
346.02
271.50
107.00
6.46
128.00
551.90
514.50
725.68
542.50
1095.80
332.00
619.00
488.53
233.04
370.20
755.00
340.00
689.82
329.70
199.33
590.59
206.60
383.30
231.40
156.39
544.00
970.00
501.00
267.00
540.59
145.87
616.78
161.35
354.80
448.85
437.71
465.10
732.90
45.30
168.06
758.94
924.20
564.90
489.30
512.44
233.00
462.40
258.77
805.97
457.80
546.89
346.79
345.00
342.93
638.79
671.96
505.09
64.50
165.66
474.58
409.10
1405.90
78.30
180.73
224.91
213.81
163.83
269.00
391.60
282.65
1504.34
263.70
482.70
431.53
393.83
386.84
330.38
372.40
520.57
57.00
391.00
279.18
220.28
567.46
839.70
320.90
1262.10
641.56
569.00
700.36
187.34
1072.41
299.60
113.20
35.10
422.00
701.81
974.57
970.70
761.00
108.73
611.60
222.75
216.77
312.00
491.90
404.39
313.10
96.62
211.92
554.40
240.36
46.21
164.70
109.84
532.37
1734.71
256.54
627.84
318.63
685.50
1059.80
296.60
625.60
447.50
253.50
1040.45
132.20
384.16
313.61
389.57
474.57
553.50
147.37
1583.44
1633.36
390.76
189.10
108.20
595.39
641.39
230.09
325.33
239.00
228.30
382.29
458.90
643.93
301.80
258.09
299.16
1679.42
932.50
58.00
752.60
446.50
977.50
398.00
199.00
455.00
342.80
735.93
187.20
677.00
399.00
972.00
59.50
686.69
422.92
281.00
616.00
1399.36
1225.50
1011.76
653.83
266.60
486.33
88.74
839.00
1087.80
760.80
208.06
364.50
605.94
464.37
206.83
189.72
282.57
403.32
975.08
1013.60
828.76
141.26
1200.70
98.70
134.14
65.27
587.00
618.00
991.54
252.69
67.67
326.26
250.37
185.70
259.54
256.80
1141.70
89.05
138.58
989.26
158.90
236.20
766.10
479.14
323.79
1027.29
658.47
91.30
326.89
303.56
316.30
559.04
207.00
256.90
413.80
560.64
10.84
125.30
733.30
185.33
374.85
384.40
340.50
848.10
653.00
811.00
198.95
1078.00
815.90
832.07
99.53
135.54
574.99
175.30
450.30
123.44
277.50
853.96
443.60
221.95
169.95
505.81
288.04
148.02
221.95
431.91
427.46
839.86
539.06
281.16
1279.42
357.68
896.64
572.02
842.55
1005.96
807.60
1432.06
305.03
1601.03
88.63
98.13
523.11
595.90
442.45
716.50
593.50
396.89
364.90
14.07
564.63
482.00
602.65
7.71
554.79
278.60
536.23
629.30
81.40
89.60
727.20
346.80
166.40
523.40
437.73
488.36
735.00
480.00
236.65
220.00
2.30
284.80
15.80
255.16
226.58
524.07
229.72
450.90
767.72
280.50
107.00
144.00
111.00
598.86
436.30
1022.67
117.70
474.50
173.29
902.44
192.35
222.25
837.34
493.50
491.00
51.50
461.00
779.00
339.45
541.10
861.45
368.35
266.25
592.73
203.00
1154.16
552.45
169.30
192.43
406.37
380.33
486.18
51.74
224.12
116.00
404.36
1340.00
500.25
254.00
365.20
630.30
818.17
627.94
290.61
929.07
355.70
321.34
346.82
323.29
241.17
479.23
279.30
335.00
233.44
242.46
97.29
483.38
675.45
431.86
316.81
118.39
75.90
76.94
314.26
490.83
132.40
55.60
767.44
481.89
290.47
411.00
295.00
1487.74
588.49
668.20
222.02
178.30
503.37
362.36
328.44
354.28
835.00
701.32
721.30
302.20
431.00
160.00
311.11
210.28
381.73
385.00
141.32
35.04
372.20
296.00
355.00
377.83
27.19
278.80
344.00
122.71
596.59
618.23
657.50
324.10
351.56
851.74
72.04
262.75
269.10
496.90
164.25
315.98
851.69
105.87
1324.00
424.76
234.70
346.17
705.90
283.34
368.88
464.10
652.59
314.32
694.01
288.88
265.86
407.65
497.90
197.00
298.32
1070.24
325.60
199.19
425.24
118.50
429.13
38.69
208.46
474.35
458.40
1093.47
139.97
340.00
331.83
323.30
466.30
371.72
132.63
363.91
465.60
274.10
1044.78
497.70
233.02
122.56
294.53
1306.15
1266.06
366.30
1334.39
110.55
61.16
784.13
837.32
594.90
945.50
156.33
1366.90
361.44
18.78
105.13
274.00
252.00
173.54
56.65
364.50
3596.90
52.71
705.90
456.90
212.08
23.38
89.43
553.28
299.65
535.98
165.32
353.00
809.00
282.70
1701.88
80.22
191.90
151.60
85.90
196.27
630.30
438.90
261.88
257.54
313.94
601.76
1686.37
150.81
516.35
279.10
493.70
272.46
280.15
169.70
1120.00
330.67
261.68
92.50
329.08
1488.72
210.00
429.66
1145.25
470.12
381.39
620.30
203.82
766.02
402.18
196.90
426.93
162.20
446.11
216.57
881.50
307.66
103.76
764.10
469.20
958.15
582.69
311.00
438.17
625.34
516.74
79.70
191.42
358.50
277.94
616.58
391.90
1281.89
1952.11
55.31
345.78
253.70
333.17
274.97
458.34
883.40
32.04
936.46
687.30
361.73
651.00
487.48
662.00
522.34
316.59
373.90
78.30
183.00
43.20
250.00
273.50
208.10
218.50
750.12
743.75
1007.80
141.64
381.03
218.13
1610.00
2115.21
362.58
446.00
749.30
104.15
711.20
336.49
135.42
386.48
159.48
274.79
586.24
1147.95
409.90
1048.90
382.30
231.84
199.08
572.58
355.35
347.58
953.68
205.45
1590.02
1340.00
886.86
124.90
389.65
27.65
464.55
354.70
413.48
346.62
414.80
235.00
271.49
1067.10
456.41
293.10
441.70
677.50
539.30
329.60
339.01
617.96
278.76
144.03
60.30
539.19
86.22
1212.13
476.20
115.00
372.28
1091.12
311.97
1099.45
524.06
490.07
1182.60
6.19
327.53
592.65
885.05
265.00
191.16
321.10
1093.30
408.00
377.00
203.00
305.78
123.16
449.00
311.70
395.64
11.60
397.27
96.32
347.10
327.20
644.34
878.55
295.29
246.00
284.11
146.30
202.61
172.10
451.41
140.61
208.71
200.71
288.61
1579.19
306.33
1111.00
109.96
116.60
307.16
49.51
1341.87
632.40
234.00
1056.96
1192.73
1440.54
1010.40
336.50
670.70
528.56
487.08
336.08
372.75
1063.22
176.22
966.40
151.19
545.38
260.69
722.36
1057.03
256.49
225.56
206.68
291.78
684.32
689.35
870.00
506.82
1008.73
620.22
274.00
539.30
327.00
550.20
606.40
111.80
704.50
767.31
472.60
750.34
238.80
1323.74
244.20
15.20
228.59
142.88
257.06
107.00
238.13
840.92
342.10
408.70
121.52
496.14
277.98
368.14
827.76
1508.54
195.60
277.70
504.80
256.11
92.29
1072.84
243.73
597.88
1071.00
45.71
426.20
221.90
279.24
77.35
966.10
452.20
379.40
287.00
468.20
243.00
1793.58
623.55
344.33
337.33
246.93
154.26
683.15
712.46
184.46
190.20
417.46
166.15
369.13
71.89
380.34
316.49
1337.23
616.80
595.71
457.50
448.23
215.40
1046.80
439.33
736.80
256.21
1042.41
530.40
218.92
411.33
297.00
328.61
1380.73
287.02
26.28
63.20
165.63
321.86
469.40
599.30
603.10
459.64
687.40
592.12
859.00
928.86
290.85
125.65
524.50
1088.50
322.98
426.72
847.72
673.88
409.56
409.39
316.00
599.67
596.30
548.30
626.70
675.06
331.04
262.30
826.10
446.05
321.21
714.51
804.29
373.10
760.80
470.40
321.57
2868.85
273.92
117.14
344.11
357.51
477.95
243.00
257.00
17.50
1296.26
602.56
214.84
264.09
412.81
526.30
204.60
341.67
1137.67
1212.90
15.75
344.38
285.29
362.55
1610.00
300.00
281.60
388.10
272.60
282.60
418.30
459.10
934.30
295.90
1237.80
379.80
167.84
408.08
465.30
270.55
490.64
235.00
177.20
311.70
115.24
482.64
1050.00
458.00
721.74
220.34
401.00
192.00
286.00
476.00
42.10
636.00
236.13
613.13
421.00
279.34
347.33
403.93
848.10
274.01
475.32
350.90
579.70
89.20
296.10
452.32
369.88
38.60
389.63
561.09
391.30
426.20
410.07
294.50
275.50
254.80
285.46
437.00
315.22
129.83
695.88
601.16
740.20
231.80
326.48
1160.00
997.91
224.94
666.31
1478.20
220.04
624.40
473.70
462.91
748.91
148.10
331.85
411.64
1417.59
295.81
240.45
80.41
285.20
351.10
483.56
133.60
291.37
572.97
324.00
227.46
749.13
788.00
173.45
297.15
491.74
156.00
448.00
293.00
907.70
387.50
191.02
1239.12
231.13
600.74
387.60
213.12
211.92
555.70
148.40
379.16
111.74
133.00
499.00
1126.26
474.97
97.13
250.85
54.50
1615.57
600.22
872.44
417.00
216.23
102.50
539.34
496.03
432.59
460.97
452.97
593.96
245.62
5.22
304.52
100.41
74.76
655.99
2171.13
453.74
792.70
304.21
189.12
301.70
456.34
493.47
374.77
177.40
241.40
709.80
337.15
60.70
296.15
119.00
223.00
495.48
182.87
380.29
676.00
390.64
588.30
284.10
369.60
290.90
310.65
876.46
619.78
821.00
632.46
335.36
838.20
1045.10
509.39
166.87
357.96
250.30
335.91
208.71
1157.21
513.00
980.24
204.40
174.70
246.20
166.56
185.35
982.21
828.18
52.41
667.32
300.97
761.47
18.50
367.49
549.80
376.00
366.46
67.28
286.80
311.76
501.02
682.29
12.93
24.06
241.21
1263.53
672.27
1131.75
377.19
894.10
157.96
108.50
482.06
364.46
279.01
1299.42
204.40
243.94
394.70
65.44
384.58
59.04
351.22
306.59
417.65
422.49
262.74
261.74
301.90
573.28
197.46
227.54
1168.50
896.00
1186.30
198.54
417.72
427.04
420.00
647.00
851.10
945.80
107.35
224.88
395.73
233.60
936.52
223.40
391.79
312.40
306.91
205.64
294.50
226.22
738.50
587.39
651.00
998.00
864.80
557.49
271.62
407.65
816.65
1151.20
821.85
461.83
759.01
395.50
212.04
311.17
684.39
877.70
45.02
894.90
381.40
311.37
346.90
244.10
261.60
1031.03
358.90
433.00
40.31
366.30
498.19
440.98
319.00
206.07
809.52
506.70
227.30
675.36
3.78
269.80
845.91
830.00
426.50
304.80
240.45
249.50
286.00
3200.39
353.87
83.43
735.44
262.90
269.30
437.95
48.05
400.37
124.86
250.30
1102.92
719.25
203.45
275.80
1241.21
169.39
131.70
466.78
100.10
143.99
678.46
292.60
1310.23
204.00
188.90
322.83
28.12
274.00
317.98
337.78
72.17
578.17
186.50
212.75
916.95
312.81
234.00
130.69
694.72
714.44
306.62
362.48
149.98
325.21
203.14
408.00
408.11
162.35
748.30
328.60
117.02
1288.30
106.02
451.87
228.90
361.49
209.20
281.00
367.00
624.44
1325.72
274.87
619.45
60.01
414.90
532.00
446.50
339.00
291.10
300.80
69.80
331.06
488.46
230.01
108.15
402.88
55.48
489.72
559.39
226.89
188.35
307.90
13.92
270.43
366.93
220.30
108.00
223.00
195.00
423.57
554.48
398.96
63.31
232.50
233.36
328.24
794.38
729.60
635.32
315.92
362.25
789.00
560.84
342.31
295.69
429.00
190.00
345.47
458.40
504.79
1773.97
301.84
1813.18
786.12
142.50
116.54
391.11
581.31
408.21
259.14
1220.00
331.40
207.60
23.87
478.37
487.65
1177.70
495.90
1584.37
404.70
724.60
48.50
310.64
393.50
932.00
259.04
280.30
46.11
407.41
609.00
587.78
525.45
464.00
541.37
313.37
1039.23
198.80
226.20
337.94
107.02
764.10
541.10
449.00
371.00
12.60
865.03
670.20
863.90
722.00
920.90
445.00
391.00
472.00
1294.54
21.89
699.07
505.57
276.24
568.97
329.21
545.62
469.86
244.92
260.60
458.80
149.29
271.00
347.85
1270.00
172.97
224.36
449.04
269.80
375.00
891.48
0.17
51.08
796.18
1133.31
305.90
312.00
1047.73
1600.20
730.51
1862.57
292.00
276.31
825.60
893.71
117.00
362.00
124.54
513.00
936.00
583.00
197.59
1020.69
470.26
555.05
187.07
920.40
102.51
998.11
394.70
317.70
574.20
556.60
414.39
766.85
127.50
126.30
431.73
17.50
528.00
416.65
178.65
554.90
604.69
32.82
325.55
877.70
462.40
28.70
104.91
188.31
666.52
595.36
593.00
318.75
321.41
628.44
757.42
226.27
342.81
209.00
153.72
1427.75
305.75
355.48
242.60
172.59
569.26
226.22
248.40
394.40
448.81
1304.50
283.65
292.79
688.80
186.34
346.00
211.72
220.10
223.28
638.19
285.80
1301.68
56.50
56.30
289.70
381.14
415.24
183.33
246.02
638.21
462.32
349.96
214.94
248.50
401.00
606.70
608.77
419.56
752.12
308.55
262.64
310.64
430.92
66.17
605.75
366.11
664.44
802.70
508.00
183.10
512.70
329.59
1212.00
94.90
13.95
749.33
449.10
349.40
227.00
220.10
1215.10
419.00
163.24
805.60
561.92
581.12
277.20
18.30
356.10
749.40
1117.70
613.00
448.35
494.70
779.00
856.90
91.00
138.00
647.67
279.29
652.66
197.59
40.60
165.80
6.67
260.00
346.58
323.20
996.75
104.68
225.98
434.50
717.50
163.30
519.90
448.30
403.00
871.00
282.80
513.01
342.77
789.70
863.97
859.25
710.72
177.00
193.00
240.00
1693.35
143.55
303.40
194.70
529.54
572.61
722.58
381.99
35.53
191.90
366.00
149.10
415.08
194.76
615.76
56.52
168.00
520.15
448.47
362.65
235.20
1023.41
326.41
378.30
139.00
253.00
211.80
6.62
341.81
333.40
88.50
323.35
43.45
419.00
212.71
72.43
658.50
435.00
219.33
251.20
272.15
335.00
467.60
770.70
577.92
167.00
191.00
360.08
246.26
831.01
473.23
349.30
317.30
334.53
472.97
862.62
272.80
68.10
193.59
298.57
560.00
616.04
638.30
772.60
266.57
663.01
980.09
258.00
894.40
227.90
279.55
267.94
169.58
304.00
31.44
263.50
350.50
775.52
1458.23
45.48
444.60
173.00
782.90
449.00
519.90
703.71
1121.87
430.32
231.00
369.15
257.50
460.00
909.73
708.94
645.70
668.81
236.20
393.20
217.37
305.00
470.65
331.00
472.30
322.20
1448.60
235.16
1486.35
368.20
1209.00
874.50
1109.36
1007.69
1007.80
189.36
864.27
357.20
311.00
367.00
306.60
374.00
1640.00
92.50
368.30
281.70
251.95
185.80
149.70
222.41
143.04
289.67
296.90
876.14
235.75
1400.07
554.28
1620.67
450.35
739.78
359.78
539.78
249.15
309.00
254.57
352.30
232.50
891.63
407.74
602.70
690.24
1014.60
1552.94
292.07
159.10
144.15
228.05
442.30
362.11
530.46
136.53
203.21
346.00
631.00
657.37
1112.10
654.43
1136.42
588.00
140.22
371.14
541.80
299.00
246.41
434.04
309.52
248.24
296.50
14.79
714.90
757.50
493.28
351.30
469.11
1025.20
386.20
461.90
62.77
240.73
877.17
666.90
57.68
519.80
82.40
392.56
471.26
197.12
329.76
443.26
280.01
163.90
730.20
398.38
2626.50
725.37
75.48
236.93
919.74
453.88
481.00
74.62
255.00
614.43
161.04
199.68
765.00
694.25
1240.28
245.50
116.63
253.98
363.00
485.17
325.18
216.28
747.64
191.79
178.72
341.82
230.60
114.44
242.10
1201.91
982.09
105.71
836.65
999.58
635.50
513.60
206.60
931.80
90.75
226.22
994.38
759.57
369.32
647.64
367.20
615.40
70.89
1229.87
255.90
1245.80
397.31
139.53
569.00
248.31
432.12
410.34
388.00
330.73
337.92
268.35
200.90
603.40
878.97
496.36
1303.37
488.33
338.24
302.47
374.86
401.71
196.86
421.03
461.70
344.70
518.19
613.87
454.81
680.00
218.70
562.08
545.90
799.39
420.52
223.44
131.26
438.14
1843.00
198.12
739.10
164.78
222.81
611.66
465.10
213.11
314.78
346.91
474.04
191.00
205.40
216.20
578.61
264.91
341.30
21.41
595.20
62.34
286.03
1461.90
509.90
294.87
429.30
238.07
427.00
105.69
405.50
119.08
354.22
233.92
551.00
513.67
249.29
145.00
376.00
130.80
4.68
158.32
583.00
543.76
834.17
176.60
11.34
251.44
320.69
253.21
899.14
666.50
424.70
335.70
219.00
74.20
743.12
331.39
335.07
785.00
1816.42
53.58
346.25
671.05
159.92
236.00
548.34
430.24
231.50
386.68
420.52
686.71
143.68
245.00
311.00
459.40
1160.15
1736.18
580.16
163.42
314.20
322.92
143.40
866.42
899.82
285.19
460.14
255.00
411.00
1713.40
581.60
1007.89
812.94
177.79
502.55
525.10
841.00
323.75
756.45
494.31
357.11
887.14
300.00
1041.94
214.51
169.91
124.90
326.50
241.50
380.98
562.48
229.53
357.20
103.07
746.20
345.70
1090.00
613.00
259.23
215.50
549.70
445.45
384.27
660.74
272.00
181.70
686.04
380.90
163.91
1100.80
317.92
432.60
234.92
382.70
330.81
285.83
636.73
1390.80
236.57
1210.90
901.99
1009.64
354.20
349.71
622.38
219.17
775.31
464.00
392.73
1057.89
247.05
536.90
523.44
314.90
565.20
298.15
622.10
433.90
750.21
1059.20
290.60
567.49
267.07
610.60
350.18
280.00
566.00
320.77
1472.77
263.82
1088.73
425.37
337.42
144.40
255.41
331.90
215.10
1296.87
651.30
284.28
89.39
297.98
470.71
1063.14
89.00
278.80
357.46
361.33
264.69
306.10
1085.67
149.00
1060.65
98.50
1364.19
607.36
72.40
511.00
349.00
413.00
120.90
283.22
461.45
528.50
146.75
611.36
482.94
422.18
133.51
717.23
580.10
439.93
187.51
222.23
1093.09
43.46
81.56
421.36
1513.60
747.45
556.00
183.33
326.00
104.70
657.12
689.60
656.50
293.35
366.32
72.30
517.72
722.00
356.00
830.92
649.43
862.98
2002.40
408.96
756.40
161.50
1096.02
519.75
162.44
375.10
278.74
396.41
1496.00
604.38
205.00
252.82
807.57
35.59
140.59
145.59
445.00
731.96
360.91
328.43
383.90
138.93
61.90
964.35
439.05
412.80
312.00
217.84
212.50
344.23
48.64
462.00
780.03
255.70
963.00
418.02
15.40
435.28
270.50
306.89
195.80
522.80
605.07
260.00
159.00
603.03
2044.81
131.00
539.50
225.10
330.48
51.71
124.24
285.78
561.15
385.77
595.10
1038.70
413.91
289.72
274.70
52.20
270.00
427.00
259.79
394.40
42.47
217.14
596.77
388.80
449.10
400.96
1299.07
604.11
816.19
360.21
251.61
607.98
451.72
1100.00
108.74
1200.00
82.70
285.00
221.70
330.85
278.66
407.08
283.41
181.48
373.38
309.00
363.99
85.66
435.21
239.23
464.50
244.64
903.64
967.42
267.70
239.09
396.20
320.40
253.22
58.90
213.47
246.00
189.40
285.74
436.20
351.20
285.79
534.30
801.89
464.84
1022.78
264.10
115.81
401.88
696.94
1194.79
654.71
284.05
454.30
355.53
328.24
981.24
372.24
426.00
228.92
1044.75
1025.40
223.74
305.24
270.84
134.00
389.52
1124.75
349.24
565.56
723.60
265.37
672.30
589.01
1096.58
221.55
33.82
274.03
270.75
340.60
77.90
126.11
765.74
270.53
9.70
464.62
258.00
515.93
1265.30
1247.81
685.11
575.11
521.84
517.89
436.27
291.18
85.15
521.56
9.94
598.66
426.26
80.00
314.00
241.87
345.75
385.80
654.01
423.37
695.52
90.75
269.11
165.60
97.74
994.00
101.04
156.53
270.56
694.30
708.96
651.31
14.00
286.42
552.53
248.44
230.30
442.30
586.80
85.43
267.36
318.00
69.38
234.00
394.00
630.50
432.00
1389.30
684.13
46.80
683.83
226.13
100.20
290.70
534.58
284.36
228.34
869.80
207.37
265.24
381.32
651.29
320.52
503.17
512.00
894.89
375.89
896.08
76.39
115.63
578.60
564.00
526.87
1070.40
326.16
113.17
496.20
188.54
119.70
937.74
336.54
541.78
203.24
312.23
288.88
415.10
51.00
171.15
269.70
274.61
632.20
239.47
580.01
249.69
454.25
446.35
84.59
369.78
514.50
434.00
900.42
183.20
933.88
201.39
342.10
1381.80
1032.67
293.00
18.03
1033.90
644.92
855.00
1050.99
254.99
488.83
26.42
599.00
4.20
512.00
359.00
387.00
553.08
6.80
91.40
522.00
314.00
1040.38
234.13
116.00
114.60
289.39
327.60
443.93
70.90
336.90
331.00
801.28
389.30
468.99
844.55
1194.79
438.08
181.00
430.80
1244.50
22.23
264.10
301.64
254.50
239.87
149.44
442.10
298.30
169.77
498.90
1433.56
579.76
382.44
459.00
1066.62
730.80
570.85
249.90
114.01
61.29
545.10
496.00
433.00
755.22
456.60
457.60
234.43
750.00
382.99
919.50
29.23
777.93
464.91
436.00
188.86
266.39
554.00
280.00
151.30
452.01
551.18
886.88
717.43
664.50
110.60
205.67
277.10
663.54
234.40
401.02
963.00
244.13
433.34
196.70
512.93
522.00
166.29
206.11
445.84
998.16
628.16
335.76
379.66
146.13
187.15
279.21
49.46
1191.07
147.00
721.00
104.38
157.68
260.11
599.90
287.29
76.79
287.85
539.50
285.68
442.23
1222.76
699.08
992.09
586.14
161.14
621.09
89.49
886.30
41.50
377.00
845.39
200.67
365.70
357.68
138.47
252.02
275.00
736.30
247.85
640.70
727.43
98.75
285.00
116.00
143.00
1029.85
332.74
41.00
766.41
458.33
271.45
638.06
1260.00
420.54
73.94
758.88
620.46
900.93
485.93
144.50
313.19
453.84
210.82
294.63
634.00
361.61
206.81
520.75
651.70
470.00
644.00
477.00
738.55
85.86
214.00
471.10
638.96
279.26
465.80
267.30
233.20
381.20
528.34
525.34
410.80
1031.22
395.00
301.60
740.08
342.00
487.80
375.27
590.37
415.57
789.36
252.50
341.30
475.38
653.19
309.00
1408.70
209.54
733.54
1369.60
1164.74
82.74
602.90
1022.62
1089.50
1080.00
344.43
306.79
313.45
360.15
1140.00
208.00
730.10
644.08
186.38
64.30
264.94
203.20
668.78
217.54
253.54
276.54
1021.47
142.14
271.00
25.60
959.00
99.60
414.00
801.60
46.34
171.36
208.72
460.04
183.40
713.00
205.60
24.46
1488.80
595.80
265.30
1180.30
290.85
740.50
515.35
506.00
227.37
1176.54
1512.64
234.58
318.00
588.78
266.20
323.50
319.90
223.10
250.00
888.25
222.80
79.26
129.47
555.47
808.66
43.10
351.59
561.66
505.08
604.45
517.00
1355.80
48.92
748.61
160.30
133.94
224.36
795.32
664.50
263.00
292.98
357.05
523.66
668.97
51.55
940.79
610.90
957.71
234.04
1326.20
805.56
781.98
105.70
348.50
181.00
2273.06
221.92
1064.91
119.04
399.16
263.62
1560.00
97.20
387.90
316.21
305.01
360.20
376.20
1457.99
685.17
72.07
244.60
356.05
868.58
338.39
235.77
195.70
247.10
1174.80
1093.00
674.93
1171.10
985.14
975.20
836.88
260.17
514.01
648.30
534.99
124.13
408.70
884.16
890.20
487.20
471.23
1596.75
164.80
1060.90
236.17
59.32
355.60
218.70
557.71
121.00
1062.40
635.33
207.31
1663.79
300.60
775.74
518.00
530.61
24.30
1016.80
274.47
882.14
483.00
495.53
315.00
228.81
193.75
190.75
417.35
967.60
237.79
950.20
1821.68
387.59
82.53
1099.03
466.80
311.56
288.22
670.30
164.10
315.00
181.87
112.30
371.12
585.12
347.12
388.40
447.66
601.00
519.87
271.46
64.60
516.00
240.17
593.25
504.05
163.56
181.37
320.00
289.42
1747.20
982.77
216.32
1402.06
1625.04
538.20
659.00
216.00
4908.00
1396.10
838.00
240.90
389.90
713.55
155.90
456.33
1207.33
341.90
120.00
404.80
774.40
555.18
520.10
843.55
572.44
332.77
285.85
708.82
928.08
662.63
768.80
213.70
608.17
225.00
314.10
295.70
331.90
752.81
423.70
312.84
110.12
561.90
441.90
508.52
355.90
225.00
165.00
77.04
1003.88
454.43
875.50
1659.30
383.90
470.85
341.00
70.67
703.37
443.60
533.63
465.30
221.54
249.23
717.62
285.93
134.20
960.28
256.88
342.35
329.48
454.59
487.00
1095.89
450.09
373.64
419.31
466.00
775.00
250.70
538.65
845.00
584.68
255.85
262.85
19.40
501.30
29.82
597.14
576.07
518.49
157.53
486.30
489.00
935.19
133.10
34.40
215.00
138.91
254.67
787.55
493.36
378.00
88.53
1753.60
677.37
439.30
345.74
346.00
431.84
153.70
602.20
256.00
357.80
340.12
575.60
318.00
1461.63
1287.34
205.64
26.90
383.76
258.91
261.72
644.90
388.00
183.00
146.31
96.07
629.50
206.40
117.46
348.02
23.20
97.00
748.11
492.10
242.99
375.37
482.30
332.17
1458.74
313.79
71.62
562.21
296.29
254.00
405.00
950.00
228.77
537.60
239.10
729.87
391.87
1209.22
834.60
699.20
776.90
232.50
720.50
231.90
1374.00
232.33
134.30
191.30
388.32
116.56
221.60
1268.82
337.30
94.77
394.94
251.44
278.70
706.98
42.50
796.30
407.58
9.92
397.44
114.01
106.30
552.50
934.97
357.10
1093.50
419.50
407.76
145.20
463.80
338.73
285.35
1267.77
294.77
316.30
212.46
246.25
393.30
225.40
889.40
216.04
611.10
537.60
757.48
325.00
478.32
490.05
75.84
268.30
379.70
1340.00
353.61
200.00
220.00
998.54
102.36
339.57
886.41
1174.04
86.11
292.62
193.83
42.84
813.66
773.80
334.40
588.73
245.40
321.10
248.00
235.00
269.00
80.30
301.78
474.20
275.82
282.44
1240.65
123.00
287.00
796.31
120.40
874.32
895.52
936.36
160.33
1120.00
1640.00
242.00
229.56
892.26
1186.97
730.60
184.75
393.33
1505.38
562.90
348.60
156.25
482.11
16.22
487.00
122.69
953.61
109.49
686.07
219.40
84.41
51.11
436.43
125.50
386.00
260.01
280.60
837.52
417.22
751.40
240.78
275.90
71.77
437.00
343.50
269.43
301.00
143.60
703.20
41.07
560.70
455.70
234.99
153.48
664.83
168.00
539.60
214.00
1057.00
564.76
742.00
810.38
433.49
318.73
475.00
19.70
532.29
485.98
401.00
547.42
365.96
199.51
500.29
869.18
582.20
118.02
1866.30
760.88
103.60
463.51
771.00
1063.80
494.59
8.42
1219.50
225.15
122.30
283.00
538.50
1656.80
351.34
390.00
622.50
751.50
445.15
107.34
304.70
747.82
285.00
146.64
143.32
991.30
1010.40
143.30
191.24
1120.55
229.38
1293.10
215.56
316.50
257.50
553.00
1708.08
204.48
1240.00
13.60
397.61
1733.50
125.08
287.96
531.40
80.90
732.48
692.00
273.86
302.62
120.83
411.04
631.70
614.03
1063.70
207.30
281.20
1555.20
416.50
410.19
409.33
143.28
357.12
620.60
226.00
229.72
184.38
1093.85
1713.85
191.50
200.41
454.00
222.50
331.69
542.64
747.48
473.30
120.64
313.40
537.88
459.00
122.00
1120.00
302.20
319.20
913.17
647.17
392.65
707.73
399.40
310.80
422.80
340.00
275.00
272.96
362.20
170.28
198.80
130.70
1209.27
362.35
677.00
305.00
495.50
242.20
1304.20
639.53
223.82
1988.10
235.29
234.85
304.90
2719.60
286.00
376.14
240.19
404.60
407.17
280.44
276.98
345.30
464.54
344.78
1134.78
1615.60
1137.57
247.39
421.20
59.50
251.60
268.60
944.09
1428.55
282.84
145.20
143.52
846.93
307.19
220.40
774.00
529.22
71.32
475.45
199.12
199.33
63.90
277.30
719.30
677.54
184.58
297.75
314.07
901.54
131.31
285.48
88.10
1150.97
375.00
311.40
216.39
276.41
470.00
285.50
391.78
420.40
393.50
341.10
410.54
510.80
39.77
361.20
479.24
1133.80
820.70
256.72
179.30
8.55
159.68
305.85
53.22
257.14
321.20
953.57
565.49
1499.22
245.04
1261.20
192.27
876.37
165.10
490.60
1289.50
414.63
549.00
203.20
149.59
348.94
608.30
163.00
105.50
1240.06
630.30
81.65
187.00
774.00
335.12
821.26
952.47
317.49
51.15
477.87
754.37
266.61
349.68
331.20
401.20
450.15
146.48
783.96
438.22
643.64
136.29
249.74
324.74
21.74
341.81
973.00
465.00
439.28
574.48
2094.00
270.99
243.66
219.70
293.87
865.70
736.78
745.30
396.00
905.70
316.73
1008.53
1206.42
595.19
532.20
578.00
341.01
1349.36
232.95
374.77
468.98
139.31
16.86
1074.92
687.37
297.00
106.34
609.92
131.10
962.72
455.72
449.83
329.30
732.51
145.35
1278.93
240.84
1034.38
643.06
446.64
768.38
973.63
110.50
22.84
239.18
64.85
110.00
845.86
305.47
178.50
445.67
438.80
531.00
247.92
795.29
80.51
34.41
83.66
102.00
390.72
347.10
479.58
557.40
670.00
719.40
579.00
238.88
351.20
559.30
13292.81
218.00
1509.10
431.44
320.22
133.00
492.22
1265.22
675.12
841.75
613.67
731.97
748.08
338.00
211.16
296.02
16.30
109.67
84.67
245.22
311.73
188.90
309.39
435.45
237.26
116.00
393.90
296.84
284.70
771.06
395.00
488.50
292.24
609.41
290.00
111.00
116.90
1101.33
513.35
264.60
625.00
131.94
1013.80
73.31
436.21
526.00
37.25
493.00
362.00
295.10
405.53
628.20
964.20
160.77
949.53
413.30
468.09
522.02
176.85
641.86
352.90
62.26
1123.67
507.85
1400.16
15.70
9.73
529.23
60.50
347.11
341.42
256.80
691.00
511.56
139.89
509.97
480.45
59.75
1732.91
900.04
222.18
308.72
290.28
943.42
301.53
370.79
262.00
439.49
200.69
1107.84
167.29
591.96
545.10
190.68
392.81
191.75
1079.03
332.00
640.53
379.32
1731.37
366.46
747.16
829.91
177.39
185.70
136.10
501.31
1493.30
563.30
60.70
781.33
1816.96
70.50
179.80
262.55
228.70
1057.70
548.26
761.00
1475.07
326.92
321.32
1240.02
147.30
391.00
126.47
215.22
472.70
405.20
391.10
279.80
253.36
147.86
218.75
248.37
818.30
460.85
936.32
166.77
318.23
104.07
429.16
645.84
348.91
298.36
313.74
324.04
829.00
1065.40
805.08
79.20
487.32
68.19
409.77
307.50
1238.24
518.80
98.40
463.00
293.00
1182.98
1658.03
606.80
20.03
233.69
907.00
72.23
320.34
272.20
357.60
392.90
266.00
289.44
541.04
710.50
1166.90
892.31
482.21
297.64
632.53
1144.10
310.73
628.00
489.07
196.68
15.00
305.55
600.21
1210.15
433.12
407.90
237.82
1220.00
172.80
611.43
447.26
537.90
276.78
1216.40
29.60
498.00
1054.60
514.65
534.00
723.00
329.65
480.10
837.30
375.71
1199.25
230.50
298.17
645.39
140.91
242.29
1014.40
459.40
535.16
211.89
594.31
287.70
356.19
1413.71
115.07
199.63
277.60
609.00
376.00
312.00
118.68
146.00
343.28
1554.40
433.70
173.59
294.74
1731.27
512.10
327.32
532.85
214.69
371.10
764.75
120.00
452.00
104.00
46.39
804.11
870.50
308.00
467.04
270.86
487.26
412.95
314.80
461.58
1379.85
347.50
1385.50
1423.81
138.02
350.91
295.03
956.95
613.00
305.88
428.80
25.41
295.70
759.88
465.00
902.99
146.75
253.79
224.00
101.78
251.97
260.24
326.67
81.70
518.40
171.55
910.63
42.22
618.00
212.91
409.50
291.60
271.05
181.14
344.37
1758.60
794.74
190.13
259.70
218.31
382.10
206.80
823.35
161.25
270.98
813.62
160.39
320.71
232.39
61.70
326.10
398.73
864.50
438.50
342.87
501.56
191.23
466.47
97.35
309.38
40.53
104.06
151.10
564.59
225.22
963.03
476.64
1259.69
826.98
272.33
362.40
501.13
57.00
1178.03
410.00
527.55
1037.00
137.56
94.72
704.71
1030.00
1925.50
349.39
1194.71
552.16
1014.59
266.21
438.86
1041.89
440.90
224.27
510.12
482.34
590.00
134.63
261.00
392.50
336.68
342.10
252.34
1116.43
471.50
1020.16
646.75
349.00
1233.16
828.00
437.79
420.78
36.99
318.08
516.72
549.72
951.72
347.32
599.50
724.00
522.50
525.70
102.10
898.20
321.70
320.19
200.80
637.56
267.10
750.42
312.10
361.30
395.60
575.20
340.34
275.14
93.54
349.00
1135.23
623.06
217.00
366.00
498.00
1200.00
595.52
815.60
324.50
431.47
626.00
672.34
80.30
639.10
410.74
205.38
242.84
98.38
510.58
617.43
303.72
1309.60
512.00
327.50
2155.76
79.80
575.24
363.10
650.90
309.00
342.40
660.40
236.60
129.54
171.50
287.06
515.70
1322.70
765.50
533.71
572.29
296.03
313.57
221.78
606.73
244.80
129.90
618.00
296.70
249.40
333.40
507.26
416.30
560.40
443.20
357.64
276.87
216.50
139.40
96.92
278.14
331.30
578.01
1020.00
797.00
132.28
178.12
178.53
354.54
244.88
603.52
129.00
462.29
417.77
231.11
444.20
158.00
481.98
296.08
305.10
1266.60
214.00
983.00
388.84
540.83
266.16
202.16
339.90
328.90
276.00
232.59
368.50
1710.50
261.00
1756.40
483.34
56.63
252.45
1101.37
501.42
485.00
49.10
614.91
92.90
353.69
473.60
244.04
510.00
233.60
1110.00
443.90
770.70
1498.75
1520.78
60.93
634.46
658.62
1763.90
126.85
478.11
174.24
244.20
308.53
905.53
458.00
626.69
933.50
633.78
351.90
192.00
320.30
705.79
185.47
256.30
109.10
656.94
232.00
2149.20
500.25
569.20
745.97
343.87
432.87
222.60
280.51
614.80
588.61
269.32
583.00
289.00
46.50
639.49
414.55
156.56
183.50
445.17
1386.36
266.21
278.40
508.23
561.70
304.79
217.20
18.13
624.18
160.67
63.94
340.63
330.30
357.07
288.05
314.60
788.90
197.95
600.76
159.81
677.95
376.00
365.90
359.47
457.40
774.24
357.24
568.00
141.33
194.31
298.60
1305.80
818.60
478.61
361.43
373.17
272.30
232.96
202.86
144.68
214.50
547.88
250.90
254.80
492.80
264.00
194.26
251.50
135.52
96.05
628.13
174.92
332.50
510.94
1179.99
202.23
991.45
812.16
164.83
1007.63
802.59
746.03
449.38
523.17
984.69
210.77
217.53
473.11
422.91
244.36
248.00
787.00
294.41
447.70
323.70
529.00
168.22
217.51
669.00
527.29
230.30
274.00
553.51
236.51
66.90
634.95
21.20
41.20
138.00
212.97
96.60
149.90
771.68
535.16
395.92
403.12
279.15
1003.60
320.00
246.20
272.93
1672.93
570.12
296.30
822.36
526.78
595.10
771.00
397.00
424.00
286.34
316.34
325.59
628.18
202.10
69.70
495.00
648.62
699.94
479.81
495.50
832.38
195.70
25.27
183.02
302.31
259.50
224.40
347.45
471.82
285.10
685.97
466.50
485.88
556.00
17.40
170.35
248.10
684.70
537.10
255.38
859.19
274.00
227.10
88.59
349.22
1233.96
185.99
653.75
487.20
339.72
291.59
253.05
286.88
250.06
373.20
275.00
1254.10
433.81
151.04
145.33
288.40
489.80
386.84
387.57
644.57
144.23
371.00
788.00
269.00
144.00
475.00
509.80
135.38
253.27
391.21
1569.53
127.37
80.50
565.62
445.38
725.00
304.00
488.70
417.81
678.68
97.38
656.00
49.30
211.00
170.30
256.90
1572.90
185.00
66.20
182.10
298.10
447.00
509.00
420.11
204.13
198.21
243.88
261.10
349.20
557.39
362.69
511.40
325.70
499.90
40.46
553.80
91.83
95.40
300.32
185.00
857.53
600.02
312.55
468.01
213.85
373.85
320.44
378.76
100.52
176.41
226.20
585.00
508.10
301.26
415.00
177.45
678.66
438.00
1400.24
338.05
297.30
372.34
711.44
597.56
504.37
107.66
29.20
301.29
49.04
780.30
347.77
254.00
825.60
309.22
39.07
326.00
1655.10
414.89
1113.06
525.49
672.15
210.45
785.40
861.40
182.74
378.46
390.03
1153.87
430.20
199.38
337.03
1239.35
314.01
608.30
535.00
495.21
334.52
132.25
54.29
417.81
1652.45
539.00
376.00
253.83
483.82
29.18
453.10
268.60
345.63
63.20
713.00
936.93
823.42
211.00
1182.90
135.54
1967.46
721.00
295.66
229.90
381.00
100.30
645.00
996.66
153.00
652.00
33.28
199.86
410.00
510.58
1016.00
170.00
671.39
2161.61
779.36
1198.50
474.10
320.10
411.94
1017.13
194.80
796.65
898.66
1202.43
194.23
964.39
322.63
249.43
354.58
222.10
210.93
321.80
530.80
252.47
340.00
354.70
237.77
273.00
289.62
276.98
145.04
994.90
325.10
333.56
508.30
426.00
108.90
380.46
364.47
458.27
777.20
492.60
869.99
423.66
890.18
838.81
445.61
860.70
543.54
738.09
18.50
407.65
741.60
50.80
381.10
437.39
380.00
115.19
414.28
242.10
648.38
748.50
89.32
1033.07
272.19
229.63
693.00
98.16
487.23
1313.95
332.88
613.00
623.00
175.52
112.69
52.28
27.30
344.80
370.20
137.80
344.50
150.41
479.02
538.14
803.63
186.16
643.21
590.33
271.67
590.80
369.57
146.00
79.20
365.00
173.62
171.45
1042.10
135.00
569.60
446.23
248.49
968.07
1233.27
416.16
818.20
502.20
44.30
323.45
1213.19
256.00
738.01
248.84
515.44
257.90
292.36
364.52
543.44
1289.90
495.27
378.37
1091.90
312.40
952.77
469.60
476.40
191.45
204.90
511.80
2079.58
975.00
215.60
464.96
118.69
343.74
526.90
277.40
643.85
813.70
169.00
356.51
728.68
668.65
464.21
493.04
189.44
74.28
235.10
138.60
324.11
1152.87
46.74
226.37
289.20
330.71
266.49
223.84
778.80
788.51
480.30
325.82
751.37
88.55
280.00
477.96
526.87
265.48
265.17
872.20
755.23
197.73
187.73
165.11
272.30
417.60
562.60
242.44
1004.10
203.00
479.46
1049.32
404.80
145.50
300.50
1190.50
289.00
238.17
106.04
1060.00
245.15
482.61
626.63
932.00
558.90
330.92
330.04
472.60
684.30
416.94
405.30
311.00
276.72
1264.90
271.96
522.72
98.98
176.83
346.22
531.69
295.42
736.30
331.83
314.50
444.50
818.90
898.90
677.60
399.60
175.63
805.85
597.49
662.91
124.66
578.56
291.56
930.31
336.10
108.35
196.00
369.46
54.90
1347.00
433.00
367.90
1270.00
1134.54
84.33
355.91
288.25
1550.00
41.45
441.75
188.70
188.68
654.00
250.22
470.01
583.61
729.49
304.56
1052.81
223.00
57.18
230.06
138.20
542.00
120.36
318.04
636.00
343.60
831.80
679.50
629.83
807.20
332.82
397.81
214.00
269.78
120.00
225.80
313.00
208.40
1044.00
13.48
745.00
749.40
1175.50
638.50
222.00
814.37
308.43
244.68
109.83
726.78
433.94
475.79
354.92
483.54
251.51
455.49
308.10
704.00
328.51
733.20
198.00
111.00
446.00
219.30
484.99
269.60
264.16
240.00
231.40
105.87
1735.40
174.48
491.76
370.42
95.80
359.43
792.69
271.23
433.10
488.00
350.22
219.94
482.11
167.40
695.05
1343.60
421.80
621.11
210.10
413.76
1578.84
142.24
394.80
236.90
857.90
301.16
189.02
256.60
256.60
262.32
961.60
107.28
419.60
154.00
466.90
394.19
643.19
510.19
1098.00
25.50
315.00
791.69
329.27
285.93
735.51
237.60
281.89
1154.68
426.06
167.15
942.07
171.01
608.71
345.37
172.76
141.20
109.45
597.00
67.48
225.10
787.14
864.64
1063.11
1500.74
673.90
558.90
278.23
1352.13
437.13
768.00
229.69
704.99
108.22
239.00
594.00
340.72
240.00
526.23
576.97
802.30
637.27
565.90
87.28
132.09
455.85
317.54
59.60
651.00
207.00
343.00
259.66
280.30
722.23
844.04
136.42
297.07
698.43
622.81
976.78
1241.99
275.77
285.40
584.70
274.33
580.60
212.50
222.20
732.20
381.00
247.00
60.40
807.78
284.00
70.04
15.15
334.00
302.00
1069.71
461.00
654.40
932.62
7.91
385.48
387.00
91.20
47.86
812.60
258.49
307.17
31.77
380.71
1038.20
517.40
484.65
434.40
1435.40
343.02
93.63
792.66
554.03
342.31
853.50
581.30
213.00
187.46
1453.46
332.00
323.00
487.46
95.61
315.10
387.00
646.81
92.80
591.93
1343.18
281.08
1172.81
89.53
412.40
286.58
193.18
930.67
152.83
231.00
655.43
310.10
134.90
88.02
330.80
95.38
586.00
247.14
274.88
1480.00
2042.85
2102.43
272.53
96.37
256.92
74.89
492.95
872.56
114.36
1168.00
145.49
321.30
389.81
118.47
214.20
391.53
363.62
162.74
183.00
556.84
476.05
303.56
175.56
319.28
234.80
374.03
344.63
481.50
351.22
83.21
190.61
1039.81
433.72
476.21
343.40
591.00
899.50
729.82
373.00
327.10
98.20
88.00
992.73
688.23
331.79
654.01
310.90
664.45
606.56
610.60
453.46
1742.25
264.30
383.31
421.94
713.20
314.56
823.51
591.36
180.00
620.88
477.40
315.37
865.90
284.87
2025.60
245.60
70.42
1209.34
393.38
758.92
455.84
209.60
280.32
770.59
292.98
276.90
1452.48
678.08
231.90
386.68
258.94
103.90
408.32
179.40
449.09
87.20
175.95
404.20
993.60
306.00
190.39
65.70
510.51
332.27
644.82
1420.04
258.20
569.60
693.35
166.00
31.19
2297.60
286.90
270.22
308.00
742.00
348.70
151.72
555.19
505.16
256.07
92.60
82.15
470.85
287.05
89.95
502.24
731.55
737.47
721.40
252.28
384.00
493.00
543.16
526.94
49.26
195.80
423.00
418.20
260.94
285.96
303.90
36.50
421.30
412.00
103.00
649.91
596.91
304.30
174.16
142.00
1075.00
254.00
232.22
373.36
302.10
622.16
710.81
680.15
941.15
215.90
1050.00
96.79
559.65
132.40
811.50
406.59
385.20
437.32
316.15
269.00
177.00
216.00
318.62
972.90
416.79
495.00
495.00
533.57
322.40
404.85
410.30
41.59
119.12
586.49
107.60
75.09
893.03
251.37
35.06
631.25
540.00
414.00
94.15
301.81
735.78
407.40
526.16
372.70
432.50
387.24
705.80
399.48
922.90
526.78
562.09
78.16
337.60
27.51
420.91
311.00
361.70
426.43
581.06
300.26
829.06
1811.42
426.88
168.00
420.10
179.20
271.04
291.92
1028.80
348.38
41.73
308.86
223.00
876.00
436.00
2161.29
557.71
279.00
229.98
203.00
295.00
419.84
659.15
299.23
468.98
488.45
365.84
124.68
544.00
339.95
571.50
271.72
321.70
294.70
440.00
1197.49
119.14
134.68
52.97
448.85
145.12
61.41
534.28
464.12
55.05
639.50
167.71
297.50
274.50
274.77
215.60
638.06
379.10
631.00
259.70
562.30
49.00
257.30
436.41
311.10
979.67
729.40
347.13
513.08
1180.00
324.94
399.83
268.22
162.08
659.00
492.32
815.10
544.14
211.49
459.87
639.00
202.27
488.34
591.80
601.80
131.43
282.43
597.80
177.06
1071.89
116.00
487.16
361.64
411.37
344.70
305.35
216.40
196.63
1180.80
413.21
1547.80
1171.53
548.00
335.61
257.61
504.10
282.99
1652.73
157.37
326.04
530.04
127.86
125.06
117.85
585.34
688.00
99.90
308.33
527.30
180.00
412.65
665.60
861.00
45.10
343.00
461.00
630.00
25.06
325.51
392.75
183.50
166.12
558.88
154.00
930.00
575.93
448.00
104.00
8137.10
1060.80
299.70
613.09
312.40
368.00
741.34
218.90
314.57
1197.90
977.31
215.70
566.10
1436.80
372.80
128.57
447.29
546.00
180.36
391.00
62.71
387.00
709.00
271.25
223.75
183.20
365.26
468.67
632.00
281.00
70.40
856.23
560.02
686.42
531.00
1831.40
327.91
214.70
1280.96
634.36
567.37
32.40
221.22
215.10
329.80
611.10
548.46
284.45
414.08
257.28
219.52
1008.97
110.86
139.99
654.41
450.40
909.56
710.33
2039.78
133.77
774.67
355.10
253.98
237.61
416.29
652.29
1617.29
111.25
294.03
257.03
299.00
665.30
233.00
140.00
403.60
1378.89
560.24
332.76
12.80
1090.46
342.60
243.66
781.40
426.40
879.32
319.61
211.56
504.88
279.95
100.23
599.12
212.70
451.74
766.97
1511.04
288.86
286.50
85.53
245.99
388.91
753.78
577.83
311.84
330.00
1090.00
267.40
275.00
316.45
355.90
410.83
466.70
49.72
375.21
350.41
745.85
415.85
291.48
1352.65
233.70
224.09
511.17
609.84
63.53
106.45
33.92
646.76
397.00
545.00
290.67
181.46
138.01
3.05
56.60
428.00
407.85
404.00
69.30
491.88
162.00
865.56
274.04
879.00
195.50
293.62
76.81
399.53
321.50
315.10
190.74
378.80
460.02
120.87
430.00
2038.74
694.65
641.00
130.00
213.80
1011.67
263.60
352.00
110.40
158.00
226.64
448.34
953.74
430.66
617.70
418.27
336.16
1009.74
63.67
402.17
457.87
961.00
80.50
636.50
651.62
714.90
405.00
392.00
199.82
36.30
95.37
101.30
399.30
714.37
380.20
676.02
60.60
300.97
18.45
281.05
246.04
39.70
506.80
241.80
189.42
928.78
432.98
165.00
280.05
226.58
945.41
581.55
617.82
499.35
215.22
1186.00
309.65
391.40
241.10
495.91
586.70
725.29
229.85
166.90
268.78
629.02
62.19
446.54
253.80
3141.85
290.80
417.60
192.87
1113.20
907.04
123.47
1603.07
374.70
688.00
512.79
328.64
23.54
290.39
1230.60
812.46
438.24
724.59
843.41
264.00
397.28
444.70
228.15
39.87
1008.05
962.53
72.76
582.67
316.50
538.89
114.73
862.00
1299.95
298.32
328.05
834.09
864.18
250.74
29.50
759.00
749.86
81.60
177.14
629.81
1106.60
409.08
153.29
181.29
283.99
194.27
197.78
134.01
485.00
374.00
1021.26
107.11
253.05
723.44
140.05
270.40
102.00
240.10
507.55
34.70
356.70
358.60
475.92
255.10
1455.40
280.80
189.10
56.88
698.76
517.40
252.32
866.86
343.34
209.92
450.85
692.29
134.30
1080.00
2060.52
596.00
150.26
205.26
96.08
230.83
688.30
248.00
93.60
375.60
190.65
1074.50
578.67
468.66
391.50
326.79
56.82
466.12
582.88
79.41
89.90
831.13
52.12
635.00
197.00
73.60
268.20
407.10
105.21
651.39
972.29
455.14
180.99
1013.68
147.00
108.00
514.20
300.56
465.00
407.68
528.75
367.20
90.97
406.51
468.51
325.00
254.00
467.30
449.38
191.87
620.67
711.00
438.79
58.04
858.30
464.40
163.31
137.09
263.33
533.43
417.44
180.48
479.44
312.77
166.19
19.19
526.60
812.99
488.99
17.73
759.00
661.87
1204.62
332.10
593.00
535.75
242.44
114.10
960.60
924.93
646.58
947.30
633.73
253.78
183.18
38.69
506.94
624.19
281.19
241.00
451.64
53.80
673.21
266.22
1496.60
687.10
288.26
2036.34
581.80
76.35
757.98
80.58
193.73
312.04
271.04
235.17
1026.52
680.36
133.00
985.05
860.90
529.12
129.47
422.30
630.90
158.87
315.00
303.27
156.00
247.30
132.40
363.00
636.40
688.40
380.64
600.81
117.55
747.09
224.97
364.09
307.00
291.27
145.80
139.00
80.62
1106.94
424.58
182.18
1798.84
301.28
512.00
1120.00
759.90
136.40
265.11
320.80
578.18
116.00
1462.40
497.10
789.61
988.24
234.35
227.70
429.20
739.77
17.52
919.24
230.16
215.61
492.00
307.00
26.48
70.65
585.07
330.86
940.46
301.95
886.24
359.24
327.37
527.30
590.70
71.30
722.13
1572.72
153.00
669.69
417.78
398.36
228.75
699.35
225.98
333.41
171.00
217.93
335.10
738.50
442.60
814.85
434.00
966.10
895.83
1886.30
432.97
210.00
103.12
697.40
349.30
325.80
847.70
500.17
990.47
39.75
285.47
760.00
216.93
366.03
53.86
77.68
517.66
1297.72
1036.14
234.00
253.00
372.00
45.00
845.19
313.24
130.13
133.00
358.00
691.46
362.20
660.47
995.53
308.58
1215.21
131.90
475.62
265.69
1416.06
414.00
599.13
239.40
496.00
224.53
1067.27
1481.70
330.70
307.41
507.80
524.94
332.38
30.90
257.00
432.48
748.36
241.61
177.30
638.94
361.13
852.59
209.80
138.43
440.86
159.14
323.54
1003.24
96.27
492.60
514.60
389.27
420.04
51.13
146.05
568.92
1017.00
72.07
871.34
337.32
453.32
356.32
169.34
365.92
353.02
234.00
228.70
146.48
116.43
355.43
1324.30
112.67
93.58
5.01
0.89
247.08
258.20
483.37
552.90
111.06
703.43
641.27
464.67
158.59
266.74
278.35
346.20
698.00
109.07
196.45
461.83
512.20
707.00
378.83
359.83
790.30
568.47
665.60
363.60
314.47
71.30
189.44
1099.72
898.10
963.20
176.77
136.98
581.82
318.40
328.87
774.99
365.40
278.20
90.80
335.38
305.89
446.34
32.53
871.02
218.70
131.00
9.86
495.84
118.11
304.20
638.00
185.63
847.30
369.31
320.71
756.91
389.58
324.12
755.11
534.47
330.17
276.61
182.11
303.80
183.55
1069.61
1250.00
412.50
679.10
423.17
219.92
401.60
517.41
257.30
643.20
200.40
428.59
568.10
173.69
69.32
797.55
470.00
1136.36
166.40
143.00
1463.64
478.50
570.92
363.62
114.01
403.30
1170.72
241.69
261.30
1360.00
874.87
252.24
41.63
207.23
293.23
772.85
252.98
228.02
203.70
130.69
225.10
1000.00
380.88
325.50
382.66
499.92
584.30
129.00
285.20
276.80
414.03
288.80
1102.19
319.00
392.33
338.48
125.00
239.70
469.87
379.25
370.12
209.40
2119.70
413.17
471.61
365.77
43.10
1798.30
96.47
1059.09
413.49
720.50
1627.60
466.05
716.85
120.90
271.44
211.90
462.40
528.31
264.81
1065.15
245.26
338.20
185.55
157.00
302.20
228.10
89.82
455.80
961.70
402.03
190.60
48.50
1032.22
372.02
360.50
279.74
288.20
342.50
364.50
535.00
195.93
296.54
147.33
692.10
109.50
75.82
1085.60
169.30
194.92
106.16
770.94
437.10
361.09
355.17
396.27
1073.66
829.90
855.36
528.45
668.90
260.66
626.44
315.10
1406.10
1216.68
255.80
599.85
561.41
183.58
422.16
13.57
400.90
178.71
363.55
789.00
276.50
266.12
907.30
741.00
83.20
885.64
898.12
472.90
13.34
131.91
408.60
286.29
686.68
594.30
322.35
51.61
280.86
258.03
732.00
322.98
839.12
533.00
835.31
417.00
386.47
1001.08
1075.76
471.42
840.84
76.30
128.98
367.00
691.30
821.93
395.40
1124.19
0.05
478.43
858.25
423.70
245.55
306.00
476.52
149.72
446.98
305.57
359.20
320.01
723.95
304.00
130.06
468.44
850.50
363.00
457.42
268.60
276.45
198.00
527.80
38.29
1559.52
103.00
1828.60
640.93
468.90
828.00
1088.20
181.04
315.67
89.14
229.80
262.95
337.14
1109.22
2183.25
353.80
632.60
261.30
373.42
278.50
562.49
854.80
141.85
110.61
73.78
380.53
345.53
216.50
590.85
878.36
176.28
674.23
425.39
1111.50
244.49
320.49
923.51
240.25
194.17
272.63
449.00
184.00
747.09
1153.24
78.50
348.10
285.75
244.60
376.57
412.17
479.50
123.08
413.00
475.73
399.90
1285.09
556.00
275.04
221.70
329.35
455.43
348.04
243.63
516.52
820.80
155.00
495.00
316.00
271.90
414.21
1726.21
306.70
195.30
324.68
630.00
276.45
931.90
852.76
318.30
377.91
247.98
119.00
659.97
354.56
508.33
241.35
1598.25
582.67
2930.92
1174.80
347.12
324.17
927.50
706.53
130.09
963.00
643.40
1642.59
445.49
236.08
1256.58
203.75
304.59
242.53
1755.12
514.90
605.40
320.00
25.09
258.25
540.00
646.03
491.16
333.50
389.30
525.26
218.87
629.08
1266.50
139.12
240.40
752.27
498.20
501.94
478.30
333.64
431.04
637.68
766.48
768.48
467.03
240.00
311.00
272.54
160.72
883.44
394.40
846.95
33.71
189.77
413.90
371.82
364.50
559.10
1082.07
70.86
1239.50
303.84
384.59
120.62
198.00
216.00
446.07
286.85
556.95
287.23
271.50
45.83
277.90
234.90
453.00
182.44
414.31
477.40
691.00
77.42
133.91
422.84
132.00
452.50
25.62
108.48
131.16
884.51
359.56
122.09
435.34
551.16
174.19
286.90
461.23
132.10
345.39
204.23
1421.10
916.36
169.27
298.00
192.64
854.20
429.20
306.70
483.00
457.03
201.25
30.13
907.72
349.80
331.06
382.00
274.99
1350.99
138.19
767.00
503.90
20.95
483.92
1230.45
719.45
305.84
681.03
134.58
2425.00
324.77
280.20
1775.76
73.43
274.85
789.02
2085.15
488.93
968.00
71.45
462.81
429.00
638.94
258.37
317.37
1004.10
390.88
286.88
300.50
599.15
241.16
222.92
296.00
388.70
36.72
291.39
561.63
420.60
463.63
515.33
302.00
1082.64
218.00
381.73
886.64
144.54
228.45
343.98
585.00
495.42
804.95
1673.90
185.26
223.00
1040.00
264.75
342.31
154.98
522.29
417.35
402.13
519.50
322.08
105.12
481.73
254.73
312.10
328.88
490.50
264.84
196.60
279.81
521.65
105.33
2044.14
379.00
209.43
1115.16
419.10
377.24
383.20
295.42
344.57
306.80
364.80
447.80
227.10
199.43
269.19
946.47
315.67
543.22
421.53
382.85
1.27
15.44
400.58
79.50
133.32
474.20
411.23
407.88
303.51
101.80
645.63
962.63
238.65
346.70
1218.30
785.00
489.46
426.80
273.18
286.66
914.25
1372.37
97.00
63.51
424.70
466.00
316.00
540.95
346.00
283.86
261.90
273.34
109.00
291.59
319.46
423.00
391.00
255.41
231.67
22.91
161.57
250.90
439.54
131.27
322.40
253.19
368.45
203.58
213.84
315.54
242.32
392.70
711.05
422.50
452.10
824.00
386.59
126.40
451.78
152.04
418.59
826.30
105.39
876.19
1667.40
222.90
522.10
968.61
281.20
56.68
94.30
168.10
18.26
885.13
355.08
203.30
205.50
201.50
134.90
479.50
49.01
138.79
161.60
272.80
240.94
75.43
748.00
178.30
546.78
89.93
775.21
666.00
2335.40
433.49
860.54
419.74
260.34
197.17
363.70
310.32
285.17
311.40
323.63
811.41
160.20
231.88
68.22
412.67
407.58
396.67
721.00
439.80
539.30
209.78
115.00
879.83
376.50
776.60
990.53
112.28
513.17
130.39
1117.10
579.10
676.47
574.70
294.20
153.00
327.20
360.04
393.20
111.00
178.00
1378.62
777.16
1360.90
1070.20
455.98
624.81
218.72
446.02
1017.91
364.30
344.92
992.80
747.06
673.81
273.53
420.95
1478.95
310.08
335.00
238.40
280.29
210.60
297.60
746.85
582.00
942.59
673.42
389.96
242.80
207.63
486.59
528.46
510.00
142.89
232.24
495.57
1290.28
504.59
391.80
299.48
1071.31
82.63
577.06
372.71
104.75
956.36
488.90
737.95
952.40
1003.86
238.50
300.01
97.67
894.39
779.08
298.65
55.21
198.44
806.00
92.10
253.00
394.30
333.00
326.09
138.90
889.80
176.30
923.00
146.11
1130.21
62.87
247.10
244.98
786.14
1064.26
477.90
340.71
616.75
102.37
929.70
1231.02
50.45
501.53
663.90
1199.24
774.31
255.69
229.69
269.51
312.80
398.32
465.91
420.30
302.53
269.53
1014.93
29.22
441.09
604.10
475.50
561.28
325.90
483.20
631.90
371.16
188.52
1697.30
488.90
626.38
480.59
616.69
303.62
572.78
1694.71
1033.04
827.01
222.50
205.14
472.60
983.20
258.53
283.53
671.83
661.99
132.70
279.00
455.33
764.28
861.86
778.00
221.07
319.62
463.00
716.00
864.50
406.90
1204.10
16.08
301.00
1061.40
1065.60
978.95
391.00
339.00
393.74
212.20
932.60
103.66
393.94
336.94
363.85
376.40
392.02
289.07
548.07
173.07
326.89
158.98
1362.48
1379.99
193.73
124.00
18.37
232.68
197.30
1058.12
502.23
544.28
998.64
1625.43
266.70
979.52
392.00
358.15
360.86
711.13
187.50
46.90
986.96
2280.90
1157.30
327.42
332.00
765.66
858.30
298.17
502.58
485.23
258.44
230.60
203.24
618.72
330.77
393.60
434.46
155.40
823.56
395.30
333.31
674.20
534.03
413.00
1185.70
255.60
194.48
844.05
220.00
228.10
705.74
178.30
287.82
388.32
486.25
433.76
321.23
636.40
236.00
1042.50
343.97
376.22
249.46
221.80
940.34
151.48
313.42
311.00
556.02
103.27
604.80
363.04
316.97
353.57
547.35
1085.54
412.91
181.70
117.41
676.93
114.00
471.90
82.80
244.80
190.86
372.30
361.30
290.00
599.40
678.40
193.05
638.03
323.94
441.53
1819.92
162.25
493.75
514.00
654.44
315.00
279.00
315.19
177.27
142.27
187.96
291.50
156.95
281.00
274.95
1193.62
671.90
474.74
234.25
644.37
287.00
728.00
449.35
310.49
268.00
342.76
719.39
42.00
232.97
230.72
382.13
1652.14
273.43
20.50
259.75
164.28
340.60
601.76
1567.09
624.04
80.40
166.26
255.70
623.04
408.88
464.40
805.10
148.10
125.50
1075.55
186.37
1039.65
313.00
785.68
757.14
397.39
721.20
1245.55
818.22
330.29
821.12
13.20
60.01
208.68
651.21
264.75
264.80
329.93
1387.92
316.15
327.70
670.11
639.66
111.00
519.19
396.83
1065.50
375.70
1203.00
1483.45
415.93
107.48
22.08
560.10
28.83
281.10
405.30
337.61
488.39
143.34
236.86
463.26
263.18
479.05
566.00
301.80
713.94
759.69
200.32
683.00
544.32
365.32
416.20
425.96
353.80
1335.68
583.04
311.39
366.30
762.00
755.70
123.56
418.39
727.79
828.36
103.59
541.40
384.57
118.72
722.66
328.40
463.33
737.50
1133.76
1052.80
124.63
29.40
588.20
27.03
466.31
286.60
441.04
261.47
284.00
18.90
491.40
305.89
812.50
133.00
1254.91
3441.90
264.70
273.84
449.73
722.73
285.29
340.10
710.46
1605.50
779.31
268.43
302.43
373.18
366.13
397.61
981.34
71.20
301.40
309.00
521.79
571.38
743.80
133.96
485.56
306.64
94.95
1106.30
371.30
190.84
350.30
1736.00
208.85
506.94
433.85
207.37
1201.68
1224.50
600.00
57.10
986.00
1390.00
638.71
248.00
680.10
186.60
594.37
604.00
454.10
467.50
223.04
416.00
296.39
326.00
128.22
870.70
570.84
64.21
463.19
1847.10
428.61
278.23
440.00
806.31
604.73
300.00
456.20
267.40
609.40
791.40
387.25
521.74
253.26
163.70
443.12
367.90
1033.40
846.23
461.89
86.27
373.30
290.97
282.20
995.38
213.54
597.10
286.14
413.00
478.16
416.00
215.10
282.88
362.96
403.02
243.40
736.30
781.32
379.53
221.66
415.81
270.68
324.90
89.45
114.30
200.50
728.00
761.88
245.62
398.81
148.45
617.99
761.79
509.98
3.25
741.67
678.57
301.22
206.90
507.69
34.24
931.43
398.30
241.00
323.94
81.84
312.54
499.00
323.12
705.95
179.68
754.68
800.59
465.18
93.33
80.18
270.30
454.10
175.12
1205.34
260.00
463.72
304.00
309.00
218.00
173.00
418.80
235.68
1894.08
0.89
389.22
173.30
285.46
363.44
399.00
918.40
181.40
462.61
200.00
318.47
82.10
180.35
309.70
414.92
294.88
160.00
707.63
485.73
313.00
462.56
304.00
544.74
104.56
482.69
526.10
4283.81
247.21
92.60
705.00
373.10
836.98
281.77
107.11
271.33
375.32
570.44
662.47
470.47
250.58
287.28
575.90
75.18
172.50
421.39
901.85
247.00
571.80
461.97
296.40
716.64
339.60
863.00
204.12
358.77
816.10
152.06
150.00
162.00
149.20
759.30
109.32
2083.60
274.70
237.75
207.28
257.80
755.00
102.00
125.28
168.70
47.99
732.95
541.37
425.52
688.56
682.29
564.53
383.49
518.10
257.80
1004.30
722.53
2381.53
435.68
469.78
372.00
716.00
1610.00
431.65
404.24
242.46
211.11
358.53
765.28
2390.08
985.80
414.00
377.97
1377.15
1080.00
278.00
344.01
430.00
629.00
25.53
292.60
180.20
227.66
542.66
23.75
142.80
367.40
986.09
171.50
143.00
298.24
571.44
648.50
900.82
235.42
474.04
134.30
651.70
805.85
304.52
228.70
164.50
220.47
79.09
185.35
205.09
389.40
146.79
1107.79
1107.79
335.07
329.20
271.30
482.80
190.90
1060.10
419.40
449.24
194.90
770.32
799.00
415.70
539.10
618.53
451.32
580.17
618.36
649.80
774.10
406.74
856.80
157.18
661.00
583.22
397.00
1250.00
938.89
142.83
1231.80
364.52
86.60
140.00
434.43
194.78
355.10
232.64
1089.48
302.54
279.62
86.08
213.09
339.50
652.20
1107.50
447.68
1526.38
1118.51
331.60
431.01
310.42
40.29
69.92
90.12
144.82
899.07
101.00
609.30
1453.10
334.30
258.00
193.53
674.70
89.36
734.09
11.70
211.86
648.30
287.10
588.53
317.53
96.78
323.87
110.20
256.02
731.06
838.06
113.32
312.00
912.89
177.11
242.63
247.95
303.42
531.42
451.48
291.31
305.80
1463.77
661.51
109.94
228.90
551.80
266.10
393.54
373.17
269.95
1094.93
653.70
566.35
269.35
813.00
831.80
1144.00
150.61
230.55
392.90
162.00
1285.55
272.67
448.68
716.90
1356.46
357.00
243.39
247.80
253.60
589.10
162.79
594.24
454.00
587.37
560.30
488.02
245.55
284.03
254.40
495.90
275.70
681.50
110.07
289.85
828.19
14.91
265.64
532.91
337.39
284.20
1214.95
38.07
343.69
454.75
594.78
574.46
426.15
140.28
303.00
622.00
459.11
48.10
192.69
1369.40
557.10
213.96
1180.00
292.00
64.30
449.00
300.30
227.42
372.32
11.86
975.50
182.36
150.00
288.89
692.24
371.20
1449.31
67.60
931.00
249.27
242.78
128.50
541.07
599.20
595.00
264.00
1700.00
344.30
1814.70
652.01
383.20
1336.70
314.26
719.74
218.60
372.51
646.23
524.70
154.76
1139.06
348.42
885.72
317.18
269.10
956.48
638.37
1409.37
439.90
123.10
1016.13
418.00
1811.86
1420.79
958.07
22.48
319.85
401.40
117.00
525.01
561.88
766.60
68.90
100.30
1066.90
650.90
192.99
171.88
436.90
458.70
276.38
293.50
293.00
336.00
226.57
367.90
920.00
279.49
248.42
1049.85
389.54
1031.90
328.90
279.90
110.78
323.88
151.59
381.00
471.93
190.17
331.30
27.96
288.68
135.00
392.73
654.66
356.44
925.84
915.00
188.10
279.52
510.75
282.28
381.00
79.00
1169.30
252.40
575.40
145.50
129.50
77.95
1099.15
74.70
654.80
282.00
271.70
114.48
517.18
318.04
1201.90
497.30
430.13
402.06
272.58
56.18
227.90
501.90
99.08
210.01
686.14
511.60
358.36
569.90
954.68
422.97
362.30
171.79
1748.90
401.80
400.20
324.30
1416.01
270.40
460.04
21.83
128.84
239.00
37.90
1180.00
688.30
590.70
418.08
1235.00
1175.00
44.00
1057.41
371.10
439.29
103.90
333.00
538.00
370.45
411.07
14.70
345.30
359.96
115.90
381.94
173.32
70.92
416.32
493.50
983.52
489.57
1790.19
30.82
286.10
321.83
128.00
629.70
1136.00
386.93
379.26
954.01
358.23
276.90
424.89
236.20
291.53
320.03
15.07
707.20
397.65
626.23
881.50
572.00
736.00
351.23
702.91
64.60
259.30
190.40
737.69
1201.14
647.89
273.27
105.33
362.08
1158.66
809.00
332.14
257.00
202.99
223.70
125.99
204.99
828.76
679.23
148.30
142.09
501.53
1555.31
414.90
1860.60
1293.10
37.29
700.79
144.00
853.11
752.10
260.40
208.60
518.07
545.00
379.30
594.39
558.64
392.67
379.85
302.34
186.23
590.49
225.57
189.78
788.44
291.44
559.60
817.83
387.00
201.18
273.10
246.40
217.47
1050.23
1170.00
543.80
216.22
156.20
1137.90
479.16
462.53
634.18
471.30
198.73
374.95
195.43
1435.58
1210.00
320.35
106.91
331.52
449.10
288.50
414.56
793.84
488.40
563.44
662.73
284.73
361.04
4.50
347.91
453.00
388.57
718.58
230.20
254.61
245.07
254.79
949.60
518.99
262.41
460.00
376.00
927.50
261.10
352.20
319.70
87.42
245.20
363.00
239.30
268.50
129.08
281.00
456.00
588.50
880.20
273.20
369.60
54.59
34.56
306.76
142.90
905.22
2760.79
520.30
417.61
668.00
269.98
126.50
132.00
178.10
426.28
259.19
1106.56
111.00
188.48
822.53
594.60
997.50
592.22
1048.09
767.29
702.43
549.00
230.29
1553.43
163.00
34.50
422.80
330.14
1087.79
376.10
491.00
175.20
276.48
290.00
520.00
242.13
217.33
86.75
1163.23
402.79
469.80
368.73
269.73
527.24
274.40
207.61
439.12
233.03
272.26
265.90
940.07
292.50
276.72
246.60
848.46
127.42
1273.80
643.51
50.06
404.06
605.27
477.00
750.49
252.44
25.81
884.00
44.03
1122.83
319.89
221.58
279.78
1162.41
921.89
417.91
234.10
521.76
257.58
512.83
179.10
259.50
44.17
658.42
153.25
262.70
307.00
71.67
482.75
528.91
927.32
347.10
387.40
590.60
668.23
247.45
1265.61
340.40
378.49
362.49
471.86
229.60
403.95
394.68
496.42
364.72
525.26
342.07
435.95
66.42
588.75
104.00
342.38
211.78
74.23
299.56
446.60
347.82
195.50
265.28
508.27
100.96
787.00
237.00
204.53
224.00
633.03
276.59
327.58
783.70
737.64
210.95
937.00
250.28
279.60
58.22
669.16
333.16
84.22
290.76
671.00
387.81
458.78
588.22
1210.41
375.49
260.43
276.50
6.18
319.26
319.10
462.36
572.30
255.82
156.81
330.93
359.73
344.73
118.00
108.26
121.58
176.20
974.20
672.49
78.33
146.20
601.85
417.96
672.95
2085.12
145.20
138.41
276.80
381.82
219.30
917.10
497.60
128.42
1805.51
383.51
545.22
1840.40
577.01
203.00
513.04
469.00
253.00
412.54
211.50
502.85
288.40
107.70
446.81
621.28
277.41
106.00
626.94
467.54
525.64
200.21
150.71
912.69
249.98
599.02
660.27
140.47
237.00
878.58
537.29
34.89
455.02
324.00
682.10
595.89
68.80
326.60
376.48
854.49
169.32
64.30
1304.03
590.48
246.12
332.95
356.00
459.00
270.16
186.22
427.10
190.00
301.37
125.00
101.75
1614.16
257.38
572.04
340.04
679.04
218.57
585.12
207.29
278.55
589.00
141.00
334.98
778.16
176.62
591.40
232.04
397.38
24.71
107.43
400.80
492.80
278.52
740.35
156.00
1098.50
251.07
603.40
452.43
98.26
317.88
279.00
1072.20
220.71
554.86
446.74
148.12
580.30
1038.36
142.95
35.00
310.80
244.40
813.00
1680.81
911.10
852.00
436.36
185.80
247.27
405.14
538.65
314.68
1403.68
286.41
642.80
441.07
218.28
306.00
622.80
315.59
134.51
907.50
129.82
447.28
183.00
473.60
366.59
515.88
640.32
51.40
248.23
218.86
308.00
787.79
1508.65
721.56
405.00
70.74
157.30
1936.00
638.12
156.00
84.59
256.46
240.73
635.84
1639.40
307.40
405.11
262.70
348.95
547.57
252.27
1864.67
1050.00
900.62
650.70
319.29
167.36
679.60
2068.70
340.44
291.00
301.84
361.10
412.00
661.79
233.49
332.09
533.30
429.04
150.02
223.68
750.50
305.56
51.09
936.58
771.39
92.45
608.00
319.11
328.23
390.16
420.80
755.75
90.40
870.62
181.49
122.30
204.76
789.20
61.40
164.17
506.14
1134.70
311.72
639.86
199.18
660.39
167.90
391.60
326.20
404.40
1062.62
495.14
669.14
418.26
73.56
167.40
353.60
1803.40
62.72
779.95
329.14
1099.53
233.00
558.00
778.00
304.71
1283.70
309.79
2421.06
562.30
203.10
161.88
533.10
364.68
969.79
233.08
55.30
600.67
259.80
302.00
951.51
565.06
204.54
306.09
1480.00
463.40
490.40
868.69
35.30
393.70
475.07
214.85
497.00
206.80
266.95
336.88
248.42
455.42
397.80
235.90
167.46
230.88
323.90
809.31
812.31
749.30
565.29
252.70
7.81
288.42
506.76
614.86
861.02
1014.22
1528.73
334.00
99.34
292.40
302.40
161.00
294.39
148.70
312.80
202.96
767.50
278.05
640.50
194.28
836.70
515.85
311.21
1128.30
995.70
128.52
376.66
164.08
1080.39
203.79
112.49
125.89
20.09
167.00
322.70
1247.60
1001.60
514.57
522.00
445.10
460.08
177.94
399.07
57.10
452.38
38.28
182.38
163.38
227.89
1431.53
366.13
564.82
109.00
114.70
1127.73
76.70
72.85
844.65
2080.00
164.59
118.87
328.05
514.88
699.88
837.01
1048.27
409.31
622.66
322.50
502.09
364.22
279.26
390.71
30.01
496.20
704.66
283.07
288.00
424.50
487.01
770.36
51.30
581.86
999.86
344.00
305.82
134.61
345.37
80.80
546.30
486.00
159.23
335.69
802.30
668.38
362.71
694.00
80.40
252.14
268.95
339.76
253.83
417.76
621.00
139.01
1253.57
325.93
584.28
1682.40
923.30
579.90
727.33
818.20
260.00
62.60
296.40
781.70
421.50
995.30
323.94
388.01
653.01
109.97
290.27
196.54
274.96
404.08
257.67
254.30
296.58
395.32
295.82
521.10
454.95
334.95
18.96
438.00
768.20
762.30
359.69
26.09
142.10
295.70
348.04
174.65
554.48
160.00
70.43
321.20
543.00
797.72
534.81
223.55
188.38
561.32
898.54
442.52
794.20
890.24
386.07
389.80
238.00
182.80
439.50
476.30
356.52
146.91
427.94
289.34
751.60
446.09
271.84
821.00
518.00
596.80
129.15
245.16
70.15
201.60
301.29
733.47
281.29
121.94
398.10
78.36
207.94
291.71
66.97
138.00
470.49
872.19
449.80
323.30
291.82
175.21
253.71
399.40
33.30
320.65
25.75
1586.86
241.89
756.00
237.00
253.58
695.21
550.02
442.00
303.87
642.00
944.00
112.00
778.56
474.00
418.88
222.06
476.63
173.10
1234.68
816.32
505.09
356.56
85.16
514.17
46.30
607.00
235.23
162.27
247.10
184.70
349.33
987.33
3.16
1060.00
238.01
242.35
91.28
487.29
322.24
308.47
87.53
333.56
755.40
624.20
15.50
1191.21
230.00
1430.10
21.29
570.31
792.56
680.53
228.50
260.11
337.91
93.08
363.80
144.28
301.46
304.96
148.67
325.00
610.88
1241.73
333.40
268.72
1273.79
565.21
258.00
2353.59
241.90
565.02
489.00
634.25
534.40
265.83
152.58
53.98
1174.60
244.74
532.30
584.97
1274.38
668.26
360.80
1038.81
188.71
135.46
526.46
324.12
449.77
81.84
19.68
497.50
421.50
419.24
391.00
643.10
269.83
38.50
15.80
142.81
125.76
325.15
704.45
56.70
183.46
1049.09
243.10
367.00
300.67
