815.0
241.0
188.0
82.8
937.0
2620.0
839.0
38.8
1130.0
553.0
946.0
135.0
497.0
348.0
262.0
641.0
325.0
195.0
749.0
180.0
799.0
33.6
882.0
715.0
48.3
73.6
366.0
717.0
302.0
1040.0
149.0
400.0
502.0
549.0
74.3
125.0
228.0
1410.0
1390.0
1370.0
90.4
284.0
1140.0
1370.0
588.0
409.0
129.0
322.0
172.0
184.0
1130.0
479.0
39.2
252.0
1030.0
1620.0
399.0
209.0
464.0
61.4
107.0
1280.0
412.0
477.0
262.0
327.0
427.0
586.0
234.0
461.0
557.0
264.0
519.0
585.0
221.0
369.0
509.0
506.0
37.2
78.7
123.0
103.0
337.0
500.0
2200.0
1260.0
147.0
138.0
127.0
564.0
1070.0
1660.0
47.2
278.0
165.0
1090.0
355.0
400.0
571.0
604.0
351.0
403.0
42.2
309.0
3.94
745.0
1170.0
321.0
155.0
839.0
328.0
964.0
262.0
461.0
293.0
761.0
971.0
110.0
983.0
275.0
89.5
307.0
473.0
326.0
114.0
86.3
194.0
680.0
34.0
95.2
417.0
256.0
186.0
410.0
132.0
120.0
287.0
60.0
263.0
704.0
894.0
1030.0
44.1
168.0
251.0
517.0
372.0
239.0
474.0
279.0
1160.0
950.0
402.0
1.45
289.0
466.0
201.0
106.0
109.0
148.0
359.0
299.0
113.0
333.0
104.0
10.4
295.0
340.0
708.0
1760.0
700.0
362.0
914.0
266.0
10.5
420.0
406.0
248.0
9.49
1180.0
605.0
554.0
88.3
1080.0
738.0
547.0
259.0
73.9
209.0
505.0
154.0
371.0
297.0
56.7
171.0
689.0
265.0
110.0
159.0
226.0
542.0
325.0
855.0
852.0
729.0
708.0
114.0
74.0
863.0
167.0
445.0
108.0
152.0
354.0
335.0
90.1
91.0
530.0
187.0
1360.0
368.0
1200.0
1380.0
747.0
29.0
66.6
947.0
142.0
349.0
940.0
84.4
249.0
541.0
115.0
171.0
90.9
569.0
508.0
172.0
490.0
109.0
997.0
234.0
216.0
147.0
799.0
932.0
393.0
215.0
82.7
191.0
983.0
18.4
489.0
161.0
362.0
331.0
145.0
456.0
1200.0
792.0
823.0
153.0
326.0
884.0
863.0
748.0
1150.0
201.0
202.0
311.0
2.71
416.0
1110.0
169.0
150.0
107.0
289.0
115.0
1050.0
538.0
1090.0
284.0
526.0
222.0
170.0
1170.0
122.0
314.0
287.0
181.0
493.0
8.69
841.0
350.0
185.0
1140.0
319.0
119.0
177.0
60.2
645.0
1270.0
142.0
480.0
482.0
836.0
325.0
220.0
422.0
320.0
1140.0
208.0
791.0
633.0
128.0
120.0
295.0
305.0
64.5
382.0
686.0
1050.0
725.0
181.0
258.0
1260.0
390.0
739.0
823.0
198.0
264.0
482.0
115.0
137.0
141.0
367.0
163.0
51.0
192.0
857.0
112.0
514.0
472.0
925.0
758.0
1340.0
196.0
129.0
3610.0
170.0
1110.0
545.0
520.0
377.0
248.0
403.0
881.0
107.0
232.0
292.0
776.0
466.0
127.0
77.8
1310.0
660.0
773.0
575.0
138.0
437.0
1400.0
871.0
248.0
173.0
193.0
384.0
398.0
414.0
52.2
119.0
1420.0
921.0
645.0
153.0
43.6
176.0
1400.0
403.0
66.4
114.0
71.2
238.0
146.0
3.3
1480.0
553.0
415.0
517.0
1460.0
864.0
35.3
133.0
335.0
308.0
449.0
277.0
898.0
54.1
599.0
126.0
464.0
20.7
268.0
469.0
647.0
1090.0
299.0
1020.0
134.0
191.0
139.0
8.97
300.0
375.0
1230.0
147.0
466.0
966.0
85.4
151.0
1500.0
67.9
241.0
222.0
176.0
757.0
121.0
114.0
406.0
315.0
1850.0
400.0
249.0
581.0
375.0
703.0
2290.0
634.0
350.0
339.0
161.0
426.0
72.5
60.3
394.0
259.0
843.0
27.4
316.0
14.4
579.0
1090.0
218.0
278.0
153.0
108.0
244.0
59.5
372.0
218.0
32.2
208.0
116.0
609.0
68.6
456.0
1280.0
72.3
15.5
177.0
167.0
297.0
231.0
626.0
159.0
531.0
73.3
840.0
340.0
402.0
441.0
425.0
125.0
100.0
83.0
443.0
25.8
227.0
378.0
860.0
522.0
37.8
1200.0
232.0
199.0
486.0
597.0
855.0
610.0
221.0
421.0
396.0
842.0
731.0
394.0
932.0
376.0
151.0
2080.0
196.0
26.1
1640.0
53.7
38.4
239.0
108.0
436.0
110.0
373.0
743.0
542.0
466.0
295.0
243.0
495.0
941.0
613.0
1630.0
157.0
1170.0
1170.0
552.0
181.0
246.0
307.0
156.0
1280.0
413.0
313.0
94.2
491.0
366.0
24.6
588.0
1090.0
330.0
597.0
29.3
315.0
372.0
1130.0
137.0
474.0
406.0
431.0
1090.0
436.0
536.0
184.0
248.0
389.0
1840.0
23.8
862.0
352.0
357.0
82.4
776.0
251.0
113.0
185.0
219.0
181.0
438.0
168.0
189.0
187.0
489.0
510.0
6.78
250.0
369.0
156.0
170.0
1030.0
594.0
483.0
952.0
232.0
67.2
230.0
74.1
164.0
772.0
604.0
220.0
110.0
17.6
1500.0
273.0
305.0
879.0
232.0
237.0
270.0
411.0
507.0
163.0
156.0
512.0
137.0
129.0
68.2
962.0
280.0
165.0
224.0
630.0
757.0
127.0
185.0
94.7
273.0
398.0
141.0
68.0
155.0
1350.0
1670.0
220.0
302.0
536.0
397.0
597.0
24.1
844.0
1060.0
195.0
565.0
402.0
413.0
406.0
58.8
223.0
249.0
284.0
110.0
71.1
165.0
1090.0
174.0
520.0
150.0
430.0
119.0
326.0
222.0
630.0
224.0
497.0
1000.0
51.2
292.0
188.0
1140.0
103.0
216.0
161.0
571.0
488.0
247.0
218.0
293.0
229.0
83.5
16.9
107.0
831.0
36.7
430.0
112.0
308.0
965.0
119.0
800.0
575.0
618.0
312.0
537.0
947.0
184.0
377.0
1140.0
870.0
70.5
544.0
218.0
264.0
352.0
34.4
189.0
214.0
205.0
457.0
626.0
293.0
87.6
300.0
481.0
433.0
1740.0
214.0
381.0
329.0
297.0
104.0
125.0
941.0
1000.0
212.0
208.0
235.0
1200.0
140.0
126.0
521.0
43.4
228.0
187.0
178.0
679.0
195.0
832.0
720.0
355.0
633.0
123.0
401.0
1040.0
113.0
114.0
535.0
145.0
173.0
426.0
219.0
437.0
508.0
86.1
237.0
311.0
169.0
512.0
154.0
482.0
353.0
327.0
1330.0
446.0
147.0
13000.0
1090.0
188.0
24.8
423.0
1320.0
806.0
80.1
86.8
424.0
246.0
347.0
185.0
328.0
58.2
238.0
613.0
242.0
760.0
267.0
521.0
874.0
337.0
967.0
419.0
287.0
114.0
266.0
1050.0
101.0
941.0
1640.0
591.0
216.0
106.0
880.0
303.0
133.0
364.0
243.0
110.0
471.0
189.0
393.0
478.0
236.0
513.0
783.0
145.0
387.0
128.0
273.0
439.0
132.0
144.0
260.0
1410.0
614.0
240.0
437.0
196.0
462.0
560.0
22.5
178.0
177.0
299.0
146.0
165.0
824.0
426.0
359.0
97.8
470.0
104.0
50.9
356.0
453.0
1110.0
62.4
180.0
943.0
301.0
566.0
1210.0
294.0
1150.0
454.0
448.0
242.0
1150.0
278.0
422.0
586.0
219.0
90.0
86.2
940.0
173.0
361.0
343.0
166.0
130.0
288.0
217.0
358.0
459.0
471.0
105.0
623.0
162.0
31.6
236.0
287.0
119.0
214.0
681.0
223.0
129.0
728.0
883.0
203.0
339.0
538.0
220.0
19.5
1590.0
218.0
122.0
260.0
4.0
148.0
186.0
253.0
339.0
123.0
357.0
453.0
147.0
528.0
183.0
351.0
411.0
1010.0
388.0
183.0
44.8
213.0
104.0
303.0
5.36
160.0
543.0
976.0
1200.0
146.0
24.7
1540.0
70.0
248.0
319.0
967.0
172.0
193.0
170.0
594.0
642.0
130.0
289.0
231.0
329.0
223.0
183.0
792.0
308.0
1010.0
742.0
1310.0
34.9
121.0
334.0
221.0
110.0
546.0
36.4
386.0
673.0
281.0
489.0
331.0
79.8
230.0
85.1
28.0
219.0
301.0
64.6
537.0
442.0
91.1
364.0
1640.0
1120.0
172.0
701.0
996.0
158.0
12.1
89.4
250.0
48.0
767.0
174.0
159.0
803.0
81.8
289.0
119.0
453.0
378.0
207.0
231.0
228.0
292.0
343.0
100.0
364.0
1460.0
596.0
278.0
132.0
381.0
199.0
164.0
903.0
417.0
69.5
585.0
133.0
80.5
609.0
221.0
788.0
292.0
184.0
140.0
986.0
69.7
19.0
93.2
116.0
103.0
1780.0
357.0
38.3
381.0
118.0
547.0
105.0
188.0
509.0
216.0
454.0
7.85
123.0
168.0
121.0
391.0
281.0
125.0
429.0
723.0
108.0
432.0
233.0
392.0
492.0
568.0
408.0
143.0
904.0
331.0
185.0
1060.0
554.0
338.0
2070.0
1540.0
263.0
499.0
14.4
286.0
192.0
398.0
6.45
266.0
169.0
400.0
407.0
84.3
479.0
68.3
695.0
0.909
188.0
94.6
162.0
70.7
85.4
617.0
455.0
969.0
549.0
423.0
194.0
1040.0
871.0
113.0
159.0
388.0
863.0
465.0
128.0
267.0
491.0
193.0
920.0
390.0
76.6
15.6
116.0
117.0
618.0
1650.0
265.0
134.0
377.0
237.0
38.4
91.4
196.0
253.0
878.0
247.0
513.0
512.0
100.0
315.0
224.0
129.0
904.0
220.0
941.0
78.1
20.9
285.0
129.0
68.6
92.5
631.0
1250.0
329.0
1400.0
101.0
565.0
198.0
944.0
306.0
276.0
173.0
353.0
185.0
751.0
4.55
474.0
263.0
278.0
219.0
67.3
162.0
347.0
210.0
133.0
184.0
33.4
376.0
757.0
767.0
192.0
761.0
200.0
143.0
559.0
895.0
366.0
1270.0
206.0
1310.0
250.0
368.0
455.0
113.0
178.0
1150.0
389.0
28.8
73.5
310.0
81.5
1120.0
829.0
155.0
715.0
289.0
292.0
285.0
494.0
776.0
454.0
172.0
228.0
205.0
253.0
415.0
365.0
648.0
139.0
382.0
432.0
59.5
937.0
909.0
242.0
131.0
128.0
111.0
166.0
242.0
329.0
489.0
742.0
1100.0
525.0
147.0
90.0
295.0
910.0
337.0
92.3
76.5
405.0
19.7
292.0
707.0
149.0
327.0
766.0
133.0
386.0
195.0
742.0
64.7
111.0
587.0
261.0
239.0
99.7
173.0
93.1
185.0
333.0
468.0
84.9
1150.0
500.0
205.0
129.0
356.0
141.0
375.0
126.0
619.0
421.0
760.0
413.0
364.0
231.0
171.0
416.0
405.0
1340.0
593.0
198.0
307.0
1680.0
581.0
423.0
137.0
1.04
587.0
997.0
885.0
61.1
210.0
69.9
207.0
105.0
474.0
1120.0
211.0
345.0
307.0
427.0
171.0
152.0
1320.0
464.0
280.0
475.0
979.0
1050.0
171.0
129.0
855.0
276.0
1080.0
221.0
92.7
134.0
308.0
126.0
477.0
312.0
1660.0
505.0
184.0
109.0
221.0
136.0
16.8
258.0
265.0
304.0
527.0
151.0
251.0
243.0
165.0
165.0
680.0
847.0
691.0
946.0
576.0
498.0
587.0
200.0
778.0
120.0
300.0
1000.0
503.0
507.0
236.0
570.0
329.0
1020.0
499.0
2010.0
638.0
251.0
42.5
139.0
459.0
141.0
479.0
582.0
307.0
156.0
282.0
181.0
348.0
419.0
591.0
480.0
300.0
541.0
904.0
232.0
749.0
350.0
612.0
987.0
23.0
513.0
872.0
1030.0
644.0
248.0
89.1
323.0
549.0
354.0
872.0
267.0
427.0
298.0
1210.0
746.0
482.0
1300.0
398.0
156.0
165.0
188.0
269.0
233.0
418.0
408.0
412.0
781.0
271.0
238.0
396.0
214.0
117.0
1300.0
101.0
989.0
304.0
563.0
151.0
393.0
162.0
48.5
474.0
1010.0
2330.0
43.5
58.9
510.0
339.0
946.0
370.0
393.0
64.0
262.0
564.0
52.6
296.0
1170.0
839.0
748.0
14.4
1090.0
585.0
669.0
423.0
609.0
202.0
12.3
39.9
629.0
339.0
278.0
77.2
186.0
302.0
196.0
453.0
380.0
318.0
6.22
102.0
95.6
74.0
485.0
71.3
903.0
416.0
318.0
1.99
232.0
367.0
349.0
482.0
724.0
682.0
1040.0
301.0
1390.0
729.0
524.0
151.0
652.0
134.0
944.0
442.0
1010.0
651.0
1070.0
472.0
260.0
879.0
375.0
578.0
846.0
80.1
147.0
108.0
595.0
58.8
232.0
155.0
467.0
150.0
33.5
158.0
93.8
387.0
503.0
110.0
47.5
161.0
139.0
472.0
248.0
701.0
192.0
369.0
976.0
178.0
511.0
371.0
336.0
270.0
442.0
98.4
139.0
46.1
7.03
83.9
366.0
1110.0
174.0
289.0
189.0
818.0
890.0
262.0
1290.0
481.0
484.0
586.0
203.0
108.0
399.0
198.0
562.0
307.0
168.0
256.0
557.0
0.987
414.0
451.0
153.0
260.0
431.0
741.0
295.0
71.4
50.1
176.0
2220.0
468.0
540.0
1360.0
482.0
424.0
51.3
861.0
617.0
252.0
256.0
410.0
459.0
241.0
89.6
433.0
382.0
137.0
522.0
299.0
1540.0
199.0
883.0
575.0
409.0
104.0
216.0
465.0
250.0
182.0
97.9
142.0
647.0
544.0
18.1
134.0
169.0
679.0
477.0
101.0
152.0
241.0
160.0
577.0
393.0
181.0
85.8
1500.0
651.0
132.0
169.0
465.0
449.0
363.0
792.0
154.0
218.0
170.0
591.0
219.0
795.0
186.0
118.0
251.0
268.0
545.0
930.0
656.0
219.0
88.5
764.0
214.0
92.6
912.0
165.0
210.0
208.0
1090.0
40.8
883.0
415.0
65.0
885.0
124.0
439.0
416.0
1040.0
136.0
93.9
248.0
0.381
961.0
1060.0
1290.0
414.0
0.26
249.0
78.2
1200.0
223.0
921.0
289.0
111.0
737.0
70.1
125.0
651.0
252.0
123.0
836.0
306.0
131.0
2.85
256.0
686.0
483.0
177.0
210.0
580.0
82.3
104.0
387.0
135.0
473.0
234.0
443.0
199.0
172.0
549.0
510.0
362.0
139.0
67.7
611.0
390.0
150.0
304.0
87.2
15.6
533.0
369.0
272.0
54.8
192.0
147.0
245.0
109.0
59.7
866.0
1500.0
148.0
143.0
104.0
204.0
312.0
275.0
101.0
155.0
141.0
164.0
180.0
844.0
0.175
532.0
614.0
1760.0
1270.0
230.0
446.0
193.0
134.0
433.0
503.0
253.0
455.0
85.0
467.0
186.0
1060.0
573.0
180.0
17.9
29.3
319.0
150.0
242.0
533.0
435.0
210.0
178.0
687.0
459.0
210.0
908.0
752.0
412.0
262.0
565.0
391.0
1130.0
37.2
743.0
258.0
179.0
574.0
133.0
579.0
30.8
174.0
288.0
52.5
1280.0
634.0
171.0
327.0
334.0
404.0
468.0
24.5
609.0
192.0
289.0
147.0
281.0
1030.0
108.0
2110.0
344.0
91.4
255.0
352.0
73.3
1160.0
63.0
368.0
1510.0
411.0
560.0
54.9
501.0
345.0
341.0
72.9
710.0
450.0
161.0
587.0
211.0
745.0
1090.0
372.0
228.0
483.0
411.0
247.0
456.0
513.0
291.0
1200.0
146.0
247.0
933.0
626.0
337.0
275.0
450.0
74.7
1510.0
404.0
188.0
473.0
42.9
662.0
692.0
170.0
311.0
737.0
1100.0
631.0
894.0
541.0
1020.0
19.5
353.0
229.0
692.0
389.0
155.0
762.0
230.0
92.3
231.0
585.0
1560.0
197.0
324.0
1180.0
168.0
494.0
540.0
154.0
265.0
280.0
287.0
711.0
208.0
354.0
216.0
336.0
233.0
275.0
31.7
155.0
522.0
35.1
883.0
435.0
248.0
975.0
247.0
960.0
546.0
157.0
329.0
296.0
321.0
348.0
384.0
402.0
234.0
381.0
696.0
11.7
319.0
247.0
815.0
75.4
319.0
745.0
1010.0
87.0
94.3
120.0
469.0
122.0
49.1
401.0
107.0
258.0
427.0
739.0
148.0
278.0
73.2
134.0
231.0
190.0
167.0
509.0
322.0
349.0
167.0
185.0
1380.0
651.0
11.1
291.0
162.0
493.0
58.8
132.0
134.0
650.0
1070.0
216.0
475.0
21.6
66.4
69.3
918.0
708.0
104.0
465.0
170.0
154.0
865.0
103.0
238.0
62.2
610.0
265.0
231.0
1750.0
197.0
483.0
10.8
75.9
42.3
818.0
17.5
38.3
223.0
195.0
148.0
603.0
219.0
398.0
156.0
262.0
117.0
412.0
85.3
452.0
16.7
369.0
196.0
770.0
316.0
314.0
847.0
158.0
1090.0
126.0
1220.0
313.0
1140.0
842.0
454.0
993.0
50.4
116.0
967.0
267.0
392.0
350.0
25.3
36.5
25.0
67.9
2420.0
786.0
203.0
969.0
8.1
105.0
66.8
0.926
147.0
360.0
766.0
483.0
571.0
379.0
117.0
131.0
552.0
703.0
99.9
540.0
498.0
269.0
306.0
774.0
1010.0
119.0
183.0
437.0
272.0
1.87
47.6
16.2
61.9
569.0
560.0
134.0
91.5
703.0
387.0
129.0
277.0
341.0
60.6
547.0
231.0
254.0
688.0
1560.0
44.7
330.0
644.0
304.0
26.2
494.0
0.811
85.5
424.0
130.0
870.0
1140.0
122.0
135.0
232.0
466.0
10.7
147.0
60.1
292.0
690.0
1340.0
759.0
49.2
213.0
120.0
693.0
458.0
583.0
144.0
165.0
508.0
2380.0
1000.0
287.0
90.2
288.0
160.0
92.3
257.0
159.0
563.0
989.0
357.0
210.0
334.0
268.0
124.0
897.0
368.0
174.0
604.0
381.0
525.0
525.0
27.4
774.0
296.0
46.3
756.0
683.0
442.0
525.0
35.4
906.0
176.0
20.9
439.0
167.0
250.0
172.0
454.0
76.0
854.0
266.0
368.0
1050.0
165.0
38.3
144.0
66.8
261.0
186.0
152.0
609.0
296.0
761.0
105.0
402.0
53.3
156.0
1980.0
195.0
456.0
784.0
203.0
747.0
569.0
453.0
137.0
1770.0
163.0
112.0
198.0
437.0
466.0
1630.0
20.0
450.0
169.0
370.0
577.0
282.0
74.8
385.0
174.0
1540.0
213.0
122.0
406.0
87.4
1240.0
324.0
168.0
230.0
212.0
304.0
582.0
193.0
209.0
427.0
705.0
13.2
795.0
52.7
184.0
126.0
183.0
252.0
250.0
166.0
447.0
794.0
285.0
154.0
251.0
332.0
651.0
296.0
1340.0
260.0
232.0
188.0
584.0
333.0
462.0
373.0
150.0
184.0
1290.0
790.0
1600.0
154.0
223.0
7.39
894.0
552.0
539.0
1200.0
1540.0
895.0
366.0
601.0
551.0
150.0
194.0
106.0
532.0
110.0
265.0
183.0
314.0
106.0
466.0
181.0
19.0
268.0
404.0
67.9
662.0
582.0
321.0
61.9
121.0
123.0
145.0
488.0
391.0
218.0
1120.0
440.0
881.0
757.0
365.0
322.0
820.0
1680.0
260.0
672.0
809.0
409.0
182.0
292.0
33.2
308.0
46.3
476.0
201.0
212.0
254.0
1570.0
118.0
336.0
146.0
401.0
956.0
1330.0
1190.0
92.9
348.0
1.79
13.2
37.6
489.0
132.0
6.27
1270.0
61.6
11.0
329.0
239.0
198.0
444.0
181.0
297.0
193.0
927.0
13.4
252.0
459.0
243.0
429.0
21.7
573.0
190.0
890.0
162.0
449.0
303.0
501.0
416.0
72.1
19.6
35.2
425.0
332.0
911.0
67.7
1020.0
4.71
495.0
272.0
17.0
1020.0
236.0
40.8
76.4
755.0
800.0
711.0
549.0
293.0
220.0
151.0
310.0
267.0
1160.0
218.0
272.0
479.0
206.0
313.0
422.0
11.6
641.0
118.0
1110.0
549.0
370.0
548.0
372.0
368.0
99.3
87.5
415.0
679.0
341.0
111.0
77.2
128.0
900.0
536.0
510.0
402.0
387.0
199.0
350.0
230.0
22.8
1450.0
403.0
757.0
475.0
1180.0
191.0
284.0
201.0
287.0
368.0
717.0
189.0
1670.0
5.72
99.6
454.0
145.0
159.0
224.0
509.0
10.1
236.0
559.0
195.0
283.0
1470.0
599.0
158.0
600.0
115.0
121.0
190.0
391.0
457.0
62.2
39.7
328.0
246.0
246.0
453.0
841.0
512.0
222.0
564.0
260.0
125.0
361.0
518.0
134.0
150.0
185.0
1260.0
287.0
298.0
1070.0
457.0
305.0
218.0
1260.0
311.0
425.0
38.3
418.0
143.0
385.0
222.0
351.0
53.5
437.0
178.0
387.0
384.0
943.0
1320.0
310.0
364.0
252.0
85.3
384.0
752.0
39.8
26.3
138.0
86.3
14.5
335.0
87.2
147.0
309.0
698.0
49.0
140.0
93.6
845.0
1260.0
372.0
125.0
122.0
106.0
155.0
264.0
305.0
758.0
361.0
709.0
769.0
1640.0
254.0
258.0
281.0
883.0
108.0
728.0
528.0
1280.0
111.0
639.0
738.0
175.0
94.8
175.0
198.0
683.0
438.0
560.0
309.0
98.0
20.8
317.0
15.4
247.0
715.0
169.0
1040.0
124.0
670.0
601.0
2730.0
204.0
319.0
129.0
168.0
1480.0
759.0
137.0
226.0
260.0
233.0
28.0
1080.0
182.0
919.0
666.0
79.0
357.0
256.0
1160.0
305.0
337.0
566.0
119.0
293.0
285.0
5.24
48.0
75.8
845.0
926.0
281.0
105.0
313.0
444.0
162.0
0.255
250.0
852.0
606.0
891.0
471.0
447.0
329.0
96.1
1060.0
133.0
667.0
323.0
1040.0
250.0
404.0
363.0
62.8
512.0
300.0
533.0
341.0
366.0
1380.0
126.0
701.0
42.9
226.0
502.0
761.0
1500.0
441.0
195.0
80.0
376.0
545.0
723.0
531.0
690.0
138.0
306.0
379.0
946.0
178.0
328.0
504.0
901.0
365.0
1600.0
281.0
235.0
415.0
756.0
795.0
409.0
176.0
49.1
288.0
508.0
161.0
108.0
2.81
392.0
309.0
298.0
631.0
262.0
5.45
334.0
379.0
1700.0
208.0
857.0
185.0
96.2
202.0
402.0
287.0
1830.0
131.0
615.0
32.7
596.0
214.0
276.0
246.0
178.0
75.9
236.0
363.0
697.0
531.0
213.0
463.0
456.0
798.0
339.0
74.8
113.0
277.0
373.0
95.9
294.0
380.0
226.0
338.0
34.6
254.0
803.0
152.0
208.0
196.0
487.0
522.0
560.0
5.26
286.0
854.0
380.0
436.0
136.0
293.0
280.0
707.0
324.0
141.0
190.0
825.0
685.0
811.0
870.0
122.0
450.0
427.0
700.0
189.0
610.0
340.0
107.0
6.46
128.0
507.0
500.0
714.0
527.0
1060.0
309.0
596.0
258.0
123.0
222.0
683.0
127.0
504.0
193.0
193.0
199.0
128.0
544.0
970.0
501.0
129.0
70.5
586.0
126.0
232.0
52.8
433.0
269.0
441.0
26.2
165.0
610.0
208.0
669.0
551.0
781.0
150.0
495.0
294.0
103.0
791.0
260.0
531.0
544.0
319.0
345.0
21.2
547.0
630.0
670.0
494.0
15.2
431.0
382.0
118.0
1380.0
57.5
373.0
220.0
202.0
97.9
222.0
254.0
1500.0
218.0
481.0
399.0
384.0
279.0
342.0
296.0
57.0
391.0
98.4
832.0
92.9
463.0
309.0
965.0
634.0
260.0
549.0
683.0
100.0
112.0
112.0
6.03
311.0
959.0
340.0
884.0
546.0
539.0
79.8
207.0
115.0
377.0
307.0
207.0
544.0
130.0
87.0
523.0
239.0
617.0
613.0
945.0
272.0
601.0
87.3
401.0
207.0
988.0
86.0
349.0
298.0
139.0
224.0
540.0
262.0
1570.0
390.0
158.0
0.397
577.0
623.0
1090.0
96.8
179.0
486.0
239.0
96.3
77.1
168.0
249.0
254.0
929.0
75.9
432.0
963.0
334.0
398.0
199.0
130.0
325.0
731.0
677.0
399.0
972.0
47.4
558.0
400.0
101.0
103.0
146.0
616.0
1370.0
633.0
210.0
482.0
73.1
656.0
1070.0
743.0
202.0
210.0
728.0
202.0
345.0
156.0
953.0
332.0
825.0
694.0
121.0
367.0
98.7
5.47
587.0
618.0
922.0
128.0
34.9
313.0
680.0
228.0
899.0
111.0
963.0
182.0
226.0
453.0
248.0
556.0
83.7
322.0
124.0
175.0
543.0
207.0
223.0
246.0
392.0
9.18
109.0
717.0
151.0
331.0
828.0
653.0
691.0
189.0
964.0
815.0
41.5
544.0
113.0
388.0
554.0
57.0
107.0
829.0
220.0
168.0
303.0
113.0
214.0
123.0
328.0
527.0
228.0
243.0
756.0
832.0
982.0
1430.0
304.0
1600.0
87.6
97.1
571.0
698.0
575.0
339.0
147.0
482.0
596.0
655.0
7.71
539.0
495.0
553.0
23.3
719.0
142.0
488.0
717.0
480.0
157.0
220.0
416.0
2.3
241.0
15.8
222.0
195.0
268.0
758.0
228.0
107.0
142.0
109.0
438.0
430.0
104.0
115.0
115.0
455.0
171.0
34.8
64.7
815.0
462.0
47.1
542.0
362.0
102.0
168.0
545.0
203.0
1140.0
49.4
424.0
101.0
540.0
158.0
601.0
179.0
110.0
207.0
462.0
28.9
210.0
116.0
392.0
1340.0
500.0
176.0
176.0
626.0
620.0
153.0
304.0
321.0
203.0
64.8
168.0
181.0
911.0
234.0
1.95
466.0
660.0
422.0
313.0
108.0
75.9
71.7
780.0
295.0
464.0
81.9
4.25
379.0
307.0
262.0
287.0
171.0
1450.0
580.0
209.0
153.0
288.0
340.0
295.0
835.0
701.0
176.0
260.0
127.0
88.4
101.0
385.0
138.0
863.0
9.94
159.0
296.0
272.0
25.2
31.2
119.0
595.0
640.0
265.0
730.0
804.0
62.5
208.0
223.0
425.0
162.0
117.0
833.0
334.0
1.87
1220.0
368.0
824.0
317.0
681.0
252.0
353.0
494.0
689.0
230.0
246.0
380.0
61.9
495.0
197.0
280.0
1050.0
178.0
0.205
413.0
36.2
182.0
425.0
454.0
1080.0
58.8
214.0
295.0
438.0
362.0
108.0
178.0
376.0
71.9
218.0
1300.0
1250.0
1310.0
81.5
21.4
763.0
821.0
571.0
924.0
128.0
152.0
11.0
96.4
124.0
102.0
416.0
197.0
96.4
10.3
109.0
3240.0
44.2
575.0
326.0
80.1
933.0
2.88
88.6
525.0
164.0
334.0
257.0
512.0
420.0
159.0
267.0
1680.0
74.9
174.0
136.0
328.0
294.0
74.3
187.0
572.0
216.0
256.0
250.0
555.0
127.0
497.0
259.0
377.0
562.0
117.0
164.0
158.0
1120.0
1080.0
280.0
85.6
53.5
153.0
1480.0
195.0
393.0
1110.0
210.0
130.0
589.0
753.0
176.0
401.0
82.0
417.0
185.0
179.0
273.0
69.1
455.0
954.0
564.0
430.0
601.0
452.0
23.0
283.0
127.0
590.0
373.0
514.0
444.0
1270.0
1930.0
384.0
312.0
242.0
345.0
106.0
739.0
1150.0
30.3
607.0
531.0
662.0
483.0
307.0
75.8
24.1
390.0
568.0
43.2
250.0
252.0
177.0
181.0
746.0
741.0
994.0
132.0
356.0
201.0
167.0
1560.0
2090.0
645.0
446.0
149.0
732.0
86.8
691.0
120.0
386.0
159.0
257.0
64.7
497.0
1140.0
104.0
743.0
358.0
118.0
569.0
354.0
159.0
839.0
167.0
1500.0
1340.0
724.0
86.5
32.2
25.1
462.0
92.2
275.0
75.7
176.0
382.0
235.0
91.9
467.0
885.0
435.0
165.0
199.0
651.0
283.0
73.3
292.0
614.0
1270.0
137.0
523.0
77.9
67.6
563.0
423.0
1180.0
115.0
1090.0
274.0
1070.0
492.0
410.0
1130.0
473.0
279.0
32.6
325.0
188.0
300.0
120.0
600.0
380.0
349.0
150.0
175.0
248.0
106.0
103.0
277.0
265.0
66.0
226.0
86.4
134.0
280.0
289.0
559.0
243.0
87.2
123.0
161.0
428.0
1.77
121.0
192.0
184.0
246.0
101.0
290.0
6.86
54.9
230.0
41.9
1340.0
624.0
189.0
912.0
1180.0
1440.0
952.0
382.0
665.0
1240.0
522.0
60.8
480.0
329.0
362.0
1050.0
130.0
881.0
527.0
93.4
715.0
1020.0
237.0
205.0
93.5
427.0
265.0
870.0
371.0
608.0
505.0
327.0
67.5
518.0
585.0
1710.0
79.6
636.0
762.0
362.0
745.0
154.0
163.0
207.0
213.0
15.2
219.0
123.0
153.0
154.0
131.0
224.0
49.1
121.0
211.0
817.0
367.0
82.1
415.0
114.0
341.0
1100.0
388.0
1500.0
159.0
36.1
248.0
90.3
40.2
988.0
243.0
569.0
672.0
33.9
173.0
249.0
69.7
822.0
344.0
421.0
360.0
287.0
467.0
243.0
1780.0
177.0
170.0
79.6
126.0
683.0
209.0
707.0
179.0
176.0
412.0
354.0
377.0
376.0
301.0
1280.0
404.0
954.0
257.0
724.0
64.9
1040.0
214.0
375.0
279.0
224.0
49.3
164.0
319.0
423.0
591.0
594.0
360.0
242.0
641.0
907.0
227.0
113.0
494.0
727.0
278.0
121.0
542.0
672.0
223.0
400.0
1070.0
45.1
316.0
443.0
523.0
475.0
522.0
662.0
314.0
198.0
260.0
785.0
166.0
445.0
310.0
694.0
277.0
740.0
398.0
239.0
2840.0
135.0
480.0
264.0
149.0
163.0
198.0
274.0
269.0
124.0
138.0
1250.0
601.0
230.0
381.0
495.0
171.0
21.0
858.0
13.8
130.0
250.0
340.0
1610.0
300.0
261.0
358.0
141.0
151.0
178.0
342.0
250.0
983.0
125.0
164.0
423.0
382.0
231.0
269.0
436.0
154.0
235.0
135.0
309.0
0.481
158.0
1050.0
458.0
720.0
186.0
401.0
192.0
42.1
636.0
539.0
416.0
243.0
244.0
738.0
269.0
345.0
374.0
77.5
280.0
195.0
105.0
22.8
275.0
17.0
113.0
558.0
91.1
126.0
85.3
359.0
250.0
231.0
247.0
259.0
304.0
312.0
271.0
119.0
702.0
397.0
184.0
200.0
1160.0
966.0
45.4
283.0
707.0
1460.0
179.0
610.0
607.0
463.0
456.0
742.0
4.5
125.0
120.0
377.0
1290.0
289.0
437.0
188.0
32.3
706.0
260.0
307.0
411.0
112.0
275.0
513.0
324.0
220.0
743.0
44.3
168.0
488.0
43.0
448.0
281.0
857.0
157.0
12.6
213.0
237.0
590.0
326.0
52.3
51.1
535.0
165.0
1.38
133.0
499.0
984.0
423.0
61.5
66.3
561.0
1610.0
314.0
478.0
806.0
417.0
239.0
214.0
67.4
519.0
398.0
181.0
173.0
587.0
239.0
0.85
290.0
116.0
67.2
2170.0
223.0
669.0
704.0
417.0
457.0
127.0
115.0
241.0
6.4
696.0
336.0
60.7
119.0
119.0
88.8
205.0
277.0
177.0
372.0
464.0
339.0
524.0
255.0
331.0
232.0
2130.0
831.0
572.0
821.0
4.64
899.0
35.8
260.0
995.0
483.0
39.4
150.0
311.0
167.0
296.0
167.0
1110.0
929.0
248.0
155.0
228.0
132.0
132.0
966.0
290.0
751.0
18.5
234.0
1480.0
537.0
153.0
33.4
100.0
306.0
490.0
665.0
0.964
235.0
476.0
1010.0
665.0
1020.0
578.0
344.0
888.0
155.0
98.2
442.0
255.0
1270.0
72.4
204.0
535.0
381.0
58.0
283.0
41.8
342.0
279.0
414.0
82.2
81.2
194.0
483.0
567.0
91.8
221.0
121.0
896.0
233.0
1130.0
454.0
165.0
263.0
647.0
807.0
935.0
49.2
107.0
914.0
373.0
286.0
160.0
254.0
219.0
697.0
566.0
651.0
998.0
129.0
549.0
324.0
260.0
263.0
390.0
799.0
1520.0
299.0
1090.0
808.0
440.0
62.0
376.0
108.0
678.0
855.0
29.7
877.0
1120.0
113.0
348.0
308.0
227.0
113.0
260.0
148.0
433.0
28.6
237.0
392.0
201.0
761.0
477.0
50.0
119.0
524.0
244.0
784.0
372.0
104.0
121.0
231.0
676.0
109.0
92.3
272.0
1220.0
132.0
70.4
712.0
258.0
110.0
424.0
34.1
112.0
237.0
547.0
264.0
1230.0
109.0
98.8
459.0
30.6
133.0
402.0
155.0
608.0
204.0
302.0
7.29
305.0
39.1
570.0
902.0
309.0
184.0
615.0
124.0
691.0
682.0
445.0
192.0
148.0
240.0
168.0
335.0
93.5
224.0
259.0
311.0
782.0
103.0
321.0
97.5
121.0
317.0
74.7
281.0
367.0
624.0
1290.0
244.0
615.0
13.4
402.0
532.0
403.0
231.0
267.0
273.0
248.0
87.4
472.0
104.0
399.0
38.5
558.0
215.0
185.0
4.65
362.0
195.0
22.6
457.0
108.0
223.0
159.0
414.0
539.0
395.0
32.0
187.0
193.0
782.0
60.6
188.0
627.0
635.0
208.0
355.0
70.3
552.0
557.0
330.0
142.0
429.0
190.0
343.0
441.0
497.0
1760.0
241.0
139.0
193.0
1800.0
783.0
46.2
96.4
529.0
117.0
240.0
195.0
169.0
468.0
483.0
260.0
1550.0
387.0
685.0
628.0
151.0
156.0
826.0
129.0
262.0
44.8
125.0
609.0
569.0
371.0
539.0
311.0
1030.0
257.0
170.0
180.0
329.0
336.0
106.0
740.0
517.0
449.0
371.0
1170.0
652.0
126.0
418.0
200.0
1020.0
903.0
445.0
391.0
472.0
1290.0
686.0
271.0
544.0
264.0
294.0
198.0
140.0
527.0
240.0
137.0
140.0
154.0
271.0
166.0
1270.0
104.0
292.0
138.0
375.0
869.0
0.169
37.6
765.0
1120.0
312.0
217.0
1180.0
1000.0
607.0
1090.0
132.0
563.0
188.0
284.0
129.0
677.0
515.0
117.0
362.0
300.0
200.0
54.9
513.0
936.0
583.0
1120.0
156.0
510.0
282.0
455.0
181.0
879.0
204.0
74.1
488.0
970.0
567.0
488.0
360.0
755.0
74.7
12.3
77.3
431.0
177.0
393.0
415.0
177.0
455.0
30.0
276.0
847.0
370.0
97.1
724.0
181.0
648.0
579.0
593.0
289.0
306.0
591.0
450.0
173.0
190.0
113.0
1420.0
298.0
121.0
167.0
569.0
118.0
141.0
85.4
303.0
1260.0
272.0
159.0
661.0
179.0
346.0
194.0
164.0
244.0
213.0
258.0
1300.0
46.8
56.3
281.0
370.0
157.0
232.0
618.0
443.0
333.0
159.0
208.0
401.0
600.0
76.5
723.0
470.0
110.0
158.0
291.0
49.5
328.0
560.0
581.0
714.0
198.0
132.0
166.0
483.0
303.0
15.7
13.8
9.06
658.0
277.0
192.0
1230.0
97.9
187.0
786.0
555.0
634.0
252.0
365.0
480.0
157.0
340.0
577.0
1670.0
10.3
124.0
440.0
455.0
840.0
91.0
138.0
750.0
289.0
512.0
609.0
101.0
192.0
28.8
154.0
6.67
291.0
959.0
200.0
94.6
194.0
280.0
41.3
482.0
474.0
405.0
385.0
853.0
258.0
328.0
779.0
134.0
820.0
368.0
663.0
177.0
193.0
240.0
1460.0
108.0
183.0
1070.0
209.0
561.0
174.0
714.0
346.0
0.3
84.6
184.0
225.0
30.1
151.0
586.0
14.4
168.0
117.0
518.0
678.0
403.0
356.0
121.0
933.0
236.0
776.0
139.0
253.0
165.0
185.0
338.0
745.0
205.0
53.9
497.0
40.4
69.1
252.0
335.0
204.0
719.0
572.0
167.0
191.0
240.0
158.0
799.0
446.0
329.0
300.0
291.0
241.0
269.0
14.9
184.0
274.0
559.0
914.0
680.0
754.0
345.0
603.0
946.0
258.0
212.0
264.0
232.0
149.0
147.0
744.0
145.0
107.0
194.0
760.0
40.3
173.0
632.0
449.0
488.0
442.0
670.0
402.0
231.0
293.0
134.0
856.0
139.0
630.0
612.0
73.7
180.0
1970.0
400.0
463.0
462.0
331.0
219.0
1530.0
296.0
479.0
176.0
923.0
849.0
1080.0
246.0
315.0
993.0
170.0
795.0
275.0
138.0
367.0
268.0
261.0
142.0
1640.0
90.0
520.0
92.4
344.0
129.0
109.0
121.0
163.0
115.0
150.0
142.0
97.8
229.0
1420.0
209.0
1270.0
610.0
734.0
354.0
534.0
233.0
309.0
244.0
373.0
471.0
156.0
170.0
398.0
586.0
617.0
1010.0
1510.0
248.0
143.0
137.0
224.0
431.0
352.0
517.0
133.0
631.0
639.0
647.0
1100.0
637.0
588.0
154.0
1220.0
380.0
299.0
129.0
402.0
39.2
278.0
220.0
86.6
11.8
286.0
5.06
623.0
728.0
421.0
172.0
445.0
1010.0
371.0
61.9
635.0
47.0
501.0
70.6
349.0
464.0
168.0
74.4
436.0
263.0
140.0
539.0
740.0
385.0
2590.0
65.8
317.0
420.0
55.3
156.0
765.0
672.0
599.0
1080.0
202.0
242.0
33.1
363.0
194.0
85.1
722.0
128.0
177.0
231.0
1080.0
971.0
80.2
808.0
857.0
466.0
198.0
892.0
217.0
943.0
1050.0
588.0
713.0
132.0
560.0
326.0
605.0
70.8
1220.0
1230.0
378.0
230.0
20.4
376.0
97.8
431.0
163.0
362.0
257.0
163.0
1.24
317.0
475.0
516.0
158.0
878.0
1250.0
336.0
253.0
367.0
398.0
189.0
234.0
117.0
596.0
204.0
423.0
680.0
238.0
94.7
132.0
550.0
678.0
406.0
132.0
423.0
133.0
182.0
659.0
158.0
170.0
587.0
147.0
114.0
84.0
191.0
27.2
174.0
549.0
238.0
330.0
434.0
46.6
1450.0
498.0
291.0
77.7
427.0
417.0
366.0
39.5
209.0
98.7
315.0
214.0
408.0
172.0
235.0
131.0
362.0
105.0
4.68
143.0
583.0
415.0
536.0
393.0
822.0
174.0
8.74
238.0
312.0
238.0
840.0
635.0
390.0
249.0
219.0
74.2
326.0
333.0
1790.0
40.0
646.0
119.0
121.0
409.0
205.0
378.0
370.0
785.0
677.0
141.0
245.0
311.0
439.0
318.0
1710.0
127.0
165.0
20.5
308.0
128.0
861.0
860.0
266.0
425.0
435.0
255.0
411.0
566.0
959.0
802.0
497.0
353.0
195.0
911.0
746.0
475.0
338.0
767.0
374.0
63.7
19.1
113.0
313.0
237.0
375.0
222.0
69.5
18.6
688.0
322.0
1090.0
613.0
85.9
204.0
522.0
556.0
404.0
34.7
215.0
156.0
12.1
828.0
18.3
216.0
148.0
248.0
218.0
665.0
1390.0
236.0
1130.0
292.0
989.0
190.0
319.0
599.0
608.0
314.0
350.0
229.0
438.0
393.0
97.0
362.0
589.0
401.0
730.0
1040.0
280.0
560.0
246.0
569.0
321.0
31.7
366.0
318.0
1470.0
263.0
998.0
399.0
431.0
317.0
119.0
195.0
259.0
362.0
240.0
183.0
637.0
168.0
88.0
266.0
55.3
67.2
419.0
70.9
167.0
281.0
1080.0
149.0
1060.0
98.5
1330.0
510.0
596.0
349.0
413.0
43.4
279.0
452.0
814.0
462.0
141.0
583.0
91.9
113.0
658.0
2510.0
553.0
428.0
121.0
217.0
535.0
1090.0
16.6
55.6
356.0
298.0
720.0
102.0
23.0
57.8
409.0
664.0
845.0
248.0
626.0
122.0
155.0
358.0
34.0
210.0
515.0
524.0
356.0
369.0
825.0
592.0
647.0
697.0
752.0
128.0
1070.0
183.0
0.0757
162.0
278.0
395.0
582.0
391.0
192.0
32.4
534.0
134.0
139.0
268.0
121.0
57.9
229.0
297.0
309.0
182.0
956.0
258.0
375.0
117.0
42.5
150.0
198.0
46.0
462.0
465.0
755.0
286.0
963.0
397.0
12.6
376.0
270.0
500.0
598.0
454.0
1130.0
2020.0
131.0
204.0
100.0
42.1
83.1
126.0
145.0
536.0
356.0
268.0
560.0
934.0
408.0
270.0
112.0
45.6
393.0
212.0
96.7
391.0
19.8
163.0
575.0
122.0
95.6
1270.0
564.0
676.0
196.0
247.0
597.0
449.0
836.0
1100.0
1200.0
82.7
285.0
241.0
191.0
98.4
203.0
189.0
172.0
167.0
245.0
31.2
416.0
460.0
237.0
890.0
355.0
833.0
193.0
211.0
139.0
63.2
115.0
49.7
58.7
196.0
246.0
187.0
102.0
284.0
506.0
201.0
12.7
934.0
147.0
113.0
196.0
310.0
358.0
123.0
679.0
174.0
1190.0
277.0
193.0
257.0
302.0
955.0
346.0
175.0
426.0
188.0
1010.0
32.5
79.6
133.0
218.0
298.0
557.0
713.0
660.0
207.0
32.4
260.0
269.0
325.0
77.9
750.0
268.0
9.7
11.5
258.0
510.0
306.0
995.0
1170.0
76.4
663.0
569.0
106.0
492.0
513.0
257.0
55.6
5.38
590.0
102.0
311.0
373.0
645.0
96.6
681.0
77.0
266.0
744.0
994.0
151.0
242.0
669.0
690.0
14.0
263.0
529.0
231.0
158.0
370.0
157.0
195.0
63.7
115.0
134.0
23.0
234.0
394.0
107.0
480.0
1340.0
592.0
1060.0
46.8
68.3
262.0
480.0
280.0
110.0
834.0
179.0
167.0
644.0
318.0
302.0
469.0
402.0
894.0
375.0
846.0
95.2
450.0
358.0
499.0
1060.0
307.0
42.8
489.0
130.0
81.9
815.0
929.0
335.0
489.0
126.0
95.1
140.0
1040.0
196.0
51.0
68.0
620.0
961.0
80.5
179.0
72.6
173.0
368.0
70.3
368.0
113.0
504.0
867.0
1540.0
30.5
178.0
198.0
1380.0
293.0
1010.0
423.0
1000.0
229.0
483.0
25.4
599.0
4.2
512.0
359.0
387.0
6.8
54.8
403.0
1030.0
156.0
116.0
15.9
123.0
183.0
433.0
63.9
62.4
301.0
331.0
796.0
715.0
857.0
444.0
844.0
1180.0
165.0
1230.0
9.93
253.0
293.0
237.0
93.1
439.0
254.0
46.5
568.0
367.0
497.0
229.0
1.01
58.2
534.0
437.0
415.0
686.0
416.0
417.0
126.0
357.0
468.0
570.0
14.0
626.0
320.0
76.9
260.0
150.0
329.0
396.0
509.0
852.0
526.0
628.0
85.8
0.261
351.0
79.4
368.0
438.0
848.0
231.0
400.0
176.0
288.0
213.0
160.0
163.0
442.0
997.0
627.0
218.0
345.0
123.0
156.0
120.0
1170.0
47.0
621.0
191.0
74.7
128.0
83.8
557.0
287.0
57.5
136.0
430.0
1220.0
669.0
298.0
555.0
156.0
611.0
15.7
333.0
824.0
165.0
223.0
216.0
83.4
701.0
245.0
598.0
720.0
503.0
93.6
687.0
17.1
366.0
37.7
735.0
408.0
240.0
630.0
1260.0
285.0
68.4
746.0
606.0
880.0
465.0
107.0
207.0
325.0
450.0
195.0
247.0
330.0
189.0
258.0
112.0
502.0
79.8
52.8
628.0
126.0
644.0
465.0
54.1
75.9
97.0
618.0
153.0
443.0
788.0
229.0
81.4
376.0
77.6
1020.0
183.0
498.0
230.0
377.0
281.0
315.0
155.0
738.0
1060.0
1060.0
234.0
334.0
625.0
352.0
363.0
649.0
85.3
72.4
1380.0
639.0
266.0
410.0
552.0
1110.0
59.1
1480.0
569.0
96.1
931.0
191.0
481.0
1630.0
941.0
282.0
305.0
133.0
114.0
343.0
694.0
142.0
190.0
133.0
162.0
584.0
1070.0
478.0
312.0
113.0
149.0
172.0
138.0
308.0
257.0
11.6
959.0
99.6
725.0
452.0
136.0
186.0
4.86
526.0
213.0
512.0
506.0
88.3
1170.0
166.0
220.0
582.0
2040.0
258.0
99.7
157.0
198.0
250.0
1500.0
212.0
114.0
540.0
777.0
30.8
540.0
1410.0
12.9
361.0
454.0
1350.0
40.6
684.0
39.3
133.0
160.0
768.0
859.0
215.0
291.0
893.0
295.0
506.0
22.4
288.0
910.0
609.0
956.0
877.0
163.0
271.0
359.0
782.0
740.0
323.0
181.0
1590.0
2270.0
95.6
374.0
239.0
1560.0
97.2
943.0
320.0
112.0
304.0
756.0
122.0
138.0
74.2
647.0
63.7
339.0
823.0
207.0
174.0
1140.0
441.0
165.0
647.0
1140.0
977.0
964.0
26.9
246.0
262.0
185.0
400.0
69.2
104.0
874.0
874.0
480.0
280.0
1430.0
1420.0
135.0
286.0
759.0
224.0
498.0
359.0
1050.0
629.0
1980.0
145.0
1250.0
276.0
759.0
180.0
24.3
985.0
429.0
247.0
125.0
175.0
21.4
400.0
493.0
315.0
512.0
219.0
104.0
101.0
360.0
94.9
959.0
230.0
950.0
144.0
221.0
101.0
367.0
1090.0
66.0
463.0
302.0
242.0
346.0
642.0
168.0
145.0
99.4
104.0
392.0
154.0
113.0
426.0
101.0
11.0
126.0
143.0
515.0
64.6
516.0
369.0
215.0
531.0
567.0
155.0
92.2
168.0
332.0
1380.0
1700.0
1600.0
512.0
301.0
853.0
659.0
314.0
216.0
1180.0
199.0
4680.0
1370.0
362.0
220.0
376.0
189.0
232.0
1170.0
309.0
85.3
139.0
313.0
931.0
633.0
487.0
815.0
543.0
296.0
272.0
705.0
841.0
1010.0
110.0
192.0
754.0
188.0
510.0
225.0
316.0
112.0
93.6
205.0
153.0
292.0
479.0
401.0
483.0
59.6
551.0
431.0
487.0
167.0
165.0
157.0
934.0
417.0
880.0
1630.0
161.0
27.0
451.0
176.0
33.1
647.0
504.0
85.2
455.0
176.0
239.0
225.0
665.0
960.0
572.0
143.0
431.0
684.0
487.0
1090.0
213.0
352.0
466.0
242.0
619.0
116.0
381.0
511.0
33.0
462.0
250.0
257.0
148.0
6.97
570.0
566.0
509.0
461.0
489.0
99.7
34.4
215.0
137.0
183.0
751.0
286.0
168.0
534.0
449.0
280.0
170.0
70.7
1740.0
340.0
346.0
114.0
59.2
391.0
581.0
166.0
246.0
306.0
324.0
227.0
199.0
1250.0
179.0
375.0
290.0
253.0
388.0
183.0
68.7
603.0
364.0
470.0
125.0
111.0
261.0
23.2
97.0
168.0
992.0
202.0
467.0
340.0
304.0
96.6
1450.0
295.0
158.0
196.0
254.0
192.0
933.0
216.0
526.0
74.1
711.0
1170.0
96.4
117.0
1140.0
650.0
636.0
704.0
1370.0
122.0
113.0
95.4
344.0
90.5
63.1
1020.0
74.8
381.0
488.0
619.0
484.0
256.0
697.0
88.9
393.0
120.0
4.6
359.0
84.7
68.8
515.0
202.0
118.0
400.0
391.0
115.0
405.0
197.0
274.0
201.0
185.0
208.0
872.0
227.0
213.0
581.0
755.0
117.0
214.0
477.0
74.9
98.6
210.0
1340.0
200.0
220.0
981.0
107.0
304.0
881.0
35.0
395.0
147.0
6.74
739.0
314.0
87.9
556.0
376.0
269.0
80.3
571.0
483.0
117.0
239.0
271.0
689.0
233.0
453.0
499.0
591.0
511.0
41.5
860.0
826.0
925.0
2210.0
29.1
43.8
174.0
1080.0
510.0
1640.0
45.8
586.0
102.0
862.0
720.0
309.0
77.1
547.0
292.0
445.0
14.0
95.6
329.0
696.0
106.0
165.0
14.4
552.0
1010.0
297.0
51.0
17.7
378.0
12.8
115.0
235.0
96.8
824.0
409.0
736.0
1090.0
116.0
230.0
67.8
261.0
164.0
70.5
89.0
531.0
208.0
137.0
445.0
189.0
401.0
98.0
810.0
461.0
202.0
742.0
409.0
310.0
19.7
161.0
701.0
1340.0
185.0
401.0
50.2
557.0
432.0
547.0
264.0
821.0
346.0
370.0
156.0
220.0
1770.0
743.0
301.0
410.0
105.0
561.0
71.1
64.1
283.0
514.0
2.61
1580.0
265.0
452.0
936.0
1420.0
183.0
697.0
104.0
267.0
379.0
0.438
197.0
845.0
249.0
169.0
112.0
126.0
1070.0
134.0
141.0
222.0
163.0
553.0
1680.0
79.4
1780.0
10.6
1000.0
129.0
681.0
107.0
419.0
210.0
723.0
129.0
70.1
576.0
265.0
108.0
52.0
357.0
610.0
223.0
586.0
404.0
10.2
133.0
1550.0
41.3
406.0
391.0
131.0
251.0
342.0
511.0
226.0
25.9
474.0
811.0
1690.0
416.0
454.0
403.0
33.0
189.0
982.0
125.0
321.0
408.0
724.0
895.0
97.8
108.0
109.0
459.0
122.0
1120.0
132.0
813.0
384.0
190.0
411.0
340.0
275.0
267.0
181.0
128.0
435.0
112.0
655.0
1200.0
380.0
332.0
182.0
813.0
653.0
481.0
228.0
1290.0
637.0
222.0
907.0
187.0
184.0
2690.0
161.0
333.0
1080.0
209.0
140.0
376.0
373.0
260.0
325.0
1280.0
305.0
154.0
59.5
105.0
122.0
883.0
170.0
250.0
136.0
443.0
714.0
211.0
188.0
774.0
525.0
467.0
538.0
70.7
273.0
83.2
295.0
1090.0
46.3
894.0
130.0
269.0
69.4
709.0
293.0
413.0
216.0
32.5
372.0
295.0
374.0
306.0
213.0
22.9
248.0
169.0
1120.0
252.0
107.0
8.55
242.0
129.0
251.0
126.0
9.57
192.0
304.0
305.0
524.0
779.0
1440.0
179.0
1160.0
195.0
143.0
540.0
479.0
78.9
185.0
89.9
1230.0
398.0
346.0
333.0
240.0
1.53
1.07
187.0
774.0
211.0
1360.0
952.0
21.9
36.6
466.0
737.0
259.0
332.0
102.0
95.5
185.0
255.0
401.0
86.7
562.0
592.0
460.0
150.0
627.0
136.0
1430.0
3.14
800.0
292.0
406.0
1800.0
444.0
252.0
242.0
285.0
729.0
289.0
308.0
199.0
56.6
450.0
578.0
329.0
1260.0
71.4
514.0
111.0
55.2
304.0
150.0
225.0
292.0
473.0
923.0
301.0
680.0
93.9
119.0
80.6
601.0
97.6
962.0
455.0
434.0
350.0
59.8
1.35
254.0
1020.0
546.0
1040.0
385.0
728.0
908.0
92.4
16.6
1050.0
210.0
235.0
99.8
806.0
218.0
136.0
348.0
387.0
242.0
392.0
461.0
64.4
18.3
58.8
556.0
122.0
221.0
227.0
275.0
462.0
670.0
1980.0
579.0
1280.0
236.0
227.0
109.0
8970.0
218.0
236.0
379.0
308.0
487.0
1260.0
262.0
801.0
298.0
508.0
350.0
119.0
113.0
204.0
183.0
16.3
108.0
83.0
117.0
299.0
421.0
1870.0
1090.0
220.0
116.0
8.94
384.0
543.0
447.0
288.0
602.0
290.0
111.0
86.1
1100.0
496.0
210.0
241.0
15.1
2.34
941.0
985.0
190.0
69.7
1210.0
381.0
526.0
15.4
493.0
362.0
273.0
38.7
376.0
624.0
960.0
210.0
147.0
937.0
283.0
367.0
973.0
507.0
173.0
584.0
326.0
263.0
140.0
60.6
116.0
143.0
300.0
1120.0
888.0
15.7
9.73
443.0
253.0
369.0
560.0
275.0
178.0
1040.0
381.0
436.0
15.3
1710.0
863.0
1370.0
142.0
86.6
108.0
286.0
244.0
232.0
942.0
294.0
178.0
197.0
159.0
457.0
557.0
533.0
161.0
48.8
1800.0
1060.0
332.0
626.0
1720.0
284.0
308.0
763.0
158.0
111.0
1730.0
156.0
1460.0
0.567
226.0
256.0
554.0
745.0
361.0
248.0
60.7
686.0
1800.0
790.0
241.0
414.0
664.0
214.0
221.0
1020.0
511.0
1140.0
88.0
320.0
293.0
1190.0
9.69
669.0
363.0
115.0
101.0
331.0
128.0
438.0
735.0
363.0
97.1
151.0
32.7
751.0
244.0
388.0
768.0
928.0
386.0
240.0
389.0
472.0
619.0
1470.0
294.0
152.0
299.0
118.0
131.0
829.0
211.0
1180.0
1030.0
791.0
29.2
486.0
55.0
408.0
282.0
159.0
1120.0
397.0
1150.0
292.0
1600.0
478.0
677.0
9.43
215.0
1970.0
989.0
300.0
127.0
106.0
367.0
266.0
390.0
843.0
1050.0
1620.0
506.0
95.9
625.0
1110.0
266.0
459.0
163.0
628.0
443.0
588.0
1210.0
410.0
307.0
146.0
523.0
82.5
345.0
807.0
19.7
498.0
723.0
294.0
178.0
904.0
161.0
989.0
712.0
289.0
1180.0
615.0
111.0
218.0
992.0
437.0
10.1
161.0
590.0
116.0
291.0
163.0
283.0
858.0
97.2
191.0
205.0
507.0
236.0
153.0
246.0
115.0
85.2
146.0
157.0
1430.0
1420.0
404.0
120.0
104.0
902.0
395.0
508.0
30.9
94.6
422.0
501.0
215.0
470.0
209.0
353.0
180.0
31.9
798.0
453.0
206.0
486.0
108.0
294.0
443.0
414.0
322.0
1360.0
1410.0
85.9
333.0
276.0
900.0
477.0
296.0
409.0
7.71
278.0
500.0
901.0
137.0
250.0
89.8
103.0
173.0
139.0
311.0
51.5
503.0
161.0
491.0
618.0
398.0
129.0
106.0
175.0
379.0
265.0
264.0
342.0
1360.0
353.0
768.0
748.0
186.0
1160.0
97.5
184.0
129.0
632.0
195.0
593.0
126.0
774.0
136.0
295.0
103.0
268.0
106.0
1750.0
826.0
400.0
316.0
444.0
101.0
453.0
82.9
276.0
4.63
79.9
83.9
556.0
88.5
852.0
164.0
1250.0
555.0
825.0
311.0
192.0
57.0
1170.0
410.0
494.0
114.0
809.0
1030.0
1910.0
349.0
1190.0
988.0
4.01
1010.0
222.0
497.0
481.0
565.0
49.7
125.0
261.0
225.0
334.0
325.0
113.0
1110.0
349.0
593.0
308.0
40.2
1050.0
647.0
406.0
418.0
243.0
153.0
514.0
547.0
949.0
339.0
118.0
544.0
724.0
364.0
251.0
218.0
96.0
122.0
89.8
636.0
284.0
200.0
247.0
730.0
290.0
344.0
142.0
511.0
296.0
272.0
308.0
214.0
1110.0
324.0
600.0
217.0
2020.0
236.0
1.46
498.0
1200.0
6.12
22.2
548.0
791.0
300.0
513.0
76.6
163.0
626.0
400.0
645.0
67.2
536.0
631.0
355.0
186.0
218.0
95.8
508.0
612.0
280.0
1280.0
408.0
179.0
2100.0
67.7
537.0
279.0
631.0
205.0
330.0
648.0
97.4
128.0
154.0
265.0
493.0
1300.0
347.0
754.0
528.0
557.0
294.0
143.0
103.0
586.0
95.4
97.3
325.0
132.0
211.0
295.0
410.0
386.0
537.0
286.0
340.0
292.0
353.0
270.0
79.1
223.0
305.0
571.0
1020.0
762.0
121.0
172.0
110.0
221.0
603.0
462.0
415.0
189.0
409.0
158.0
501.0
436.0
161.0
132.0
162.0
1250.0
214.0
133.0
373.0
513.0
239.0
172.0
161.0
226.0
276.0
13.4
35.0
409.0
234.0
183.0
348.0
1690.0
231.0
379.0
47.4
216.0
617.0
697.0
473.0
82.5
227.0
105.0
510.0
231.0
1110.0
415.0
736.0
152.0
281.0
1490.0
31.6
628.0
622.0
155.0
1550.0
8.4
280.0
458.0
34.4
561.0
922.0
620.0
98.3
441.0
192.0
304.0
652.0
178.0
245.0
82.1
379.0
627.0
109.0
1710.0
480.0
485.0
304.0
393.0
205.0
664.0
224.0
562.0
128.0
527.0
233.0
412.0
166.0
421.0
1240.0
62.0
258.0
346.0
457.0
285.0
164.0
2.52
203.0
568.0
117.0
43.1
321.0
266.0
382.0
300.0
139.0
683.0
30.5
593.0
56.1
648.0
376.0
340.0
393.0
555.0
138.0
566.0
129.0
165.0
213.0
1270.0
236.0
356.0
367.0
31.0
397.0
426.0
230.0
300.0
86.1
487.0
266.0
136.0
105.0
64.5
514.0
224.0
69.9
224.0
462.0
264.0
147.0
102.0
130.0
520.0
147.0
637.0
304.0
681.0
156.0
986.0
523.0
793.0
141.0
11.2
132.0
988.0
513.0
746.0
411.0
508.0
182.0
210.0
362.0
384.0
248.0
403.0
291.0
430.0
306.0
529.0
130.0
1210.0
58.6
669.0
519.0
103.0
197.0
274.0
527.0
210.0
66.9
595.0
418.0
0.256
31.0
138.0
96.6
114.0
665.0
85.9
534.0
357.0
288.0
254.0
882.0
149.0
231.0
53.7
170.0
565.0
1410.0
411.0
117.0
278.0
308.0
319.0
183.0
480.0
605.0
73.2
982.0
36.5
46.7
89.6
495.0
557.0
6.07
183.0
295.0
168.0
194.0
505.0
1080.0
231.0
499.0
203.0
672.0
151.0
398.0
556.0
17.4
118.0
245.0
426.0
255.0
823.0
274.0
213.0
81.2
1220.0
324.0
275.0
308.0
256.0
640.0
339.0
240.0
221.0
286.0
216.0
116.0
250.0
144.0
119.0
192.0
332.0
912.0
99.2
619.0
93.8
371.0
661.0
142.0
144.0
475.0
394.0
225.0
4.38
78.5
239.0
1520.0
121.0
307.0
545.0
65.9
392.0
725.0
304.0
468.0
675.0
98.6
84.7
935.0
555.0
49.3
211.0
38.2
99.9
185.0
66.2
56.0
312.0
479.0
295.0
395.0
191.0
163.0
249.0
292.0
531.0
312.0
128.0
308.0
447.0
33.7
78.7
68.2
299.0
185.0
803.0
429.0
255.0
459.0
72.3
182.0
342.0
264.0
168.0
442.0
369.0
2.63
104.0
585.0
430.0
164.0
298.0
117.0
492.0
733.0
800.0
137.0
1280.0
169.0
257.0
367.0
663.0
589.0
479.0
93.1
19.5
264.0
1.9
774.0
330.0
225.0
793.0
150.0
33.7
308.0
1600.0
388.0
1090.0
497.0
667.0
1430.0
178.0
617.0
700.0
73.7
138.0
887.0
363.0
370.0
372.0
942.0
184.0
321.0
171.0
1100.0
185.0
496.0
475.0
482.0
306.0
40.3
251.0
539.0
147.0
156.0
231.0
480.0
0.674
443.0
265.0
63.2
713.0
933.0
782.0
103.0
1140.0
327.0
1810.0
696.0
65.4
102.0
223.0
34.8
551.0
326.0
153.0
652.0
19.9
157.0
410.0
510.0
891.0
650.0
774.0
1160.0
322.0
468.0
228.0
375.0
163.0
149.0
885.0
1180.0
178.0
926.0
154.0
80.8
38.2
17.4
212.0
150.0
174.0
311.0
520.0
243.0
197.0
438.0
163.0
77.6
148.0
246.0
87.6
955.0
169.0
317.0
363.0
887.0
492.0
426.0
87.8
352.0
83.2
177.0
688.0
885.0
437.0
351.0
199.0
731.0
320.0
260.0
199.0
86.8
577.0
507.0
217.0
1.68
71.6
1030.0
256.0
91.0
182.0
473.0
1300.0
441.0
820.0
161.0
38.0
194.0
190.0
121.0
15.3
319.0
112.0
51.6
545.0
538.0
799.0
185.0
855.0
599.0
368.0
161.0
515.0
328.0
79.2
365.0
88.8
813.0
135.0
534.0
558.0
1410.0
54.6
76.8
952.0
1210.0
801.0
33.9
82.6
273.0
225.0
1210.0
256.0
179.0
111.0
106.0
45.0
97.9
346.0
81.9
125.0
530.0
538.0
1220.0
369.0
466.0
1090.0
17.9
251.0
657.0
169.0
452.0
71.9
28.8
674.0
189.0
38.7
46.4
143.0
2060.0
975.0
171.0
192.0
80.3
336.0
7.23
122.0
490.0
64.3
588.0
155.0
128.0
1.24
160.0
657.0
444.0
180.0
213.0
402.0
123.0
30.6
213.0
101.0
311.0
208.0
201.0
33.1
760.0
760.0
460.0
3520.0
245.0
253.0
691.0
809.0
280.0
444.0
525.0
146.0
255.0
253.0
639.0
79.9
1690.0
132.0
134.0
134.0
384.0
529.0
561.0
203.0
464.0
1170.0
1040.0
362.0
279.0
135.0
290.0
1180.0
289.0
251.0
203.0
105.0
71.3
618.0
921.0
226.0
589.0
320.0
295.0
275.0
605.0
398.0
326.0
311.0
155.0
1250.0
266.0
290.0
312.0
473.0
89.5
352.0
154.0
210.0
518.0
129.0
292.0
47.4
277.0
190.0
117.0
289.0
419.0
807.0
887.0
658.0
380.0
658.0
622.0
129.0
691.0
203.0
487.0
488.0
42.4
577.0
340.0
923.0
11.5
100.0
59.3
100.0
369.0
38.0
1330.0
416.0
1270.0
427.0
391.0
258.0
404.0
31.7
441.0
188.0
654.0
193.0
245.0
462.0
390.0
581.0
272.0
299.0
212.0
11.9
473.0
46.7
216.0
79.7
98.6
303.0
622.0
590.0
611.0
604.0
780.0
1400.0
101.0
11.5
918.0
521.0
125.0
305.0
283.0
59.8
118.0
120.0
1.55
181.0
1040.0
1.48
157.0
737.0
1160.0
40.0
698.0
143.0
235.0
106.0
691.0
439.0
271.0
464.0
239.0
422.0
140.0
414.0
704.0
298.0
268.0
718.0
1050.0
232.0
198.0
111.0
307.0
193.0
63.9
231.0
127.0
220.0
70.9
70.7
248.0
506.0
115.0
488.0
53.5
74.6
261.0
1050.0
746.0
206.0
558.0
711.0
349.0
76.0
140.0
188.0
152.0
471.0
1330.0
601.0
187.0
399.0
125.0
1490.0
76.3
115.0
841.0
138.0
61.3
244.0
244.0
608.0
254.0
749.0
1160.0
86.0
199.0
203.0
151.0
461.0
383.0
632.0
499.0
24.5
943.0
25.5
44.8
1380.0
787.0
269.0
726.0
213.0
131.0
269.0
119.0
915.0
92.1
567.0
324.0
587.0
171.0
138.0
106.0
1070.0
864.0
1060.0
1500.0
576.0
614.0
499.0
1350.0
435.0
637.0
142.0
77.6
294.0
171.0
688.0
103.0
109.0
464.0
279.0
240.0
394.0
780.0
473.0
509.0
159.0
228.0
90.6
317.0
59.6
207.0
207.0
171.0
96.6
1230.0
2240.0
269.0
807.0
120.0
240.0
299.0
648.0
496.0
611.0
967.0
1230.0
248.0
273.0
572.0
552.0
205.0
434.0
301.0
217.0
60.4
284.0
1800.0
14.8
327.0
295.0
461.0
576.0
671.0
4.11
954.0
85.3
289.0
76.6
91.2
38.1
105.0
711.0
782.0
238.0
25.5
1030.0
16.6
359.0
1360.0
450.0
320.0
160.0
734.0
477.0
328.0
290.0
222.0
561.0
213.0
174.0
1440.0
143.0
474.0
57.1
303.0
103.0
387.0
169.0
577.0
80.9
1280.0
1170.0
280.0
229.0
7.93
407.0
161.0
231.0
555.0
46.0
118.0
168.0
69.7
86.9
309.0
72.8
810.0
135.0
586.0
36.0
1480.0
155.0
210.0
1690.0
90.3
242.0
341.0
1140.0
132.0
265.0
133.0
43.7
384.0
338.0
29.7
505.0
114.0
304.0
359.0
221.0
657.0
573.0
182.0
1180.0
322.0
409.0
326.0
81.6
189.0
844.0
350.0
286.0
316.0
591.0
881.0
572.0
1030.0
238.0
98.2
88.0
956.0
686.0
186.0
637.0
269.0
648.0
34.0
993.0
542.0
430.0
239.0
241.0
693.0
817.0
67.4
584.0
180.0
406.0
309.0
394.0
278.0
88.4
222.0
891.0
55.1
422.0
253.0
169.0
671.0
213.0
185.0
89.5
129.0
407.0
133.0
357.0
87.2
247.0
947.0
158.0
103.0
44.9
494.0
586.0
668.0
117.0
1530.0
541.0
691.0
227.0
166.0
122.0
23.7
17.1
2280.0
75.7
284.0
261.0
689.0
114.0
731.0
316.0
946.0
60.0
445.0
287.0
89.9
184.0
122.0
332.0
450.0
420.0
448.0
365.0
737.0
228.0
276.0
384.0
493.0
520.0
41.9
89.9
340.0
423.0
563.0
379.0
212.0
151.0
64.0
569.0
129.0
174.0
142.0
229.0
209.0
107.0
1670.0
329.0
290.0
886.0
607.0
588.0
54.4
85.7
107.0
941.0
1050.0
459.0
1630.0
317.0
104.0
781.0
387.0
106.0
274.0
7.29
415.0
249.0
157.0
196.0
170.0
907.0
495.0
495.0
495.0
528.0
375.0
25.6
743.0
586.0
84.5
846.0
77.0
201.0
620.0
285.0
516.0
91.3
393.0
287.0
301.0
249.0
390.0
418.0
686.0
147.0
370.0
895.0
512.0
74.3
178.0
174.0
314.0
3.91
226.0
311.0
332.0
181.0
430.0
828.0
44.5
149.0
331.0
257.0
1680.0
144.0
271.0
155.0
309.0
34.0
209.0
24.0
198.0
223.0
859.0
684.0
2.94
698.0
258.0
548.0
221.0
127.0
156.0
295.0
300.0
255.0
432.0
152.0
118.0
522.0
176.0
324.0
6.19
199.0
685.0
9.87
128.0
109.0
1160.0
84.6
238.0
784.0
11.5
363.0
137.0
496.0
460.0
516.0
176.0
443.0
212.0
357.0
616.0
289.0
478.0
475.0
421.0
1220.0
223.0
415.0
413.0
972.0
695.0
1180.0
748.0
652.0
101.0
355.0
224.0
286.0
144.0
659.0
450.0
805.0
526.0
514.0
188.0
198.0
639.0
788.0
466.0
576.0
586.0
121.0
272.0
99.4
554.0
1040.0
116.0
167.0
464.0
172.0
343.0
307.0
138.0
181.0
394.0
1160.0
755.0
312.0
234.0
815.0
454.0
120.0
54.3
1620.0
290.0
603.0
156.0
528.0
112.0
96.5
689.0
76.1
525.0
665.0
86.5
210.0
296.0
258.0
184.0
343.0
461.0
5.86
301.0
359.0
150.0
105.0
1800.0
378.0
178.0
163.0
257.0
522.0
336.0
930.0
448.0
104.0
7790.0
116.0
1050.0
130.0
754.0
293.0
733.0
287.0
1700.0
16.2
503.0
487.0
1410.0
3.82
437.0
527.0
363.0
55.2
375.0
213.0
303.0
199.0
67.6
632.0
281.0
70.4
834.0
345.0
556.0
89.3
399.0
288.0
69.7
1280.0
610.0
537.0
260.0
32.4
72.0
1180.0
832.0
216.0
85.1
68.5
502.0
419.0
228.0
392.0
183.0
118.0
94.6
511.0
69.9
642.0
254.0
791.0
1090.0
71.1
238.0
715.0
318.0
890.0
218.0
379.0
615.0
1580.0
106.0
293.0
256.0
274.0
628.0
118.0
140.0
358.0
1350.0
118.0
12.8
1070.0
220.0
242.0
131.0
163.0
87.0
741.0
270.0
194.0
311.0
45.7
685.0
37.7
328.0
714.0
1510.0
285.0
266.0
72.8
278.0
560.0
718.0
268.0
160.0
206.0
137.0
317.0
1690.0
382.0
872.0
436.0
42.9
485.0
824.0
155.0
88.6
350.0
744.0
1360.0
1020.0
400.0
135.0
254.0
1190.0
149.0
145.0
41.7
177.0
1090.0
50.4
1110.0
94.3
542.0
27.8
641.0
722.0
236.0
391.0
171.0
896.0
727.0
604.0
136.0
0.303
195.0
325.0
45.0
69.3
196.0
162.0
849.0
206.0
171.0
845.0
126.0
96.2
372.0
295.0
69.0
303.0
256.0
188.0
143.0
458.0
120.0
690.0
641.0
130.0
986.0
568.0
337.0
95.4
143.0
104.0
156.0
183.0
444.0
924.0
606.0
7.74
414.0
805.0
221.0
962.0
38.0
60.3
598.0
931.0
545.0
128.0
702.0
173.0
160.0
64.3
8.27
300.0
181.0
238.0
991.0
87.1
416.0
699.0
109.0
227.0
1050.0
277.0
23.0
310.0
165.0
260.0
147.0
150.0
945.0
579.0
626.0
810.0
438.0
194.0
708.0
941.0
295.0
237.0
70.9
490.0
542.0
222.0
139.0
308.0
214.0
361.0
166.0
2790.0
269.0
168.0
353.0
387.0
78.6
804.0
874.0
99.3
1580.0
361.0
688.0
509.0
323.0
7.22
784.0
391.0
710.0
816.0
116.0
433.0
228.0
148.0
950.0
841.0
573.0
301.0
67.0
534.0
457.0
108.0
857.0
566.0
1290.0
157.0
266.0
502.0
224.0
63.8
830.0
1050.0
428.0
665.0
465.0
29.5
739.0
64.3
42.8
177.0
627.0
200.0
140.0
277.0
254.0
182.0
440.0
139.0
133.0
368.0
257.0
1000.0
204.0
638.0
102.0
217.0
507.0
34.7
183.0
348.0
456.0
140.0
28.6
327.0
585.0
114.0
263.0
188.0
863.0
135.0
70.1
1080.0
0.494
240.0
596.0
124.0
179.0
65.2
892.0
154.0
136.0
212.0
678.0
93.6
365.0
168.0
789.0
202.0
8.22
568.0
450.0
3.97
179.0
300.0
357.0
32.7
442.0
27.8
203.0
558.0
890.0
814.0
21.9
297.0
635.0
197.0
73.6
258.0
57.0
604.0
600.0
129.0
147.0
108.0
447.0
465.0
386.0
117.0
210.0
86.6
1050.0
109.0
171.0
205.0
525.0
409.0
425.0
84.1
620.0
668.0
322.0
58.8
42.6
835.0
190.0
148.0
16.8
124.0
138.0
522.0
480.0
912.0
171.0
156.0
159.0
12.0
514.0
801.0
17.6
248.0
294.0
1200.0
636.0
558.0
99.5
946.0
288.0
209.0
623.0
194.0
248.0
236.0
577.0
224.0
491.0
611.0
106.0
625.0
53.8
577.0
261.0
16.1
1480.0
664.0
88.5
1020.0
2020.0
563.0
257.0
57.3
750.0
72.6
188.0
220.0
1020.0
340.0
486.0
45.9
433.0
642.0
116.0
107.0
967.0
350.0
108.0
159.0
599.0
157.0
1090.0
300.0
1.53
484.0
135.0
208.0
104.0
930.0
631.0
636.0
93.8
417.0
245.0
1280.0
593.0
69.2
33.8
732.0
177.0
261.0
235.0
134.0
88.3
349.0
72.5
1090.0
409.0
157.0
1760.0
401.0
466.0
295.0
284.0
41.4
445.0
166.0
1120.0
195.0
258.0
277.0
565.0
270.0
8.81
215.0
204.0
172.0
227.0
646.0
220.0
547.0
239.0
492.0
205.0
68.7
1680.0
569.0
327.0
164.0
227.0
864.0
337.0
304.0
554.0
55.6
696.0
248.0
662.0
967.0
228.0
282.0
166.0
685.0
325.0
136.0
587.0
183.0
406.0
708.0
207.0
1870.0
428.0
44.0
627.0
347.0
121.0
159.0
830.0
285.0
308.0
143.0
35.2
977.0
9.28
760.0
723.0
197.0
222.0
729.0
472.0
73.6
1000.0
112.0
233.0
253.0
372.0
45.0
233.0
311.0
1400.0
54.2
724.0
306.0
163.0
358.0
690.0
638.0
99.1
993.0
1040.0
151.0
1170.0
101.0
453.0
179.0
216.0
218.0
485.0
207.0
1460.0
505.0
490.0
258.0
30.9
223.0
393.0
739.0
240.0
580.0
174.0
615.0
244.0
570.0
157.0
288.0
91.9
484.0
479.0
137.0
170.0
2.73
123.0
484.0
41.8
671.0
848.0
230.0
170.0
286.0
189.0
2.02
434.0
683.0
647.0
538.0
307.0
185.0
498.0
338.0
884.0
815.0
695.0
188.0
115.0
312.0
105.0
344.0
295.0
34.3
179.0
106.0
88.2
5.01
0.888
552.0
111.0
246.0
32.1
694.0
586.0
144.0
410.0
103.0
92.1
107.0
182.0
124.0
1750.0
121.0
389.0
54.5
271.0
463.0
196.0
707.0
351.0
332.0
86.7
753.0
546.0
525.0
330.0
289.0
179.0
593.0
51.2
1080.0
159.0
863.0
89.1
180.0
417.0
603.0
163.0
95.7
13.2
85.8
160.0
657.0
145.0
90.8
226.0
93.9
417.0
192.0
161.0
159.0
14.1
804.0
186.0
43.0
524.0
557.0
240.0
1090.0
204.0
7.75
491.0
622.0
43.8
287.0
212.0
182.0
835.0
321.0
687.0
410.0
386.0
753.0
289.0
86.5
134.0
167.0
1540.0
1020.0
1250.0
402.0
383.0
191.0
619.0
234.0
219.0
145.0
154.0
67.1
170.0
470.0
678.0
232.0
152.0
326.0
143.0
1450.0
446.0
552.0
114.0
173.0
1030.0
114.0
1160.0
142.0
1360.0
871.0
227.0
37.4
691.0
752.0
229.0
186.0
1000.0
130.0
322.0
355.0
1.49
560.0
129.0
336.0
306.0
267.0
269.0
70.8
932.0
263.0
1030.0
319.0
3.68
331.0
86.6
71.3
430.0
368.0
23.7
51.8
196.0
1860.0
311.0
74.4
296.0
154.0
161.0
462.0
43.1
92.2
1030.0
596.0
429.0
57.0
261.0
210.0
997.0
91.2
698.0
435.0
233.0
216.0
996.0
634.0
222.0
151.0
1.55
157.0
369.0
70.2
161.0
377.0
21.8
997.0
352.0
826.0
181.0
99.7
154.0
292.0
363.0
938.0
177.0
295.0
106.0
581.0
105.0
61.1
158.0
103.0
770.0
196.0
105.0
315.0
509.0
380.0
1050.0
312.0
806.0
244.0
852.0
652.0
142.0
8.71
599.0
299.0
1390.0
1190.0
105.0
150.0
361.0
5.31
279.0
57.5
351.0
789.0
172.0
871.0
76.7
725.0
83.2
867.0
408.0
453.0
102.0
225.0
669.0
522.0
275.0
184.0
143.0
732.0
319.0
533.0
824.0
144.0
250.0
981.0
449.0
627.0
127.0
241.0
319.0
334.0
1130.0
224.0
1100.0
0.051
724.0
407.0
167.0
145.0
252.0
318.0
138.0
87.7
434.0
676.0
348.0
309.0
106.0
695.0
649.0
105.0
155.0
826.0
337.0
234.0
226.0
230.0
198.0
32.5
1540.0
74.4
1800.0
828.0
1060.0
176.0
36.4
56.4
219.0
215.0
1100.0
626.0
205.0
354.0
63.5
423.0
834.0
86.4
59.3
461.0
808.0
213.0
378.0
343.0
113.0
994.0
579.0
853.0
623.0
418.0
870.0
2050.0
212.0
288.0
426.0
158.0
3.33
1380.0
225.0
1000.0
181.0
449.0
29.7
610.0
1120.0
90.0
69.1
91.6
1050.0
138.0
408.0
109.0
413.0
86.5
605.0
78.6
200.0
1260.0
134.0
268.0
132.0
421.0
205.0
721.0
343.0
132.0
481.0
704.0
155.0
495.0
316.0
256.0
288.0
1600.0
59.0
106.0
623.0
409.0
216.0
919.0
491.0
840.0
292.0
202.0
249.0
91.8
119.0
635.0
345.0
461.0
76.5
601.0
924.0
53.0
1160.0
305.0
96.1
320.0
127.0
704.0
114.0
896.0
624.0
128.0
1620.0
835.0
126.0
1250.0
288.0
237.0
1750.0
579.0
211.0
192.0
243.0
464.0
484.0
308.0
270.0
148.0
510.0
22.0
127.0
624.0
313.0
224.0
1230.0
25.6
724.0
207.0
471.0
396.0
322.0
40.9
761.0
455.0
240.0
311.0
235.0
524.0
22.3
874.0
843.0
249.0
197.0
182.0
139.0
149.0
324.0
185.0
493.0
542.0
75.2
920.0
1040.0
86.5
1220.0
121.0
363.0
431.0
279.0
516.0
169.0
473.0
265.0
242.0
154.0
352.0
1.73
154.0
453.0
176.0
45.9
414.0
79.1
691.0
38.8
785.0
114.0
339.0
423.0
0.865
107.0
884.0
234.0
90.6
426.0
409.0
66.5
128.0
297.0
426.0
97.2
273.0
1090.0
878.0
139.0
131.0
822.0
397.0
448.0
173.0
21.1
310.0
322.0
382.0
264.0
1340.0
134.0
767.0
475.0
2.25
315.0
672.0
254.0
2060.0
170.0
268.0
203.0
70.2
748.0
2070.0
127.0
141.0
113.0
1430.0
217.0
276.0
989.0
388.0
284.0
589.0
217.0
155.0
103.0
282.0
465.0
997.0
538.0
358.0
491.0
302.0
1080.0
1070.0
852.0
138.0
218.0
212.0
585.0
572.0
345.0
799.0
1660.0
152.0
789.0
223.0
1040.0
257.0
323.0
488.0
334.0
422.0
570.0
239.0
475.0
248.0
289.0
298.0
455.0
239.0
630.0
173.0
268.0
215.0
509.0
221.0
84.3
190.0
198.0
341.0
180.0
215.0
253.0
241.0
17.5
136.0
130.0
271.0
218.0
250.0
389.0
513.0
353.0
1160.0
370.0
291.0
7.5
1.27
0.243
395.0
462.0
192.0
355.0
303.0
80.1
624.0
328.0
750.0
66.7
249.0
459.0
398.0
221.0
330.0
0.867
89.3
168.0
909.0
1360.0
16.8
411.0
231.0
117.0
316.0
481.0
104.0
283.0
125.0
109.0
179.0
263.0
523.0
390.0
120.0
386.0
134.0
423.0
90.0
110.0
227.0
160.0
125.0
14.9
198.0
302.0
352.0
238.0
359.0
243.0
398.0
194.0
824.0
386.0
81.8
228.0
146.0
91.0
858.0
1320.0
248.0
235.0
86.5
570.0
962.0
171.0
53.9
75.1
490.0
120.0
3.26
822.0
119.0
88.5
84.5
164.0
133.0
151.0
259.0
3.25
225.0
1290.0
530.0
83.9
761.0
597.0
425.0
823.0
262.0
250.0
117.0
135.0
11.8
140.0
138.0
157.0
173.0
276.0
219.0
453.0
793.0
136.0
290.0
228.0
38.5
15.1
411.0
34.5
45.7
409.0
107.0
351.0
407.0
339.0
721.0
29.5
129.0
175.0
115.0
613.0
391.0
1020.0
760.0
315.0
112.0
1540.0
267.0
421.0
118.0
1090.0
664.0
561.0
153.0
300.0
185.0
111.0
178.0
91.8
1370.0
449.0
65.6
130.0
416.0
608.0
139.0
277.0
339.0
464.0
707.0
273.0
508.0
206.0
990.0
351.0
412.0
1470.0
559.0
26.7
375.0
209.0
244.0
193.0
280.0
244.0
733.0
567.0
381.0
93.6
193.0
477.0
112.0
91.6
478.0
909.0
510.0
108.0
209.0
1290.0
499.0
537.0
354.0
91.4
183.0
90.1
207.0
549.0
346.0
384.0
49.4
91.8
367.0
395.0
702.0
854.0
196.0
228.0
257.0
85.1
202.0
889.0
776.0
269.0
121.0
234.0
1450.0
945.0
447.0
315.0
113.0
787.0
331.0
333.0
1030.0
455.0
500.0
173.0
115.0
870.0
923.0
144.0
806.0
1130.0
8.42
509.0
33.0
78.2
218.0
1040.0
191.0
437.0
87.9
267.0
9.49
490.0
915.0
1230.0
163.0
2.55
3.14
495.0
200.0
117.0
405.0
974.0
189.0
253.0
276.0
351.0
223.0
230.0
376.0
796.0
130.0
1010.0
9.88
108.0
631.0
434.0
583.0
307.0
536.0
107.0
58.9
620.0
250.0
186.0
945.0
436.0
79.9
216.0
607.0
258.0
670.0
564.0
41.0
1010.0
757.0
138.0
189.0
412.0
456.0
95.6
544.0
258.0
283.0
670.0
641.0
115.0
417.0
216.0
90.8
317.0
120.0
463.0
716.0
829.0
382.0
575.0
1060.0
4.58
352.0
1050.0
973.0
259.0
207.0
392.0
728.0
2.76
297.0
714.0
351.0
373.0
251.0
510.0
135.0
315.0
1290.0
685.0
172.0
104.0
186.0
2.97
503.0
959.0
229.0
38.5
820.0
761.0
421.0
972.0
1600.0
988.0
270.0
75.2
1670.0
183.0
46.9
981.0
339.0
1100.0
195.0
237.0
766.0
324.0
80.0
758.0
846.0
181.0
109.0
494.0
367.0
213.0
230.0
125.0
177.0
636.0
274.0
359.0
82.1
459.0
757.0
327.0
151.0
197.0
303.0
1130.0
190.0
220.0
701.0
282.0
432.0
409.0
418.0
146.0
99.6
542.0
457.0
236.0
4.66
1030.0
335.0
239.0
54.7
69.0
916.0
108.0
117.0
528.0
314.0
469.0
346.0
597.0
229.0
69.7
330.0
382.0
1050.0
52.9
588.0
81.8
388.0
271.0
114.0
248.0
234.0
414.0
24.9
677.0
101.0
183.0
219.0
208.0
290.0
450.0
666.0
171.0
246.0
136.0
387.0
29.6
194.0
514.0
554.0
1230.0
141.0
105.0
157.0
122.0
56.9
20.0
240.0
150.0
193.0
268.0
661.0
198.0
1100.0
643.0
287.0
807.0
728.0
527.0
437.0
137.0
341.0
717.0
690.0
23.6
283.0
65.9
763.0
221.0
281.0
1640.0
338.0
20.5
157.0
256.0
113.0
22.0
38.0
200.0
77.3
1020.0
357.0
197.0
401.0
259.0
240.0
301.0
99.2
1050.0
394.0
96.2
302.0
377.0
708.0
428.0
348.0
144.0
661.0
811.0
153.0
99.5
478.0
53.1
357.0
238.0
298.0
194.0
982.0
134.0
628.0
638.0
58.3
318.0
121.0
91.6
86.1
320.0
20.1
530.0
17.6
257.0
63.9
83.8
208.0
154.0
476.0
126.0
480.0
395.0
471.0
278.0
522.0
63.0
121.0
634.0
109.0
810.0
113.0
708.0
1060.0
98.5
175.0
426.0
177.0
519.0
340.0
196.0
376.0
343.0
1260.0
306.0
1080.0
99.5
606.0
721.0
276.0
392.0
706.0
811.0
1150.0
92.7
428.0
701.0
306.0
1120.0
25.4
841.0
90.9
471.0
227.0
15.9
580.0
581.0
12.9
457.0
424.0
282.0
51.0
284.0
18.9
455.0
286.0
774.0
983.0
1160.0
918.0
51.9
186.0
117.0
321.0
81.6
466.0
1420.0
530.0
1570.0
434.0
683.0
120.0
154.0
356.0
540.0
141.0
338.0
157.0
358.0
293.0
1190.0
124.0
875.0
453.0
44.9
160.0
730.0
491.0
46.7
328.0
420.0
278.0
27.8
349.0
21.9
1590.0
127.0
331.0
226.0
127.0
789.0
215.0
265.0
567.0
233.0
190.0
1000.0
52.3
986.0
1390.0
822.0
607.0
592.0
236.0
572.0
162.0
563.0
1180.0
560.0
96.4
153.0
510.0
34.1
444.0
136.0
208.0
226.0
416.0
841.0
896.0
402.0
63.1
429.0
265.0
401.0
274.0
458.0
254.0
380.0
599.0
162.0
455.0
188.0
205.0
1700.0
72.5
513.0
243.0
119.0
143.0
1000.0
423.0
125.0
262.0
974.0
204.0
245.0
131.0
269.0
195.0
1300.0
609.0
261.0
73.1
218.0
282.0
292.0
114.0
759.0
920.0
372.0
324.0
88.7
860.0
92.8
764.0
728.0
190.0
40.5
139.0
604.0
748.0
302.0
712.0
453.0
686.0
297.0
52.4
275.0
11.1
732.0
829.0
351.0
195.0
258.0
69.2
214.0
907.0
499.0
643.0
869.0
678.0
709.0
784.0
1340.0
92.3
884.0
134.0
162.0
129.0
1200.0
110.0
260.0
457.0
304.0
309.0
218.0
1430.0
173.0
43.6
123.0
1890.0
0.892
592.0
120.0
416.0
398.0
863.0
453.0
1860.0
200.0
50.7
266.0
20.2
712.0
937.0
432.0
502.0
80.0
314.0
471.0
767.0
40.3
140.0
428.0
107.0
150.0
437.0
18.5
5.26
3960.0
210.0
87.1
705.0
323.0
223.0
164.0
260.0
71.6
556.0
415.0
112.0
930.0
847.0
143.0
418.0
247.0
421.0
232.0
932.0
87.8
159.0
863.0
524.0
149.0
150.0
162.0
130.0
63.5
1960.0
262.0
233.0
168.0
755.0
420.0
102.0
99.5
116.0
148.0
117.0
45.2
456.0
416.0
625.0
545.0
362.0
133.0
993.0
2260.0
185.0
785.0
144.0
716.0
1610.0
28.7
601.0
296.0
109.0
66.8
577.0
615.0
225.0
352.0
407.0
2270.0
882.0
375.0
1360.0
651.0
473.0
430.0
629.0
21.7
254.0
356.0
1840.0
177.0
195.0
113.0
62.1
972.0
162.0
315.0
272.0
442.0
222.0
630.0
891.0
432.0
69.5
893.0
797.0
698.0
145.0
1090.0
97.4
293.0
164.0
80.3
328.0
184.0
119.0
154.0
96.1
176.0
1060.0
942.0
141.0
385.0
859.0
395.0
440.0
402.0
523.0
357.0
153.0
549.0
536.0
191.0
322.0
247.0
218.0
397.0
1250.0
451.0
52.1
108.0
1220.0
82.9
333.0
378.0
429.0
599.0
289.0
824.0
227.0
463.0
1070.0
289.0
266.0
991.0
76.4
152.0
239.0
186.0
790.0
970.0
483.0
267.0
916.0
263.0
428.0
303.0
193.0
238.0
250.0
34.4
68.1
88.3
143.0
891.0
2.7
511.0
60.6
106.0
258.0
637.0
71.9
671.0
11.7
2000.0
205.0
635.0
87.1
549.0
278.0
252.0
90.3
233.0
670.0
335.0
383.0
443.0
428.0
233.0
32.8
194.0
691.0
332.0
743.0
285.0
513.0
0.0559
1600.0
227.0
1430.0
90.1
213.0
225.0
63.6
1090.0
699.0
565.0
268.0
813.0
502.0
299.0
149.0
226.0
1200.0
250.0
272.0
440.0
551.0
1330.0
241.0
199.0
83.7
57.0
548.0
549.0
468.0
312.0
94.8
273.0
81.5
288.0
784.0
745.0
146.0
514.0
408.0
271.0
496.0
469.0
325.0
437.0
567.0
311.0
677.0
113.0
131.0
232.0
110.0
429.0
395.0
398.0
48.1
222.0
109.0
1030.0
16.6
292.0
64.3
11.3
449.0
314.0
1080.0
214.0
1200.0
159.0
1390.0
85.1
230.0
681.0
0.462
937.0
119.0
177.0
554.0
280.0
141.0
641.0
1310.0
931.0
112.0
65.3
98.1
489.0
569.0
595.0
264.0
698.0
779.0
126.0
289.0
1320.0
204.0
337.0
359.0
216.0
130.0
1040.0
998.0
506.0
782.0
105.0
99.7
253.0
812.0
629.0
1400.0
13.4
6.62
534.0
357.0
974.0
1000.0
111.0
1810.0
605.0
1380.0
716.0
939.0
16.7
367.0
118.0
447.0
141.0
556.0
1610.0
328.0
46.9
77.4
1040.0
624.0
395.0
207.0
175.0
633.0
1220.0
920.0
203.0
104.0
869.0
37.4
182.0
210.0
163.0
200.0
0.282
25.4
333.0
263.0
135.0
391.0
604.0
149.0
344.0
79.3
761.0
273.0
755.0
500.0
702.0
587.0
464.0
141.0
159.0
54.9
727.0
1160.0
205.0
198.0
528.0
13.4
105.0
118.0
1080.0
288.0
47.3
1230.0
249.0
268.0
504.0
303.0
470.0
240.0
9.78
1040.0
17.9
211.0
457.0
397.0
77.3
163.0
355.0
345.0
474.0
103.0
171.0
1470.0
364.0
300.0
132.0
75.2
166.0
0.93
246.0
455.0
14.2
17.6
111.0
119.0
78.7
23.0
1180.0
396.0
423.0
249.0
575.0
393.0
44.0
261.0
401.0
333.0
538.0
172.0
363.0
403.0
14.7
873.0
90.2
342.0
95.4
344.0
139.0
382.0
402.0
160.0
85.0
838.0
1790.0
14.0
250.0
401.0
1120.0
434.0
756.0
437.0
262.0
310.0
90.1
381.0
626.0
66.0
378.0
137.0
129.0
333.0
860.0
548.0
599.0
280.0
92.1
123.0
488.0
680.0
1080.0
635.0
269.0
360.0
1050.0
532.0
114.0
257.0
360.0
156.0
715.0
810.0
672.0
26.8
6.29
490.0
1550.0
144.0
421.0
549.0
1600.0
1270.0
11.5
675.0
144.0
1210.0
694.0
619.0
517.0
324.0
305.0
560.0
3.27
370.0
1370.0
284.0
123.0
584.0
175.0
658.0
175.0
64.7
182.0
240.0
376.0
234.0
199.0
693.0
437.0
213.0
219.0
97.5
27.2
184.0
19.4
447.0
517.0
313.0
194.0
337.0
75.9
38.4
689.0
200.0
222.0
197.0
244.0
395.0
779.0
393.0
495.0
617.0
448.0
186.0
102.0
193.0
325.0
156.0
119.0
338.0
120.0
122.0
128.0
113.0
94.5
734.0
504.0
212.0
547.0
460.0
1030.0
202.0
124.0
1.74
72.9
79.3
103.0
1130.0
39.3
281.0
456.0
687.0
868.0
261.0
2.06
293.0
932.0
577.0
121.0
132.0
124.0
106.0
257.0
415.0
169.0
1070.0
111.0
125.0
1220.0
178.0
187.0
856.0
458.0
796.0
549.0
974.0
535.0
320.0
197.0
1560.0
755.0
379.0
549.0
218.0
1230.0
804.0
16.0
388.0
139.0
306.0
415.0
662.0
463.0
160.0
493.0
187.0
145.0
132.0
705.0
571.0
45.2
279.0
520.0
221.0
616.0
96.4
258.0
491.0
726.0
196.0
646.0
849.0
372.0
990.0
220.0
155.0
46.9
750.0
1220.0
1100.0
211.0
249.0
61.6
469.0
935.0
527.0
442.0
173.0
230.0
205.0
821.0
103.0
634.0
38.0
392.0
477.0
187.0
749.0
447.0
68.8
249.0
5.47
961.0
223.0
617.0
1110.0
244.0
1330.0
413.0
341.0
133.0
1390.0
492.0
543.0
531.0
99.9
120.0
530.0
147.0
144.0
43.8
115.0
439.0
449.0
110.0
84.3
85.8
661.0
442.0
223.0
900.0
148.0
301.0
362.0
647.0
208.0
58.4
459.0
1260.0
541.0
4.95
218.0
162.0
468.0
867.0
300.0
64.4
400.0
104.0
158.0
27.4
288.0
391.0
369.0
260.0
195.0
75.3
787.0
59.1
224.0
86.8
621.0
110.0
154.0
626.0
724.0
114.0
132.0
34.5
333.0
67.8
11.6
671.0
243.0
411.0
485.0
1210.0
365.0
316.0
299.0
434.0
22.3
329.0
212.0
197.0
96.6
83.0
161.0
94.7
264.0
958.0
150.0
94.9
344.0
647.0
2080.0
120.0
198.0
250.0
353.0
68.0
819.0
161.0
485.0
440.0
170.0
573.0
203.0
496.0
190.0
112.0
24.8
505.0
540.0
373.0
423.0
495.0
244.0
657.0
425.0
489.0
127.0
616.0
200.0
150.0
905.0
258.0
180.0
592.0
755.0
69.7
237.0
516.0
6.98
324.0
592.0
321.0
659.0
196.0
68.8
409.0
98.2
298.0
338.0
829.0
102.0
19.0
1300.0
539.0
259.0
640.0
761.0
356.0
459.0
244.0
567.0
316.0
234.0
1150.0
155.0
393.0
745.0
371.0
271.0
268.0
152.0
470.0
71.5
759.0
356.0
240.0
371.0
168.0
501.0
203.0
239.0
589.0
141.0
749.0
544.0
515.0
66.6
724.0
128.0
114.0
206.0
213.0
240.0
667.0
210.0
590.0
28.5
566.0
450.0
134.0
491.0
532.0
309.0
139.0
56.7
1030.0
136.0
13.8
295.0
813.0
153.0
724.0
886.0
1020.0
269.0
333.0
129.0
73.6
43.7
243.0
280.0
116.0
420.0
224.0
851.0
199.0
191.0
242.0
608.0
306.0
488.0
77.7
101.0
66.9
183.0
225.0
152.0
423.0
624.0
51.4
174.0
1500.0
674.0
405.0
551.0
145.0
62.9
181.0
1800.0
156.0
260.0
312.0
43.3
603.0
1610.0
281.0
404.0
233.0
538.0
1690.0
469.0
251.0
163.0
715.0
880.0
658.0
314.0
2030.0
333.0
178.0
300.0
343.0
132.0
138.0
232.0
626.0
323.0
161.0
302.0
427.0
124.0
153.0
1190.0
724.0
122.0
26.4
319.0
296.0
187.0
934.0
896.0
752.0
78.0
608.0
145.0
88.5
748.0
77.5
2560.0
173.0
4.02
63.4
155.0
166.0
191.0
464.0
10.6
525.0
88.5
325.0
372.0
1040.0
119.0
493.0
667.0
417.0
11.6
325.0
1210.0
699.0
58.0
15.5
762.0
304.0
405.0
325.0
513.0
155.0
778.0
315.0
296.0
300.0
1260.0
297.0
2420.0
514.0
544.0
202.0
957.0
287.0
159.0
86.2
76.7
1440.0
746.0
207.0
340.0
22.7
959.0
587.0
488.0
498.0
1130.0
14.0
56.6
748.0
144.0
213.0
71.2
530.0
164.0
562.0
1480.0
144.0
862.0
211.0
474.0
497.0
145.0
218.0
266.0
1230.0
237.0
75.1
653.0
806.0
809.0
455.0
92.5
89.7
532.0
219.0
7.81
299.0
184.0
859.0
588.0
1010.0
306.0
1490.0
508.0
48.3
660.0
161.0
416.0
161.0
208.0
182.0
714.0
132.0
270.0
1000.0
626.0
515.0
239.0
303.0
678.0
455.0
991.0
319.0
129.0
1050.0
116.0
616.0
109.0
546.0
114.0
8.2
1180.0
167.0
176.0
309.0
254.0
99.8
1220.0
974.0
91.2
276.0
140.0
19.7
224.0
166.0
1410.0
109.0
90.3
256.0
68.2
840.0
2080.0
134.0
1100.0
235.0
96.6
324.0
651.0
494.0
258.0
139.0
128.0
298.0
108.0
317.0
224.0
355.0
261.0
438.0
630.0
131.0
250.0
187.0
96.4
482.0
187.0
516.0
542.0
999.0
524.0
143.0
194.0
446.0
108.0
91.1
12.1
640.0
355.0
80.4
227.0
153.0
392.0
645.0
606.0
130.0
301.0
1230.0
174.0
1620.0
561.0
782.0
397.0
602.0
87.7
151.0
57.2
291.0
771.0
877.0
406.0
305.0
403.0
382.0
647.0
809.0
1200.0
96.0
163.0
222.0
844.0
408.0
180.0
271.0
1220.0
201.0
266.0
229.0
1760.0
253.0
334.0
1070.0
438.0
747.0
735.0
351.0
111.0
129.0
325.0
181.0
306.0
783.0
113.0
1190.0
161.0
401.0
191.0
72.3
513.0
414.0
529.0
897.0
27.3
265.0
473.0
853.0
370.0
186.0
163.0
457.0
188.0
249.0
132.0
309.0
178.0
354.0
384.0
265.0
808.0
518.0
40.6
140.0
171.0
465.0
675.0
134.0
722.0
848.0
461.0
235.0
30.3
438.0
225.0
438.0
451.0
108.0
244.0
25.4
720.0
337.0
153.0
22.3
634.0
1570.0
607.0
237.0
253.0
94.6
71.9
696.0
692.0
418.0
301.0
618.0
745.0
732.0
214.0
11.4
140.0
792.0
20.2
491.0
572.0
229.0
70.2
120.0
133.0
230.0
221.0
987.0
3.16
1060.0
112.0
200.0
150.0
86.2
481.0
320.0
223.0
79.9
290.0
554.0
295.0
668.0
15.5
1180.0
130.0
1410.0
672.0
249.0
306.0
447.0
271.0
143.0
57.3
507.0
241.0
677.0
649.0
1230.0
596.0
194.0
791.0
249.0
462.0
89.5
229.0
319.0
1250.0
62.4
200.0
2020.0
13.5
464.0
62.5
578.0
474.0
47.1
807.0
507.0
1250.0
640.0
341.0
1010.0
55.0
116.0
507.0
554.0
410.0
78.4
9.7
178.0
216.0
487.0
720.0
392.0
180.0
147.0
13.3
86.1
208.0
618.0
432.0
222.0
38.5
15.8
136.0
80.6
322.0
82.7
56.7
130.0
1030.0
210.0
105.0
40.2
