3222 1    100785      3594     29846     27331     24508         0      1407      1478      1369     78345      2474     78095      3302 144.0      3296
3222 2    190540      9776     62021     50692     37642     27820         0         0         0    161429      7544    160025      3302 144.0      3261

3222 1    129162      4558     38480     35647     31294         0      1691      1830      1834    100955      3192    100656      4120 144.0      4115
3222 2    244235     12506     79728     65066     48706     35754         0         0         0    208342      9730    206773      4120 144.0      4085

---
3223 1     97974      3423     27598     25621     22371         0      1226      1328      1274     75580      2437     75369      3149 122.4      3138
3223 2    186810      9662     57844     46125     35100     25598         0         0         0    155137      7319    153981      3149 122.4      3057

3223 1     97936      3349     27184     25404     22687         0      1295      1329      1323     75457      2365     75270      3038 122.4      3029
3223 2    185461      9375     57292     46183     34676     25600         0         0         0    154380      7292    153227      3038 122.4      2958

3223 1    105074      3631     29356     27423     24270         0      1317      1471      1401     81171      2623     80962      3238 122.4      3218
3223 2    199017     10315     61504     49762     37207     27444         0         0         0    165827      7873    164562      3238 122.4      3146

---
3224 1    103690      3633     30783     28583     25163         0      1416      1544      1497     78182      1929     78029      3301 122.4      3260
3224 2    196385      9924     63953     51882     39076     29059         0         0         0    156621      5676    155811      3301 122.4      3113

3224 1    106675      3685     31559     29098     25928         0      1447      1496      1510     80115      2018     79964      3259 122.4      3223
3224 2    201029     10294     65616     53719     39874     29408         0         0         0    160309      5855    159492      3259 122.4      3084

3224 1    106930      3798     31632     29400     26053         0      1458      1506      1520     80491      1977     80331      3413 122.4      3378
3224 2    202979     10314     66020     53824     40375     29688         0         0         0    161652      5926    160815      3413 122.4      3223

---
3225 1    102137      2745     30999     28754     25253         0      1378      1523      1594     81590      2529     80908      3402 122.4      3400
3225 2    194031      7203     64763     52508     39341     28612         0         0         0    168349      7842    166041      3402 122.4      3372

3225 1    101368      2961     30737     28712     25265         0      1365      1455      1464     81095      2662     80416      3367 122.4      3362
3225 2    192455      7308     64121     52160     38650     28779         0         0         0    166963      7865    164667      3367 122.4      3336

3225 1     96144      2724     29465     26990     23782         0      1341      1483      1389     77070      2432     76360      3193 122.4      3184
3225 2    182833      6987     60742     49285     36865     27492         0         0         0    158308      7526    156077      3193 122.4      3157

---
3226 1     93055      3065     26431     24261     22158         0      1167      1275      1175     71400      2208     71251      3094 122.4      3089
3226 2    176067      8821     55864     44752     33508     24731         0         0         0    147639      6849    146912      3094 122.4      3056

3226 1     93514      3262     26737     24504     22324         0      1162      1217      1263     72031      2240     71882      3047 122.4      3040
3226 2    176978      9137     56421     44736     34028     24568         0         0         0    148423      6996    147738      3047 122.4      3012

3226 1     96371      3219     28002     25406     22353         0      1289      1300      1300     74354      2349     74192      3330 122.4      3327
3226 2    181734      9006     58118     45783     34799     25700         0         0         0    152611      7121    151838      3330 122.4      3310

---
3227 1     95432      3313     27338     25139     22292         0      1211      1293      1223     73309      2342     73162      3341 122.4      3333
3227 2    179784      9194     57837     45402     34167     25030         0         0         0    150954      7152    150189      3341 122.4      3300

3227 1     92885      3239     26445     24371     22042         0      1155      1252      1223     71341      2274     71224      3236 122.4      3230
3227 2    175349      8901     55612     44507     33408     24644         0         0         0    146837      6860    146058      3236 122.4      3197

3227 1     98014      3380     28075     25791     23397         0      1222      1311      1297     75575      2431     75409      3439 122.4      3430
3227 2    185603      9486     59483     46887     35319     25870         0         0         0    155943      7311    155203      3439 122.4      3412

---
3228 1     91017      2534     25858     24167     21700         0      1116      1347      1195     71842      2211     71311      3294 122.4      3271
3228 2    173580      6507     54638     44217     32897     24254         0         0         0    147079      6903    145246      3294 122.4      3189

3228 1     90979      2637     26213     24292     21515         0      1183      1244      1250     72002      2354     71423      3305 122.4      3292
3228 2    174163      6595     54772     44343     33135     24435         0         0         0    147682      6948    145729      3305 122.4      3207

3228 1     92002      2606     26464     24438     21964         0      1186      1215      1232     72841      2290     72303      3280 122.4      3269
3228 2    174480      6486     54911     44630     33159     24324         0         0         0    148063      6872    146159      3280 122.4      3179

---
3229 1     93656      2674     26843     25034     21980         0      1160      1349      1316     70797      1816     70460      3315 122.4      3236
3229 2    178156      6685     56337     45273     34042     24886         0         0         0    139429      5119    138177      3315 122.4      2946

3229 1     92439      2588     26576     24557     22009         0      1198      1243      1296     69942      1786     69620      3359 122.4      3280
3229 2    176423      6638     55439     44897     33424     24743         0         0         0    137447      5085    136259      3359 122.4      3025

3229 1     92055      2575     26485     24513     21702         0      1152      1282      1251     69660      1795     69308      3229 122.4      3148
3229 2    175991      6581     55408     44214     33853     24580         0         0         0    137138      5103    135900      3229 122.4      2924

---
3232 1    237055      5045    234328    238225    275728         0     15706     16897     16080    104877      3205    103455      4640 100.8      4601
3232 2    291433     13368    439286    390478    320942    413134         0         0         0    214044      9523    210139      4640 100.8      4477

3232 1    238492      5141    233889    239104    275296         0     15747     16943     16442    106169      3202    104856      4638 100.8      4603
3232 2    294377     13565    441489    391958    321180    412645         0         0         0    216601      9761    212654      4638 100.8      4472

---
3233 1    238923      5218     38637     36332     32474         0      1788      1867      1840    103450      3278    102975      4589 100.8      4490
3233 2    294492     13714     80491     64970     48841     36312         0         0         0    204647      9456    202814      4593 100.8      4206

3233 1    230783      4793     36023     34098     30156         0      1624      1771      1713     96324      3009     95856      4446 100.8      4356
3233 2    278975     12597     75773     60598     46196     34836         0         0         0    192663      8848    190893      4450 100.8      4068

---
3234 1    241428      5252    235359    239243    276852         0     15805     16856     15984     98488      2271     98340      4787 100.8      4504
3234 2    299936     13814    443349    392926    321775    415078         0         0         0    188621      5963    187843      4787 100.8      3969

3234 1    240038      5165    235294    238404    277073         0     15694     16987     16388     97426      2294     97263      4683 100.8      4397
3234 2    295606     13644    441878    391824    321153    413187         0         0         0    185576      6047    184757      4683 100.8      3870

---
3235 1    134440      3918    235149    238480    277477         0     15593     17002     16297    107621      3296    105565      4756 100.8      4719
3235 2    253627      9634    441252    393088    320673    414482         0         0         0    218194      9735    213184      4760 100.8      4597

3235 1    132474      3755    234337    238231    276517         0     15632     16840     16258    105676      3193    103649      4615 100.8      4576
3235 2    250226      9459    440351    391199    320749    413317         0         0         0    215671      9577    210407      4617 100.8      4459

---
3236 1    192921      3335    109450    106858    132019         0      7298      8030      7480     68825      2116     68162      2956 100.8      2928
3236 2    207670      8933    207225    172799    147804    215454         0         0         0    140438      6326    138588      2956 100.8      2842

3236 1    241403      5238    123143    120447    144245         0      7986      8491      7801    106694      3374    105978      4724 100.8      4691
3236 2    299293     13787    237154    196546    165784    229145         0         0         0    217911      9930    215676      4724 100.8      4566

---
3237 1    234913      4965    121520    117933    142283         0      7926      8442      8010    101257      3183    100512      4508 100.8      4464
3237 2    286145     13223    232981    192879    162961    226284         0         0         0    207215      9341    205008      4508 100.8      4348

3237 1    241830      5150    123570    120622    144940         0      8078      8604      7935    107198      3187    106475      4685 100.8      4644
3237 2    300127     13842    238309    196812    165383    228606         0         0         0    218432      9818    216227      4685 100.8      4522

---
3238 1    135133      3804     38887     36553     33019         0      1801      1955      1870    104382      3198    103253      4705 100.8      4606
3238 2    254888      9783     81446     65748     49522     37464         0         0         0    208067      9554    205284      4705 100.8      4338

---
3239 1    226678      6294     65373     60840     54683         0      2950      3209      3190    175540      5336    173955      7755 108.0      7582
3239 2    428938     16294    135720    109757     83342     61203         0         0         0    349969     15892    345861      7755 108.0      7129

---
3240 1    140459      3888     40824     38110     34043         0      1791      1882      1826     98065      2283     97498      4865 108.0      4474
3240 2    260944      9841     83915     67334     50614     37838         0         0         0    179440      6003    178087      4865 108.0      3758

3240 1    140080      3990     40820     38130     34168         0      1753      1840      1844     97904      2344     97301      4825 108.0      4417
3240 2    259970      9698     83748     66912     50420     37886         0         0         0    178963      5957    177512      4825 108.0      3701

---
3241 1    621762      6050    664704    686914    814783         0     46695     51028     49301    113588      3312    108529      4744 108.0      4682
3241 2    429519     13969   1106517   1013996    842307   1128249         0         0         0    227826      9351    215808      4744 108.0      4476

3241 1    624034      6066    664200    690826    816338         0     46658     50833     48646    115713      3279    110519      4726 108.0      4666
3241 2    433660     14554   1106884   1014092    842750   1125890         0         0         0    231836      9730    219654      4726 108.0      4481

---
3242 1    620421      5957     43226     40099     37395         0      1738      1953      1885    106225      3159    104851      4694 108.0      4520
3242 2    428591     14227     87089     70138     53280     43785         0         0         0    205233      9111    201642      4694 108.0      4141

3242 1    624405      6053     43867     41384     38285         0      1838      2077      1953    109190      3309    107756      4959 108.0      4788
3242 2    435453     14458     89430     71718     54520     44392         0         0         0    210900      9400    207269      4959 108.0      4373

---
3243 1    623521      6031    665865    688168    816354         0     46784     50553     48968     97530      2148     97370      4865 108.0      4412
3243 2    430740     14152   1108333   1013874    841257   1125593         0         0         0    180218      5354    179419      4865 108.0      3673

3243 1    625707      6057    666072    690005    817130         0     46411     51075     49283     99026      2194     98872      4868 108.0      4409
3243 2    434065     14619   1107324   1014126    841108   1126945         0         0         0    182034      5438    181209      4868 108.0      3761

---
3244 1    147636      4064    665862    691400    817236         0     46986     51042     48899    117607      3385    111576      4886 108.0      4818
3244 2    266800     10028   1108627   1015622    841805   1125839         0         0         0    233572      9626    220333      4886 108.0      4592

3244 1    145789      4035    666501    689874    816111         0     46719     51197     48824    115917      3420    109851      4762 108.0      4692
3244 2    264120      9886   1108387   1015959    842613   1128053         0         0         0    231625      9652    218052      4762 108.0      4507

---
3245 1    624500      6057    312063    311684    394573         0     21794     24017     22343    113471      3392    110851      4855 108.0      4790
3245 2    435657     14403    529839    449078    390245    594769         0         0         0    225234      9542    219008      4856 108.0      4594

3245 1    623386      6102    311200    308569    392838         0     22266     23608     21968    112140      3337    109529      4798 108.0      4713
3245 2    433745     14468    528213    449365    388870    596245         0         0         0    224225      9668    217896      4799 108.0      4552

---
3246 1    624820      6089    311261    309156    393905         0     21875     23729     21819    113180      3241    110594      4696 108.0      4620
3246 2    435869     14568    528802    449147    389817    595745         0         0         0    225902      9545    219571      4699 108.0      4427

3246 1    624712      6096    311795    309322    393388         0     21761     23974     22070    112347      3377    109716      4861 108.0      4799
3246 2    434469     14283    528473    446907    389891    596246         0         0         0    224161      9551    217765      4861 108.0      4571

---
3247 1    146521      3902     43776     41423     37996         0      1789      1995      1981    108363      3319    106244      4772 108.0      4593
3247 2    265019      9901     89267     71618     54550     44347         0         0         0    210191      9349    205409      4772 108.0      4201

3247 1    147776      4012     44223     41663     38311         0      1881      1962      1887    109287      3322    107285      4599 108.0      4435
3247 2    267248     10072     89910     72458     55047     44436         0         0         0    211914      9471    207275      4599 108.0      4040

---
3249 1    140626      3792     41621     39338     36559         0      1777      1959      1988     90291      2089     89691      4676 100.8      4085
3249 2    257947      9885     85547     69788     52965     43047         0         0         0    164091      5272    162905      4676 100.8      3294

3249 1    145678      3935     43440     40665     37750         0      1954      2042      1994     93850      2087     93239      4764 100.8      4175
3249 2    268877     10236     88993     71880     55217     45101         0         0         0    171006      5513    169762      4764 100.8      3388

---
3250 1   1504272     11724   1338797   1394621   1647558         0     95462    104511    100537    197826      5461    184467      7779 108.0      7627
3250 2    908718     25380   2219822   2043962   1713322   2270840         0         0         0    394014     15937    364145      7784 108.0      7166

---
3251 1   1411224      7869     50831     48526     46853         0      2004      2211      2163    112058      3372    108972      4759 108.0      4532
3251 2    736644     15761    102087     83455     63505     59558         0         0         0    214132      9160    206524      4759 108.0      3984

3251 1   1411805      8041     50568     48537     47112         0      2098      2260      2236    112436      3340    109275      4709 108.0      4470
3251 2    735722     15730    101940     83224     63931     59357         0         0         0    214182      9287    206630      4709 108.0      3931

3251 1   1410311      7934     50624     48106     47046         0      2079      2240      2137    111937      3358    108755      4646 108.0      4414
3251 2    735940     15772    101509     82480     64029     58943         0         0         0    213304      9258    205948      4646 108.0      3912

---
3252 1   1501259      4918   1456568   1526141   1817854         0    105510    115937    110749     46328       973     46186      2262 122.4      1943
3252 2    653375      7919   2392478   2211134   1865242   2519834         0         0         0     83869      2373     83255      2268 122.4      1609

3252 1   1504558      5028   1458007   1525641   1820297         0    105703    116224    111222     48464       989     48307      2361 122.4      2041
3252 2    659354      8134   2396996   2215291   1868297   2519445         0         0         0     87925      2390     87327      2364 122.4      1715

3252 1   1500382      4881   1458096   1524261   1820088         0    105728    116401    111013     46529       955     46399      2293 122.4      1996
3252 2    653343      7995   2391437   2213556   1865141   2517962         0         0         0     83897      2326     83242      2296 122.4      1653

3252 1   1504112      5062   1453789   1523478   1818553         0    105801    116566    111564     47374       993     47223      2321 122.4      2043
3252 2    657324      8062   2395229   2213814   1866536   2521683         0         0         0     85874      2411     85268      2323 122.4      1639

---
3253 1    159685      3834   1476383   1543595   1836029         0    106445    118070    112241    122608      3178    106655      4475 122.4      4397
3253 2    268225      9960   2432108   2247207   1895789   2538251         0         0         0    246971      9283    213123      4475 122.4      4125

3253 1    162447      4062   1474779   1542923   1834480         0    106776    117709    112345    124934      3346    108832      4757 122.4      4649
3253 2    272194     10441   2435251   2250722   1891935   2537929         0         0         0    249063      9787    215280      4757 122.4      4310

---
3254 1   1558132      7400    663366    664168    863397         0     48325     53259     49093    103811      2941     96322      3927 122.4      3844
3254 2    759688     13819   1101336    945283    841031   1316089         0         0         0    208232      8462    191269      3927 122.4      3598

---
3255 1   1385373      6813    587351    589024    763683         0     42966     47294     43113     99310      2750     92773      3883 108.0      3789
3255 2    686918     13106    978835    836267    744179   1162719         0         0         0    197506      7878    182571      3886 108.0      3559

3255 1   1411762      7869    594518    596565    770943         0     43077     47549     43606    119150      3267    112535      4584 108.0      4471
3255 2    735841     15630    992774    851046    753924   1170472         0         0         0    237013      9453    221749      4586 108.0      4225

---
3256 1    166397      4209     51254     48679     47069         0      2159      2289      2190    113383      3422    109385      4656 108.0      4448
3256 2    281268     10648    102957     83486     64608     59883         0         0         0    216283      9402    207676      4660 108.0      3920

3256 1    163402      4097     50166     48087     46665         0      2080      2295      2207    111156      3315    107152      4588 108.0      4353
3256 2    274924     10232    100618     83068     63157     58964         0         0         0    211920      9216    203243      4592 108.0      3920

---
3257 1    141112      3488     43869     42008     41344         0      1779      1941      1870     77327      1680     76716      3939 108.0      3257
3257 2    233767      8751     88088     71952     55953     53901         0         0         0    135135      4015    134012      3939 108.0      2518

3257 1    116762      2843     36708     35480     35514         0      1459      1648      1658     62007      1406     61548      3043 108.0      2548
3257 2    188044      7047     74143     60928     46792     47334         0         0         0    107598      3284    106654      3043 108.0      1923

---
3284 1     60941      2205     17774     16383     14809         0       777       860       808     46788      1491     46626      1741 122.4      1740
3284 2    115005      5861     37110     30299     22316     16578         0         0         0     96482      4510     95523      1741 122.4      1733

3284 1     60769      2039     17739     16540     14469         0       746       809       860     46685      1423     46547      1677 122.4      1676
3284 2    114068      5518     36917     29999     22195     16450         0         0         0     95798      4318     94820      1677 122.4      1669

3284 1     58970      2049     17485     15949     13831         0       744       814       859     45387      1444     45232      1667 122.4      1666
3284 2    110606      5515     35978     28713     21491     16021         0         0         0     92594      4287     91674      1667 122.4      1658

3284 1     59348      2078     17527     16067     13998         0       780       791       846     45614      1463     45487      1729 122.4      1727
3284 2    110691      5474     36054     28959     21375     15818         0         0         0     92763      4266     91806      1729 122.4      1719

3284 1     58890      1956     17350     15885     13896         0       746       835       809     45117      1329     44985      1664 122.4      1661
3284 2    110304      5361     35791     28754     21354     15814         0         0         0     92228      4167     91297      1664 122.4      1651

---
3285 1     56768      1939     15579     14524     12881         0       674       735       697     42986      1335     42847      1625 122.4      1616
3285 2    106940      5319     32591     26113     19788     14469         0         0         0     87787      4049     86888      1625 122.4      1573

3285 1     54288      1828     15065     13756     12419         0       609       667       682     41108      1296     40968      1559 122.4      1549
3285 2    102375      5111     31182     24970     18714     14039         0         0         0     83800      3859     82932      1559 122.4      1519

3285 1     55187      1869     15227     14078     12687         0       651       695       699     41943      1287     41800      1627 122.4      1623
3285 2    103907      5124     31675     25393     19030     13886         0         0         0     84863      3889     84081      1627 122.4      1592

3285 1     54213      1806     15041     13639     12263         0       668       700       717     40935      1220     40804      1593 122.4      1588
3285 2    102264      5109     30968     25028     18759     13857         0         0         0     83421      3965     82590      1593 122.4      1540

3285 1     83710      2815     23223     21795     19175         0      1012      1063      1113     64175      2041     63989      2536 122.4      2527
3285 2    159065      8068     49263     39498     29738     21756         0         0         0    132272      6243    131208      2536 122.4      2477

---
3286 1    100741      3469     29672     27475     24588         0      1403      1413      1521     75886      1913     75759      3045 122.4      3017
3286 2    191782      9702     62475     50619     37906     27846         0         0         0    153173      5533    152337      3045 122.4      2901

3286 1    101472      3432     30209     27456     25005         0      1385      1453      1454     76418      1863     76274      3057 122.4      3008
3286 2    192240      9520     62657     50976     37776     27955         0         0         0    153420      5364    152546      3057 122.4      2867

3286 1    105816      3639     31398     28928     25795         0      1455      1541      1517     79854      2013     79703      3169 122.4      3143
3286 2    201293     10083     65628     53403     39879     29364         0         0         0    160890      5766    160004      3169 122.4      2991

---
3287 1    101598      2819     31017     28379     25380         0      1403      1530      1542     81486      2552     80836      3199 122.4      3199
3287 2    194550      7368     64384     52294     39392     28863         0         0         0    168959      7780    166673      3199 122.4      3175

3287 1     99312      2904     30080     27935     24842         0      1348      1487      1481     79558      2582     78906      3076 122.4      3072
3287 2    189975      7144     63201     51125     38202     28309         0         0         0    164778      7788    162484      3076 122.4      3052

3287 1     95831      2676     29249     26717     23961         0      1352      1439      1394     76755      2384     76119      2945 122.4      2941
3287 2    182906      6753     60569     49345     36922     27478         0         0         0    158882      7307    156651      2945 122.4      2927

---
3288 1    223397      7758     64894     59136     53818         0      2946      3026      3047    174658      5481    174333      6865 108.0      6853
3288 2    421582     21468    136283    108926     81969     60002         0         0         0    361040     16787    359560      6865 108.0      6802

3288 1    228193      8043     66317     61131     54612         0      2990      3119      3041    178491      5604    178176      6930 108.0      6919
3288 2    432009     21927    140363    110918     83834     61633         0         0         0    370139     17078    368591      6930 108.0      6867

---
3289 1    110810      3907     31541     29382     26194         0      1339      1515      1497     85315      2751     85163      3382 122.4      3372
3289 2    210218     10683     67168     53420     40287     29553         0         0         0    177376      8327    176502      3382 122.4      3357

3289 1    109669      3853     31430     28896     26005         0      1443      1458      1413     84680      2664     84515      3319 122.4      3313
3289 2    208330     10525     66733     52787     39992     29211         0         0         0    175726      8260    174916      3319 122.4      3285

---
3290 1     96277      2635     27571     25697     22734         0      1264      1389      1340     76176      2383     75602      2904 122.4      2889
3290 2    184696      6960     58295     46621     35342     25919         0         0         0    156839      7229    154845      2904 122.4      2825

3290 1     96577      2721     27808     25625     23011         0      1278      1388      1380     76497      2524     75919      2957 122.4      2948
3290 2    185630      7075     58279     47071     35589     26261         0         0         0    157871      7342    155880      2957 122.4      2895

3290 1     97750      2774     27996     26053     23184         0      1267      1336      1408     77311      2448     76733      3004 122.4      2990
3290 2    186967      7024     59039     47633     35615     26050         0         0         0    158803      7332    156869      3004 122.4      2920

---
3291 1     99614      2728     28665     26691     23476         0      1281      1423      1372     75539      1880     75182      3065 122.4      3005
3291 2    190145      7183     60420     48267     36139     26875         0         0         0    149511      5543    148252      3065 122.4      2759

3291 1    100763      2832     28913     26729     23931         0      1291      1346      1401     76224      1951     75829      3068 122.4      3000
3291 2    192222      7271     60643     48944     36998     27025         0         0         0    150817      5572    149466      3068 122.4      2786

3291 1     93323      2720     26652     24948     22017         0      1242      1336      1266     70549      1819     70200      2902 122.4      2831
3291 2    178039      6832     56439     44782     33959     25002         0         0         0    139538      5268    138312      2902 122.4      2628

---
3295 1    229593      8007     97396     92648     92448         0      5169      5479      5464    173949      5468    173448      7361 108.0      7340
3295 2    418915     21542    199071    166969    128528    125505         0         0         0    355411     16320    353026      7363 108.0      7247

3295 1    229611      7917     97045     92882     92354         0      5253      5649      5459    174116      5443    173567      7536 108.0      7509
3295 2    417818     21248    198661    166259    128148    125233         0         0         0    354110     16132    351811      7538 108.0      7386

---
3296 1    228913      8106     62103     58424     51033         0      2702      2951      3062    170050      5395    169628      7521 108.0      7442
3296 2    417403     21718    129860    103761     77951     57126         0         0         0    341705     16055    339693      7521 108.0      7065

3296 1    229202      7883     62344     57918     51107         0      2769      3054      2986    170018      5255    169637      7480 108.0      7393
3296 2    418474     21479    129612    104094     78461     57378         0         0         0    342062     15833    340147      7480 108.0      7086

---
3297 1    228710      8101     96765     92290     92362         0      5179      5637      5380    163189      3989    162942      7567 108.0      7318
3297 2    416103     21518    198528    165737    128186    124375         0         0         0    317576     10900    316282      7567 108.0      6775

3297 1    231401      7904     97870     93500     92919         0      5270      5454      5607    165131      3935    164859      7526 108.0      7286
3297 2    423137     21761    200223    167034    129743    125363         0         0         0    322715     10994    321462      7526 108.0      6684

---
3298 1    183583      5171     87683     83025     84728         0      4727      5069      4994    147903      4529    146540      6141 108.0      6118
3298 2    348915     13326    179124    149539    116174    116272         0         0         0    302287     13821    298498      6141 108.0      6040

3298 1    221602      6300     99093     94950     94101         0      5346      5682      5574    178772      5596    177246      7570 108.0      7540
3298 2    419413     16083    202491    168901    131140    127325         0         0         0    364149     16714    359872      7570 108.0      7417

3298 1    214893      6218     96493     92322     92342         0      5318      5491      5590    172940      5553    171409      7268 108.0      7250
3298 2    406858     15720    198541    165758    127655    124886         0         0         0    353254     16329    349054      7268 108.0      7137

3298 1    107822      2952     63870     62069     65363         0      3776      3812      3947     86549      2583     85642      3660 108.0      3647
3298 2    205032      7825    130282    110606     86955     95138         0         0         0    177003      7982    174440      3660 108.0      3582

---
3299 1    194856      6780     66925     62609     62318         0      3391      3516      3505    144537      4444    144223      6146 108.0      6118
3299 2    354263     18292    139143    112241     87357     82328         0         0         0    296273     13569    294972      6146 108.0      6026

3299 1    200967      6928     68865     64122     62690         0      3540      3670      3601    149220      4598    148914      6382 108.0      6353
3299 2    365279     18825    143673    114480     89917     83734         0         0         0    305951     14063    304598      6382 108.0      6253

3299 1    236184      8108     79571     73344     71876         0      3979      4148      4056    177007      5543    176661      7498 108.0      7462
3299 2    431170     22476    165495    131651    102434     92748         0         0         0    362331     16834    360726      7498 108.0      7360

3299 1    234251      8140     78703     72935     71250         0      3999      3913      4137    175544      5569    175162      7403 108.0      7374
3299 2    428537     22614    163854    131529    101643     93212         0         0         0    360283     16788    358727      7403 108.0      7259

---
3300 1    236157      8173     79207     74042     71744         0      3870      4147      4046    176849      5492    176503      7299 108.0      7268
3300 2    431112     22151    164979    131499    102456     92930         0         0         0    361793     16665    360163      7303 108.0      7123

3300 1    234891      8039     78979     72985     71495         0      3856      4108      4183    175994      5445    175636      7244 108.0      7207
3300 2    428153     21948    164437    131293    101856     93223         0         0         0    360165     16398    358523      7245 108.0      7105

3300 1    238769      8227     79878     74534     72144         0      4055      4055      4092    178817      5601    178470      7456 108.0      7439
3300 2    434085     22173    166064    133147    102385     93507         0         0         0    364675     16587    363041      7458 108.0      7300

---
3301 1    230022      6550     66499     61778     54946         0      2984      3204      3161    181737      5749    180334      7733 108.0      7663
3301 2    436267     16558    138348    111396     83476     61008         0         0         0    365656     16903    361873      7733 108.0      7309

3301 1    218364      6124     63452     58781     51973         0      2798      3051      3061    172786      5437    171439      7470 108.0      7394
3301 2    414752     15830    131434    105642     79436     58144         0         0         0    347133     16112    343573      7470 108.0      7060

3301 1    219255      6335     63292     59074     52410         0      2731      2943      3007    173182      5577    171855      7601 108.0      7525
3301 2    414971     16042    131562    106126     79715     58196         0         0         0    348094     16316    344687      7601 108.0      7217

---
3302 1    225380      6500     65037     60824     53808         0      2934      3123      3162    166360      4104    165496      7518 108.0      7114
3302 2    426344     16465    135672    109131     81296     59506         0         0         0    315642     11266    313468      7519 108.0      6202

3302 1    225029      6413     64952     60942     53510         0      2852      3071      3137    165658      4116    164831      7401 108.0      7008
3302 2    426087     16462    135526    108695     80933     59736         0         0         0    314835     11201    312687      7402 108.0      6130

3302 1    136467      3847     39215     36705     32375         0      1732      1953      1893    100122      2497     99602      4534 108.0      4292
3302 2    259217      9959     81818     66034     49675     36293         0         0         0    191182      6863    189759      4534 108.0      3759

3302 1     71348      2038     20413     18921     16884         0       939      1010       996     51931      1346     51636      2423 108.0      2303
3302 2    135546      5129     42391     34119     25725     18848         0         0         0     98472      3549     97601      2423 108.0      2015

3302 1     78375      2250     22417     20928     18529         0       999      1103      1088     57141      1438     56833      2516 108.0      2405
3302 2    149143      5692     47000     37610     28295     20727         0         0         0    108810      3801    107872      2516 108.0      2109

---
3303 1     96587      2745     27738     25625     22854         0      1270      1332      1359     70135      1819     69729      3288 144.0      3113
3303 2    184106      6928     57686     46587     34926     25583         0         0         0    134196      4740    133014      3288 144.0      2740

3303 1     96095      2672     27575     25410     22753         0      1295      1390      1279     69935      1760     69528      3257 144.0      3104
3303 2    183068      7008     57221     46315     34776     25503         0         0         0    133324      4705    132099      3257 144.0      2718

3303 1     94257      2746     27012     25035     22265         0      1187      1288      1311     68416      1757     68038      3218 144.0      3061
3303 2    179805      6890     56471     45146     34167     25249         0         0         0    130860      4642    129621      3218 144.0      2674

---
3308 1    118831      4176     41401     38278     35846         0      2047      2092      2027     92483      2927     92225      4148 108.0      4136
3308 2    219656     11217     92286     74511     56584     49933         0         0         0    186078      8495    184727      4148 108.0      4096

3308 1    120339      4160     41822     38545     36330         0      2003      2139      2155     93517      3001     93269      4172 108.0      4161
3308 2    222301     11482     93849     75330     57561     50168         0         0         0    188673      8670    187226      4172 108.0      4124

3308 1    119368      4107     41184     38408     36062         0      2005      2220      2058     92834      2862     92603      4212 108.0      4203
3308 2    220909     11361     92677     75488     56980     49796         0         0         0    187320      8645    186008      4212 108.0      4137

---
3309 1    118911      4245     33590     30740     26896         0      1383      1584      1456     90771      2834     90561      4140 108.0      4108
3309 2    219815     11224     68369     54441     41071     29943         0         0         0    180677      8296    179510      4140 108.0      3946

3309 1    122320      4241     34112     32082     27918         0      1469      1558      1579     93669      2889     93465      4317 108.0      4285
3309 2    225709     11455     70445     56150     41921     30678         0         0         0    185663      8587    184462      4317 108.0      4108

3309 1    121579      4332     34227     31635     27806         0      1479      1543      1501     93090      2940     92872      4182 108.0      4154
3309 2    224051     11538     70006     55648     42045     30251         0         0         0    184311      8555    183029      4182 108.0      3982

---
3310 1    122328      4269     42174     39282     36449         0      2097      2169      2067     90429      2206     90279      4232 108.0      4156
3310 2    226276     11472     94505     76444     57950     50751         0         0         0    175137      6096    174304      4232 108.0      3859

3310 1    123014      4221     42500     39490     36738         0      2036      2191      2108     90903      2190     90753      4422 108.0      4320
3310 2    227432     11399     95000     76827     58349     50900         0         0         0    176229      6055    175370      4422 108.0      4037

3310 1    122757      4251     42487     39194     36860         0      2016      2193      2139     90893      2220     90765      4309 108.0      4208
3310 2    226477     11354     94848     76814     58121     50849         0         0         0    175370      5971    174512      4309 108.0      3883

---
3311 1    117379      3270     42299     38950     36260         0      2108      2056      2057     94260      2963     93378      4316 108.0      4313
3311 2    219654      8208     93918     75402     57951     50913         0         0         0    190466      8658    187934      4316 108.0      4255

3311 1    119312      3284     42373     39345     37114         0      2147      2074      2144     96196      2904     95327      4357 108.0      4342
3311 2    222853      8340     95000     76843     58370     50952         0         0         0    193167      8912    190589      4357 108.0      4301

3311 1    119112      3273     42682     39263     36619         0      2128      2261      2149     96013      2916     95190      4171 108.0      4167
3311 2    221534      8339     95242     76445     58114     50392         0         0         0    192134      8757    189520      4171 108.0      4112

---
3312 1    123661      4180     38002     35084     32259         0      1788      1822      1784     94862      2983     94687      4447 108.0      4435
3312 2    228629     11810     82434     64716     49348     40466         0         0         0    191715      8810    190800      4447 108.0      4381

3312 1    122836      4271     37974     34721     32184         0      1713      1782      1714     94278      2887     94078      4171 108.0      4151
3312 2    227828     11664     81901     64593     48971     40954         0         0         0    191396      8726    190495      4171 108.0      4117

3312 1    122288      4372     37592     34928     31768         0      1657      1709      1746     93819      2992     93638      4320 108.0      4309
3312 2    225790     11632     81675     63866     48615     40490         0         0         0    189740      8746    188802      4320 108.0      4256

---
3313 1    125034      4417     38670     35061     32760         0      1778      1753      1824     95874      3027     95691      4408 108.0      4392
3313 2    230606     11878     82751     65432     49705     41024         0         0         0    193447      8811    192549      4408 108.0      4330

3313 1    122648      4265     38331     34711     31819         0      1695      1772      1702     94247      2956     94062      4375 108.0      4361
3313 2    226427     11405     81768     63937     48837     40046         0         0         0    189814      8678    188934      4375 108.0      4312

3313 1    119944      4096     37415     34063     31346         0      1680      1701      1638     92257      2895     92055      4278 108.0      4268
3313 2    221524     11107     80341     62904     47602     39657         0         0         0    185791      8393    184939      4278 108.0      4224

---
3314 1    117734      3392     34334     31645     28151         0      1479      1505      1555     93541      2876     92817      4208 108.0      4181
3314 2    219911      8274     70160     55843     41768     30508         0         0         0    184830      8460    182609      4208 108.0      4036

3314 1    117443      3274     34361     31616     27787         0      1441      1614      1490     93137      2977     92426      4369 108.0      4340
3314 2    219851      8271     69950     55696     42303     30414         0         0         0    185028      8558    182712      4369 108.0      4169

3314 1    117408      3303     33843     31613     28044         0      1457      1604      1566     92935      2995     92252      4167 108.0      4144
3314 2    219807      8270     69858     56130     41861     29956         0         0         0    184375      8447    182129      4167 108.0      3964

---
3315 1    119114      3406     34340     32279     28387         0      1431      1584      1627     88878      2208     88433      4292 108.0      4148
3315 2    222545      8376     70718     56550     42444     31120         0         0         0    167602      5987    166180      4292 108.0      3692

3315 1    121801      3387     35213     32729     29054         0      1480      1638      1594     91009      2210     90494      4351 108.0      4173
3315 2    227231      8463     72504     58042     43127     31447         0         0         0    171122      5979    169682      4351 108.0      3716

3315 1    119500      3473     34730     31969     28380         0      1480      1609      1537     89122      2295     88654      4335 108.0      4164
3315 2    223778      8613     70887     57387     42692     30791         0         0         0    168132      5914    166674      4335 108.0      3701

---
3317 1    174536      4426    156838    155532    176844         0     10453     11043     10724     94490      2924     93680      4154 108.0      4136
3317 2    246890     11579    330583    284010    230604    287408         0         0         0    190558      8507    187705      4154 108.0      4009

3317 1    171025      4272    155174    155320    176824         0     10357     11122     10579     92004      2758     91252      4139 108.0      4120
3317 2    240718     11157    327204    282679    229675    286294         0         0         0    185575      8128    182800      4139 108.0      4019

3317 1    176554      4450    156308    156431    178022         0     10279     11123     10780     96212      2916     95414      4431 108.0      4415
3317 2    249694     11715    331175    285494    231707    287192         0         0         0    193573      8411    190651      4431 108.0      4309

---
3318 1    172044      4517     33447     31652     27632         0      1403      1554      1469     90078      2865     89759      4251 108.0      4177
3318 2    243128     11452     69896     55429     41724     31013         0         0         0    177895      8025    176412      4251 108.0      3929

3318 1    170729      4170     33225     30837     27537         0      1441      1570      1479     89025      2709     88703      4038 108.0      3972
3318 2    240400     11348     68091     54973     41421     30691         0         0         0    174994      8050    173547      4038 108.0      3681

3318 1    175186      4387     34516     32057     28349         0      1453      1662      1605     92259      2848     91878      4253 108.0      4169
3318 2    247296     11630     70765     56850     42414     31399         0         0         0    180886      8112    179417      4253 108.0      3917

---
3319 1    176357      4358    157202    155759    177583         0     10238     10887     10567     88271      2065     88128      4260 108.0      4059
3319 2    249975     11607    331742    284730    231087    286793         0         0         0    167004      5197    166220      4260 108.0      3556

3319 1    173339      4342    155433    155384    177516         0     10134     10838     10735     85792      2012     85653      4108 108.0      3892
3319 2    244297     11492    328280    283747    230344    285682         0         0         0    162824      5164    162017      4108 108.0      3466

3319 1    172303      4337    155500    154766    176240         0     10451     10998     10736     85349      1937     85208      4165 108.0      3952
3319 2    242193     11538    328711    283460    229370    286363         0         0         0    161045      5194    160267      4165 108.0      3477

---
3320 1    117104      3275    155801    155632    177457         0     10177     10922     10590     93515      2858     92068      4120 108.0      4099
3320 2    219157      8226    328999    284487    230440    286331         0         0         0    188977      8329    184940      4120 108.0      3996

3320 1    117914      3342    155970    155602    177294         0     10324     11137     10625     94329      2913     92942      4203 108.0      4178
3320 2    220926      8354    329713    284525    230385    286890         0         0         0    190244      8492    186294      4204 108.0      4067

3320 1    116425      3291    155254    156455    176968         0     10367     10981     10386     93190      2856     91794      4159 108.0      4135
3320 2    217792      8028    329245    283694    229903    285714         0         0         0    187631      8228    183580      4159 108.0      4046

---
3321 1    172431      4316     86312     82179     95747         0      5449      5742      5398     91506      2775     91102      4198 108.0      4173
3321 2    242984     11332    180316    145610    121409    159815         0         0         0    184611      8112    182999      4202 108.0      4063

3321 1    173106      4335     86450     82443     95438         0      5390      5650      5371     92129      2795     91687      4134 108.0      4102
3321 2    245412     11579    181941    146616    122432    159667         0         0         0    186483      8114    184862      4139 108.0      4003

3321 1    175281      4508     86575     82992     96700         0      5469      5580      5481     93750      2871     93286      4237 108.0      4198
3321 2    248503     11858    183428    147624    122943    159349         0         0         0    189427      8282    187814      4241 108.0      4104

---
3322 1    135914      3036     75284     72052     86639         0      4953      5233      4899     62744      1912     62378      2832 108.0      2816
3322 2    175151      7961    158645    127768    107811    150401         0         0         0    126966      5695    125631      2832 108.0      2745

3322 1    112808      2113     68159     65992     81743         0      4797      5001      4609     44739      1302     44383      2063 108.0      2055
3322 2    131631      5506    144638    117064    100209    142830         0         0         0     90253      3886     89050      2063 108.0      1996

3322 1    102476      1835     65344     63595     79238         0      4455      4798      4434     37097      1201     36783      1632 108.0      1617
3322 2    113555      4654    138860    112155     95915    140751         0         0         0     75200      3313     73983      1634 108.0      1584

3322 1    104834      1888     65778     63740     79395         0      4493      4762      4649     38123      1188     37811      1698 108.0      1691
3322 2    116846      4806    139629    113080     97025    141293         0         0         0     77457      3471     76226      1698 108.0      1646

3322 1    110388      2041     67896     65559     80800         0      4560      4924      4619     43325      1327     42981      1952 108.0      1939
3322 2    128892      5547    143174    116127     99158    142708         0         0         0     87731      3916     86481      1952 108.0      1874

3322 1     89683      1358     61916     60384     76135         0      4377      4627      4264     27426       845     27084      1227 108.0      1220
3322 2     90856      3545    131055    106233     92141    137149         0         0         0     55682      2486     54566      1227 108.0      1186

3322 1    116531      2302     69684     67455     82386         0      4673      4931      4544     47950      1482     47571      2155 108.0      2147
3322 2    139059      6076    146796    119073    101000    144647         0         0         0     96381      4369     95062      2155 108.0      2085

---
3323 1    116995      2036     74359     71785     89381         0      5166      5378      4992     42300      1299     41894      1918 122.4      1904
3323 2    130542      5374    157669    128099    110237    159392         0         0         0     86300      3772     84928      1918 122.4      1861

3323 1    114684      1988     73815     71251     89585         0      5074      5367      4988     40706      1251     40359      1767 122.4      1755
3323 2    125962      5029    156592    126546    108989    158510         0         0         0     82504      3582     81156      1767 122.4      1729

3323 1    116417      2021     74023     71874     90146         0      5120      5345      5034     42015      1321     41643      1839 122.4      1828
3323 2    128964      5313    157478    127148    109370    159317         0         0         0     85164      3732     83766      1839 122.4      1775

3323 1    114367      1944     73247     71223     89057         0      5132      5508      5015     40142      1266     39768      1749 122.4      1730
3323 2    124137      5206    155867    126059    108829    158232         0         0         0     81235      3665     79872      1749 122.4      1689

3323 1    112752      1964     73395     70795     88578         0      5107      5362      4958     39488      1231     39087      1710 122.4      1701
3323 2    123131      5011    155020    125398    107933    158357         0         0         0     79958      3530     78627      1710 122.4      1659

3323 1    113294      1946     73601     71520     88945         0      5149      5438      4892     39863      1249     39489      1802 122.4      1795
3323 2    124709      5259    155104    125586    108381    158275         0         0         0     80749      3585     79427      1802 122.4      1739

3323 1    114425      2034     73824     71554     88962         0      5105      5450      5039     40727      1304     40346      1751 122.4      1740
3323 2    126594      5219    156539    126365    108419    159481         0         0         0     83163      3614     81793      1751 122.4      1692

3323 1    114651      1892     73612     71367     89505         0      5230      5476      5056     40448      1172     40038      1890 122.4      1866
3323 2    126128      5165    156048    126871    108634    159264         0         0         0     82735      3633     81362      1890 122.4      1829

---
3324 1     54454      1489     15980     14552     13001         0       645       658       737     41426      1247     40920      1880 122.4      1851
3324 2    102556      3813     32917     26117     19865     15467         0         0         0     82394      3667     80722      1884 122.4      1743

3324 1     57381      1630     16655     15381     13815         0       730       752       770     43799      1405     43284      1883 122.4      1839
3324 2    107516      3947     34379     27671     20798     16145         0         0         0     86662      3845     84963      1886 122.4      1717

3324 1     54776      1492     15848     14733     13178         0       657       746       722     41673      1285     41172      1914 122.4      1890
3324 2    102789      3809     32873     26423     20020     15183         0         0         0     82423      3634     80749      1916 122.4      1768

3324 1     58072      1627     16778     15595     14067         0       720       771       793     44476      1328     43904      1967 122.4      1938
3324 2    108277      3894     34731     27709     20947     16076         0         0         0     87151      3841     85470      1967 122.4      1821

3324 1     81975      2170     23822     22091     19631         0      1048      1116      1114     63269      1939     62639      2773 122.4      2730
3324 2    153652      5564     48916     39372     29823     22256         0         0         0    124534      5566    122488      2773 122.4      2534

3324 1    126998      3459     36738     34323     30486         0      1520      1721      1650     98520      2994     97579      4321 122.4      4253
3324 2    238543      8855     75909     61237     46027     34213         0         0         0    194873      8792    192208      4323 122.4      3960

---
3325 1     95677      2708     27861     25910     23101         0      1190      1345      1271     67870      1617     67412      3354 108.0      3102
3325 2    179346      6783     57250     45874     34758     25777         0         0         0    124556      4141    123464      3354 108.0      2661

3325 1    108324      2976     31385     29292     25954         0      1327      1491      1468     76768      1757     76279      3816 108.0      3519
3325 2    202540      7609     64456     51673     39045     28761         0         0         0    140521      4631    139384      3821 108.0      3004

3325 1    129812      3635     37457     34997     31292         0      1668      1726      1709     92470      2147     91938      4453 108.0      4109
3325 2    242938      9019     77060     62575     47064     34423         0         0         0    169329      5685    167929      4457 108.0      3511

---
3339 1   6121632     19398   3875695   4074258   4836497         0    311879    344427    327214     98897      1186     41089      1527 100.8      1453
3339 2   2301082     10315   6019219   5613119   4794048   6213932         0         0         0    194019      2918     73600      1527 100.8      1287

3339 1   6137793     20238   3879828   4075906   4838246         0    311204    342837    329194    107872      1328     49822      1955 100.8      1833
3339 2   2324724     11625   6026661   5618224   4797719   6216000         0         0         0    210613      3536     90543      1955 100.8      1641

3339 1   6136763     19920   3880020   4071011   4838198         0    312535    343939    328662    107425      1274     49600      1885 100.8      1770
3339 2   2324979     11561   6025771   5615814   4795339   6213596         0         0         0    210201      3480     89556      1885 100.8      1588

3339 1   6138153     20060   3885879   4074167   4841633         0    310807    343399    327683    109798      1356     52016      2011 100.8      1915
3339 2   2331923     11827   6023687   5622333   4795277   6213000         0         0         0    214441      3702     94260      2011 100.8      1685

3339 1   6121903     19130   3874674   4072554   4835865         0    311615    342434    327936     99613      1114     41755      1527 100.8      1427
3339 2   2303418     10501   6020139   5611921   4791329   6206617         0         0         0    194844      2918     74499      1527 100.8      1313

---
3340 1   6629646     24427     82379     82094     93485         0      3140      3535      3529    105286      2762     90590      3945 108.0      3489
3340 2   2607447     19282    155797    131985    105883    134551         0         0         0    194235      7026    163435      3945 108.0      2841

3340 1   6664480     25759     90275     89671     99629         0      3487      4021      3873    125151      3266    110760      4971 108.0      4409
3340 2   2664581     22431    171957    145269    115971    140914         0         0         0    231228      8582    200473      4971 108.0      3605

3340 1   6601296     22717     73397     73095     85890         0      2808      3191      2959     81699      1985     67359      2891 108.0      2546
3340 2   2543783     15374    136442    117192     94127    126057         0         0         0    149926      5009    119366      2891 108.0      2115

---
3341 1   6633474     24774   4173766   4381869   5198399         0    335455    368009    352145     78887      1439     78325      4122 108.0      3205
3341 2   2611589     19882   6494873   6054743   5156875   6665301         0         0         0    134116      3094    132636      4122 108.0      2284

3341 1   6657260     25833   4180466   4386608   5201797         0    334813    369629    352987     93893      1734     93264      4816 108.0      3675
3341 2   2661500     22727   6506220   6066822   5167620   6673736         0         0         0    159510      3683    157959      4816 108.0      2634

3341 1   6659857     26005   4183431   4386424   5203244         0    335017    368538    352647     94546      1718     93957      4799 108.0      3619
3341 2   2667388     22858   6512083   6063796   5163275   6673266         0         0         0    161226      3770    159698      4799 108.0      2672

---
3342 1    271533      3547   4169056   4382683   5189617         0    334936    367611    352305    156970      2597     90367      3554 108.0      3345
3342 2    263257      8904   6485437   6042177   5156262   6663831         0         0         0    305012      7065    172774      3556 108.0      2970

3342 1    283606      3837   4168912   4379054   5192711         0    335784    367784    352819    165616      2904     99044      3920 108.0      3711
3342 2    282073      9421   6491905   6043256   5158853   6660361         0         0         0    319209      7616    187289      3920 108.0      3295

3342 1    260043      3212   4166965   4374497   5188208         0    334618    368264    351440    148404      2367     81808      3191 108.0      3015
3342 2    240842      7815   6475630   6033665   5145881   6659280         0         0         0    287144      6328    155993      3193 108.0      2693

---
3343 1   6153076     20650   1728197   1747438   2274596         0    140040    154812    142797     89906      1633     60468      2341 100.8      2202
3343 2   2355072     13531   2719533   2350741   2128387   3208315         0         0         0    175783      4559    112979      2341 100.8      1997

3343 1   6139839     20425   1726180   1746574   2271113         0    140462    154687    142956     85346      1543     55800      2166 100.8      2054
3343 2   2345559     12714   2711990   2343183   2123394   3206588         0         0         0    167868      4100    104781      2166 100.8      1833

3343 1   6152924     20893   1730445   1750284   2273635         0    140338    155009    143121     90095      1698     60447      2454 100.8      2302
3343 2   2354526     13434   2714260   2346176   2126084   3207205         0         0         0    176103      4589    113273      2454 100.8      2076

3343 1   6146112     20861   1729583   1749739   2270309         0    140509    154669    142545     89088      1758     59294      2292 100.8      2163
3343 2   2353422     13403   2714572   2348483   2128402   3209643         0         0         0    174555      4453    111090      2292 100.8      1902

3343 1   6147936     20646   1728169   1746973   2271265         0    140045    154881    142760     90507      1740     61241      2370 100.8      2213
3343 2   2357396     13648   2717646   2349362   2132066   3207268         0         0         0    177674      4683    114848      2370 100.8      1995

3343 1   6121994     19497   1724766   1739173   2262545         0    140655    154095    142339     71828      1187     42482      1557 100.8      1466
3343 2   2308607     10856   2700813   2338122   2121415   3202506         0         0         0    141833      3207     78802      1557 100.8      1309

---
3344 1   6144722     20787   1731121   1749054   2268461         0    140577    155221    142940     91945      1787     62680      2426 100.8      2277
3344 2   2361608     13945   2717840   2349432   2126446   3206795         0         0         0    180805      4811    117833      2426 100.8      1992

3344 1   6105425     18775   1717699   1734609   2261121         0    139623    154318    142252     60901       867     31557      1190 100.8      1124
3344 2   2280221      9302   2696492   2329417   2113054   3194681         0         0         0    121193      2327     58192      1190 100.8       990

3344 1   6145068     21005   1729955   1747648   2274641         0    141014    154650    142666     91822      1797     62564      2496 100.8      2340
3344 2   2359946     13701   2719343   2348174   2131671   3206453         0         0         0    180982      4704    117791      2496 100.8      2074

3344 1   6121116     19502   1720097   1740380   2265502         0    140096    153696    142457     71145      1170     41736      1637 100.8      1528
3344 2   2306491     10885   2704184   2335437   2121388   3201728         0         0         0    140394      3050     77185      1637 100.8      1367

3344 1   6120127     19489   1722499   1738453   2265602         0    140104    154500    142571     71723      1131     42307      1656 100.8      1538
3344 2   2309449     10754   2702116   2338596   2117878   3198524         0         0         0    140870      3112     78157      1656 100.8      1390

3344 1   6134875     20116   1726589   1743380   2268383         0    139697    154506    142996     80248      1484     50864      2013 100.8      1894
3344 2   2329812     12265   2705598   2343200   2120241   3201767         0         0         0    157792      4073     94621      2013 100.8      1666

3344 1   6104454     18760   1717113   1737724   2260318         0    140465    154343    142444     61574       851     32143      1154 100.8      1083
3344 2   2282417      9258   2695270   2325497   2112195   3197277         0         0         0    122022      2331     59166      1154 100.8       962

3344 1   6140356     20933   1729214   1749284   2271288         0    139960    154694    143100     90547      1684     60880      2377 100.8      2228
3344 2   2355183     13441   2718320   2347186   2126154   3201666         0         0         0    177106      4633    114227      2377 100.8      1965

---
3345 1    206950      1997     62442     62517     74704         0      2269      2647      2544     60408      1387     45661      1953 100.8      1733
3345 2    157378      4807    115528     99518     80823    112047         0         0         0    111809      3646     82711      1953 100.8      1434

3345 1    206134      1984     61856     62537     74788         0      2241      2581      2508     59114      1354     44453      1922 100.8      1719
3345 2    155672      4673    114967     99982     80688    112228         0         0         0    110826      3440     81421      1922 100.8      1378

3345 1    193512      1630     58887     59028     71463         0      2095      2516      2296     50888      1120     36491      1647 100.8      1482
3345 2    132294      3801    108156     93788     76272    108855         0         0         0     94997      2706     65884      1647 100.8      1182

3345 1    217202      2238     65138     65429     77201         0      2415      2800      2662     67377      1601     52707      2263 100.8      2014
3345 2    176118      5494    121018    104683     83810    114931         0         0         0    124837      4073     95513      2263 100.8      1635

3345 1    203405      1818     60737     61629     73929         0      2300      2588      2468     57907      1201     43359      1885 100.8      1681
3345 2    151597      4469    114031     98447     79624    111343         0         0         0    107997      3403     78700      1885 100.8      1398

3345 1    191842      1574     58071     58584     70970         0      2084      2382      2314     49136      1032     34933      1531 100.8      1365
3345 2    128791      3705    107061     93467     75094    108689         0         0         0     92776      2770     63709      1531 100.8      1136

3345 1    167927       904     51834     52589     65919         0      1818      2120      1955     33116       575     18784       801 100.8       701
3345 2     84744      2045     94256     83387     67959    102662         0         0         0     62986      1557     34238       801 100.8       563

3345 1    220960      2364     65896     65720     77654         0      2456      2811      2675     69932      1664     55302      2418 100.8      2175
3345 2    184569      5973    122823    105697     85882    115194         0         0         0    130478      4437    100984      2418 100.8      1729

---
3346 1    218348      2329     65223     65610     77394         0      2382      2798      2671     42450       868     41907      2354 100.8      1671
3346 2    179895      5733    122782    105184     84251    114874         0         0         0     68939      1808     67942      2354 100.8      1128

3346 1    207801      1901     62719     62300     74260         0      2361      2645      2532     35987       673     35504      1993 100.8      1438
3346 2    158627      4837    115503     99810     80940    112569         0         0         0     58856      1510     57908      1993 100.8       997

3346 1    196146      1710     59621     59635     72204         0      2246      2469      2302     30013       605     29543      1674 100.8      1185
3346 2    137121      4065    109324     94729     77006    110205         0         0         0     48699      1238     47829      1674 100.8       791

3346 1    223466      2372     66505     66951     78942         0      2493      2943      2765     44644       858     44069      2465 100.8      1734
3346 2    188192      5889    124592    106822     85926    116641         0         0         0     72410      1810     71383      2465 100.8      1213

3346 1    223062      2415     66674     67023     78341         0      2479      2896      2723     44770       867     44148      2469 100.8      1830
3346 2    188001      5851    124679    107701     86269    116256         0         0         0     72526      1835     71578      2469 100.8      1155

3346 1    208664      2041     62704     63362     75046         0      2360      2640      2539     37093       716     36587      2010 100.8      1416
3346 2    160401      4759    116570    100331     80835    112771         0         0         0     59305      1558     58432      2010 100.8       980

---
3347 1  14294627     67551   7219484   7609936   8961877         0    604202    667453    636733    253899      3094    123878      5104 108.0      4706
3347 2   5943053     35217  11364444  10593056   9131874  11476719         0         0         0    492546      7989    213916      5104 108.0      3937

3347 1  14291910     66868   7220009   7607132   8959734         0    607474    666215    636694    251934      2998    122594      5032 108.0      4594
3347 2   5945294     34821  11354826  10582136   9133297  11466528         0         0         0    490625      7830    212421      5032 108.0      3896

---
3348 1  14295439     68316    142843    144579    170521         0      5445      6247      5938    135889      2968    105494      5110 108.0      4303
3348 2   5941761     35281    267511    230434    188601    255649         0         0         0    246130      7484    180236      5110 108.0      3324

3348 1  14280333     67341    141321    143120    170407         0      5508      6170      5824    133009      2849    102767      5055 108.0      4243
3348 2   5936266     35039    265257    229332    187394    254014         0         0         0    241382      7223    175607      5055 108.0      3246

---
3349 1  14291170     67422   7223371   7607889   8957419         0    604563    668249    636580     82934      1372     81822      5239 108.0      3653
3349 2   5941688     35571  11353205  10583960   9127165  11464498         0         0         0    134283      2721    131388      5242 108.0      2458

3349 1  14299919     67955   7226489   7607526   8957907         0    606362    666130    635388     83212      1420     82001      5351 108.0      3729
3349 2   5938827     35272  11356529  10587544   9128722  11457713         0         0         0    133998      2697    131127      5353 108.0      2480

---
3350 1    535855      3848   7213533   7596601   8952057         0    605240    666920    636602    233316      2411     90468      4385 108.0      3970
3350 2    337533      9006  11334307  10569040   9118130  11456892         0         0         0    453181      6460    166783      4385 108.0      3469

3350 1    536243      3871   7218548   7597816   8947156         0    605281    663644    635875    231408      2573     89917      4271 108.0      3883
3350 2    336675      9049  11338828  10563429   9113178  11452828         0         0         0    452456      6414    166659      4272 108.0      3334

3350 1    537587      3848   7215431   7595012   8954927         0    602961    666482    634861    232282      2476     90257      4302 108.0      3912
3350 2    337888      9203  11339992  10571965   9115898  11454959         0         0         0    454093      6567    167494      4305 108.0      3376

---
3351 1  14262499     65929   3241929   3292483   4238427         0    273093    302315    278527    162869      2585     96246      4538 108.0      4150
3351 2   5878579     31718   5151046   4456494   4084231   5937451         0         0         0    316671      6481    170375      4538 108.0      3530

3351 1  14256292     66026   3241891   3285774   4239069         0    273345    301510    278906    161709      2503     95626      4431 108.0      4075
3351 2   5880260     31819   5154538   4456335   4081082   5937766         0         0         0    317878      6383    170924      4431 108.0      3448

3351 1  14257446     65679   3242344   3284913   4238403         0    273184    302343    278219    161914      2386     95073      4372 108.0      3955
3351 2   5873060     31357   5157980   4458270   4079711   5942332         0         0         0    315965      6295    169061      4372 108.0      3382

---
3352 1  14265481     66210   3244095   3289029   4239194         0    273576    301310    278022    165383      2584     98743      4580 108.0      4169
3352 2   5886972     32481   5156869   4457161   4085435   5940408         0         0         0    323336      6705    176090      4582 108.0      3524

3352 1  14257348     66119   3240658   3288153   4235129         0    273030    302281    278053    161357      2498     96042      4427 108.0      4039
3352 2   5875929     31449   5153773   4456998   4082431   5936759         0         0         0    318441      6437    171069      4427 108.0      3440

3352 1  14262125     66492   3240140   3286252   4239394         0    273196    303068    277026    162895      2453     96479      4437 108.0      4036
3352 2   5883362     31675   5152137   4457963   4079436   5937348         0         0         0    319267      6482    172402      4442 108.0      3442

---
3353 1    541631      4095    134768    137420    164514         0      5203      5828      5585    117681      2520     83809      4610 108.0      3895
3353 2    344405      9326    253686    218782    179929    247953         0         0         0    214722      6227    146063      4610 108.0      2980

3353 1    536071      3965    134113    136234    163983         0      4946      5837      5529    114928      2349     81304      4510 108.0      3799
3353 2    336078      9144    251088    217314    178326    247734         0         0         0    209783      6051    141679      4510 108.0      2906

3353 1    541919      4154    135858    137496    165082         0      5047      6021      5620    117719      2627     83787      4649 108.0      3907
3353 2    344677      9448    253190    219654    180282    248898         0         0         0    215409      6227    146800      4649 108.0      3035

---
3354 1    540045      3991    135203    136818    165522         0      5201      5917      5448     61827      1054     60687      4637 108.0      2996
3354 2    342958      9332    251804    218911    179780    249029         0         0         0     94834      2111     92998      4637 108.0      1881

3354 1    538065      3913    134562    136491    163867         0      5082      5811      5272     60939      1094     59895      4492 108.0      2870
3354 2    339265      9192    251140    218553    178750    248106         0         0         0     93125      2099     91254      4492 108.0      1756

3354 1    542464      3931    134959    137352    164954         0      4991      5975      5500     62043      1160     60906      4690 108.0      2966
3354 2    343373      9346    252393    219328    180323    249146         0         0         0     95041      2199     93207      4690 108.0      1899

---
3384 1 126954811   2440970  31311133  33175377  38178015         0   3537778   3907222   3720708   1267240      2359    462847      3414 108.0      2369
3384 2  63979602    804349  45541591  42473996  37927716  42962054         0         0         0   2287535      5635    437329      3414 108.0      1539

3384 1 126955934   2441414  31309751  33161180  38173247         0   3535955   3902698   3719176   1267979      2447    463252      3467 108.0      2381
3384 2  63962820    803361  45528651  42469323  37919103  42948076         0         0         0   2288080      5889    437527      3467 108.0      1537

3384 1 126953173   2442229  31308895  33167425  38167045         0   3537820   3907313   3715966   1264955      2403    462026      3263 108.0      2276
3384 2  63973883    804582  45514045  42464564  37918886  42942356         0         0         0   2286744      5749    436218      3263 108.0      1459

3384 1 126954933   2440211  31307108  33171256  38180234         0   3536077   3908280   3720088   1267397      2403    462633      3536 108.0      2507
3384 2  63958998    802921  45523397  42469659  37923336  42941011         0         0         0   2288625      5510    438072      3536 108.0      1621

---
3385 1 126990217   2441881    855028    896019   1114539         0     42784     50171     46216    343536      1716    152596      3430 108.0      2034
3385 2  63938211    802061   1479876   1314858   1141110   1492152         0         0         0    616659      3552    163151      3430 108.0      1092

3385 1 126961814   2440671    856649    895549   1111885         0     42624     50529     46020    343934      1750    152576      3483 108.0      2049
3385 2  63941010    803704   1481617   1317311   1140423   1493712         0         0         0    618188      3568    163747      3483 108.0      1173

3385 1 126986827   2441835    856604    894686   1111594         0     42462     50377     46367    342911      1731    152212      3493 108.0      2050
3385 2  63937582    803745   1479433   1316763   1140573   1492193         0         0         0    617712      3628    162920      3493 108.0      1143

3385 1 126971363   2442525    856130    894346   1112386         0     42278     50517     46138    342665      1727    152406      3360 108.0      2033
3385 2  63922752    802420   1478930   1316893   1139427   1495041         0         0         0    616429      3632    162374      3360 108.0      1074

---
3386 1 127021112   2441370  31316212  33174095  38190082         0   3538852   3904462   3723298     48555       356     39382      3428 108.0      1314
3386 2  63900539    803346  45539038  42486146  37919935  42949322         0         0         0     71987       426     46982      3428 108.0       557

3386 1 127004048   2443825  31316455  33166215  38174066         0   3533688   3904689   3717173     48861       344     39425      3381 108.0      1312
3386 2  63886289    801839  45531773  42466149  37913126  42956905         0         0         0     72453       414     47470      3381 108.0       562

3386 1 127008163   2441315  31317432  33152277  38166541         0   3535329   3902890   3715513     48533       370     39134      3455 108.0      1309
3386 2  63893447    801610  45533718  42470109  37907198  42943660         0         0         0     71871       455     46802      3455 108.0       540

3386 1 126998845   2444386  31319175  33161274  38168597         0   3536764   3902998   3715417     48832       376     39506      3417 108.0      1301
3386 2  63891721    803203  45519556  42470977  37910353  42955391         0         0         0     71485       402     46699      3417 108.0       589

---
3387 1   7879927     20673  31325844  33167809  38189972         0   3535618   3903146   3717408   1266279      2439     98777      3396 108.0      2353
3387 2   2572472     12998  45538881  42473408  37919432  42947884         0         0         0   2289536      5617    119812      3396 108.0      1546

3387 1   7878278     20953  31316805  33165550  38172091         0   3532482   3898407   3718900   1265576      2389     99547      3333 108.0      2372
3387 2   2574313     13138  45518764  42462998  37918734  42950457         0         0         0   2291326      5535    119792      3333 108.0      1545

3387 1   7878773     20691  31316866  33156016  38167208         0   3535239   3904430   3717233   1264500      2422     97672      3346 108.0      2289
3387 2   2571287     13000  45519593  42472138  37904606  42952609         0         0         0   2289349      5647    118149      3346 108.0      1561

3387 1   7887028     21108  31317371  33175356  38176996         0   3538926   3903603   3716838   1268941      2488    101661      3518 108.0      2441
3387 2   2583415     13683  45520016  42459474  37912390  42959921         0         0         0   2291988      5903    123877      3518 108.0      1603

---
3388 1 127071653   2444900  14867207  15195282  19029551         0   1660356   1832863   1692460    717719      2014    284352      3270 108.0      2284
3388 2  63874866    800564  22231325  19243259  18201374  23067649         0         0         0   1328261      4614    293591      3270 108.0      1451

3388 1 127064804   2445172  14859704  15193706  19025247         0   1657487   1834190   1692185    719949      2029    285977      3453 108.0      2427
3388 2  63877326    803472  22221767  19237496  18199657  23065289         0         0         0   1332468      4757    295766      3453 108.0      1514

3388 1 127080157   2446556  14857653  15187336  19029835         0   1652918   1832406   1692413    717747      1982    284825      3447 108.0      2428
3388 2  63878783    801045  22225880  19234622  18199363  23060679         0         0         0   1326360      4759    294304      3447 108.0      1505

3388 1 127055279   2445136  14865589  15191302  19029062         0   1656158   1832363   1692267    719238      2095    286411      3466 108.0      2447
3388 2  63870143    802783  22217993  19236238  18202196  23065954         0         0         0   1328906      4754    295169      3466 108.0      1522

---
3389 1 127079539   2445236  14869320  15189256  19024067         0   1658694   1835001   1694063    718505      2062    285441      3388 108.0      2335
3389 2  63879716    801833  22227994  19242556  18200929  23072254         0         0         0   1331411      4848    294993      3388 108.0      1527

3389 1 127084367   2445882  14872071  15186258  19027513         0   1658197   1832628   1692561    717232      2109    284831      3362 108.0      2338
3389 2  63878084    801750  22225244  19237186  18189231  23065165         0         0         0   1328723      4660    293851      3362 108.0      1500

3389 1 127071711   2444315  14860938  15189328  19039500         0   1657918   1831713   1692453    717951      2072    285404      3519 108.0      2427
3389 2  63885757    800448  22224778  19230687  18198671  23063446         0         0         0   1331458      4711    296688      3519 108.0      1580

3389 1 127083717   2446850  14861264  15192678  19032220         0   1659151   1831563   1691596    721055      2108    287800      3363 108.0      2307
3389 2  63892037    802686  22228145  19234990  18199543  23057546         0         0         0   1331820      4801    297588      3363 108.0      1535

---
3390 1   7885490     20730    856312    896655   1113229         0     42282     50490     46215    344154      1823     62428      3413 108.0      2027
3390 2   2573718     13290   1481354   1317552   1138759   1491358         0         0         0    617129      3577     82136      3413 108.0      1132

3390 1   7887298     20819    855650    895710   1112983         0     42528     50580     46920    343863      1672     62683      3334 108.0      1956
3390 2   2570057     13134   1480261   1317259   1138609   1496155         0         0         0    616198      3595     82407      3334 108.0      1133

3390 1   7884531     20627    858789    895526   1111968         0     42205     50304     46671    344222      1730     62772      3495 108.0      2046
3390 2   2573449     13053   1479149   1317252   1137519   1493135         0         0         0    616614      3610     82298      3498 108.0      1199

3390 1   7889025     21174    858194    896235   1114011         0     42371     50761     46708    346746      1808     65513      3621 108.0      2158
3390 2   2582001     13524   1482030   1318677   1144098   1493703         0         0         0    620738      3693     86138      3623 108.0      1217

---
3391 1   7889168     21062    857240    896187   1113898         0     42598     50595     46089     36850       343     29873      3376 108.0      1150
3391 2   2571524     12935   1480318   1317723   1139232   1494044         0         0         0     48691       436     34728      3376 108.0       448

3391 1   7885454     20767    855591    897249   1113147         0     42756     50504     46191     36727       348     29831      3364 108.0      1088
3391 2   2570217     13247   1480992   1317755   1140242   1493950         0         0         0     48930       445     34724      3364 108.0       487

3391 1   7886689     20732    856180    895628   1110873         0     42779     50613     46719     36497       333     29704      3460 108.0      1105
3391 2   2568339     13165   1478975   1316917   1139098   1494762         0         0         0     48676       448     34686      3460 108.0       502

3391 1   7881972     20894    856666    896811   1113127         0     42591     50543     46454     36780       360     29933      3384 108.0      1123
3391 2   2568909     13344   1481937   1317675   1139696   1492993         0         0         0     48836       430     34849      3384 108.0       427

---
