2588 1 HV0 1 1 4.6 4600 N
2586 1 HV0 1 1 4.6 4600 N
2584 1 HV0 1 1 4.6 4600 N
2582 1 HV0 1 1 4.6 4600 N
2580 2 HV0 1 1 4.6 460 N
2578 2 HV0 1 1 4.6 460 N
2576 2 HV0 1 1 4.6 460 N
2573 2 HV0 1 1 4.6 460 N
2552 1 HV0 0 1 N
2550 1 HV0 0 1 N
2548 1 HV0 0 1 N
2546 1 HV0 0 1 N
2544 2 HV0 0 1 N
2542 2 HV0 0 1 N
2541 2 HV0 0 1 N
2539 2 HV0 0 1 N
2517 2 HV0 1 1 69 33 4
2515 2 HV0 1 1 69 33 3
2513 2 HV0 1 1 69 33 2
2511 2 HV0 1 1 69 33 1
2501 1 HV0 1 1 2.2 33 4
2499 1 HV0 1 1 2.2 33 3
2497 1 HV0 1 1 2.2 33 2
2495 1 HV0 1 1 1 33 1
2493 1 HV0 1 1 1 33 3
2491 1 HV0 1 1 1 33 2
2489 1 HV0 1 1 1 33 0
2487 2 HV0 1 1 1 33 4
2485 2 HV0 1 1 1 33 3
2483 2 HV0 1 1 1 33 2
2461 2 HV0 0 1 4
2459 2 HV0 0 1 3
2457 2 HV0 0 1 2
2455 2 HV0 0 1 1
2412 1 2900 1 1 4.6 22 4
2410 1 2900 1 1 4.6 22 3
2408 1 2900 1 1 4.6 22 2
2406 1 2900 1 1 4.6 22 1
2404 1 HV0 1 1 4.6 22 2
2402 1 HV0 1 1 4.6 22 1
2396 1 HV0 1 1 4.6 22 4
2388 1 HV0 1 1 4.6 22 3
2383 1 HV0 1 1 10 22 2
2377 1 HV0 1 1 10 22 1
2355 2 HV0 1 1 6.9 1000 4
2353 2 HV0 1 1 6.9 1000 3
2351 2 HV0 1 1 6.9 1000 2
2349 2 HV0 1 1 6.9 1000 1
2347 2 3600 1 1 6.9 1000 4
2345 2 3600 1 1 6.9 1000 3
2343 2 3600 1 1 69 1000 2
2341 2 3600 1 1 69 1000 1
2296 2 3600 0 1 4
2294 2 3600 0 1 3
2292 2 3600 0 1 2
2290 2 3600 0 1 0
2287 2 HV0 0 1 4
2285 2 HV0 0 1 3
2283 2 HV0 0 1 2
2281 2 HV0 0 1 N
2249 1 HV0 0 1 4
2247 1 HV0 0 1 3
2245 1 HV0 0 1 2
2243 1 HV0 0 1 1
2241 1 2900 0 1 4
2239 1 2900 0 1 3
2237 1 2900 0 1 2
2235 1 2900 0 1 1
2233 2 HV0 1 1 46 100 4
2231 2 HV0 1 1 46 100 3
2229 2 HV0 1 1 46 100 2
2214 2 3600 1 1 46 100 0
2210 2 3600 1 1 46000 46 4
2208 2 3600 1 1 46000 46 3
2206 2 3600 1 1 46000 46 2
2204 2 3600 1 1 46000 46 1
2202 2 HV0 1 1 46000 46 4
2200 2 HV0 1 1 46000 46 3
2198 2 HV0 1 1 46000 46 2
2196 2 HV0 1 1 46000 46 1
2194 2 3600 1 1 46000 15 4
2192 2 3600 1 1 46000 15 3
2190 2 3600 1 1 46000 15 2
2188 2 3600 1 1 46000 15 1
2186 2 HV0 1 1 46000 22 4
2184 2 HV0 1 1 46000 22 3
2182 2 HV0 1 1 46000 22 2
2179 2 HV0 1 1 46000 22 1
2177 2 3700 1 1 46000 15 4
2175 2 3700 1 1 46000 15 3
2173 2 3700 1 1 46000 15 3
2171 2 3700 1 1 46000 15 2
2169 2 3700 1 1 46000 15 1
2167 1 2900 1 1 46000 69 4
2165 1 2900 1 1 46000 69 3
2163 1 2900 1 1 46000 69 2
2161 1 2900 1 1 46000 69 1
2159 1 HV0 1 1 46000 69 4
2157 1 HV0 1 1 46000 69 3
2155 1 HV0 1 1 46000 69 2
2153 1 HV0 1 1 46000 69 1
2151 1 2700 1 1 3.3 69 0
2147 1 2800 1 1 3.3 69 0
2140 1 2900 1 1 3.3 69 0
2133 1 HV0 1 1 3.3 69 0
2116 2 3600 0 1 4
2114 2 3600 0 1 3
2112 2 3600 0 1 2
2110 2 3600 0 1 0
2106 2 HV0 0 1 4
2104 2 HV0 0 1 3
2102 2 HV0 0 1 2
2100 2 HV0 0 1 N
2058 1 HV0 1 1 46000 100 4
2056 1 HV0 1 1 46000 100 3
2054 1 HV0 1 1 46000 100 2
2052 1 HV0 1 1 46000 100 0
2047 1 HV0 1 1 46000 46 4
2045 1 HV0 1 1 46000 46 3
2043 1 HV0 1 1 46000 46 2
2041 1 HV0 1 1 46000 46 0
2037 2 HV0 1 1 46000 46 0
2033 2 HV0 1 1 46000 46 2
2031 2 HV0 1 1 46000 46 3
2029 2 HV0 1 1 46000 46 4
2027 2 HV0 1 1 4.6 22 4
2025 2 HV0 1 1 4.6 22 3 3
2023 2 HV0 1 1 4.6 22 2
2021 2 HV0 1 1 4.6 22 0
2017 1 HV0 1 1 4.6 22 4
2015 1 HV0 1 1 4.6 22 3
2013 1 HV0 1 1 4.6 22 2
2011 1 HV0 1 1 4.6 22 0
2006 1 HV0 1 1 46 46 4
2004 1 HV0 1 1 46 46 3
2002 1 HV0 1 1 46 46 2
1987 1 2900 1 1 46 46 N
1980 1 HV0 1 1 46 46 N
1975 1 HV0 0 1 4
1972 1 HV0 0 1 3
1969 1 HV0 0 1 2
1967 1 HV0 0 1 0
1962 1 2900 0 1 0
1942 2 HV0 1 1 4.6 10 0
1938 1 HV0 1 1 6.9 10 4
1935 1 HV0 1 1 6.9 10 3
1933 1 HV0 1 1 6.9 10 2
1931 1 HV0 1 1 6.9 10 0
1917 2 HV0 1 1 10 4.6 4
1913 2 HV0 1 1 10 4.6 3
1909 2 HV0 1 1 10 4.6 2
1901 2 HV0 1 1 10 4.6 N
1893 2 HV0 0 1 4
1889 2 HV0 0 1 3
1885 2 HV0 0 1 2
1881 2 HV0 0 1 1
1875 1 HV0 0 0 0
1872 2 HV0 0 1 N
1868 1 HV0 1 1 10 15 4
1866 1 HV0 1 1 10 15 3
1864 1 HV0 1 1 10 15 2
1862 1 HV0 1 1 10 15 0
1858 2 HV0 1 1 10 15 4
1856 2 HV0 1 1 10 15 3
1854 2 HV0 1 1 10 15 2
1852 2 HV0 1 1 10 15 0
1848 2 HV0 1 1 6.9 22 4
1846 2 HV0 1 1 6.9 22 3
1844 2 HV0 1 1 6.9 22 2
1839 2 HV0 1 1 6.9 22 0
1837 1 HV0 1 1 6.9 22 4
1834 1 HV0 1 1 6.9 22 3
1832 1 HV0 1 1 6.9 22 2
1830 1 HV0 1 1 6.9 22 1
1818 2 HV0 1 1 2.2 100 4
1816 2 HV0 1 1 2.2 100 3
1814 2 HV0 1 1 2.2 100 2
1812 2 HV0 1 1 2.2 100 0
1810 2 HV0 1 1 46 100 0
1807 1 HV0 1 1 46 100 4
1805 1 HV0 1 1 46 100 3
1803 1 HV0 1 1 46 100 2
1801 1 HV0 1 1 46 100 0
1798 1 HV0 1 1 100 46 2
1796 1 HV0 1 1 100 46 0
1793 2 HV0 1 1 100 46 4
1791 2 HV0 1 1 100 46 3
1789 2 HV0 1 1 100 46 2
1786 2 HV0 1 1 100 46 0
1783 2 HV0 1 1 22 22 3
1781 2 HV0 1 1 22 22 4
1778 1 HV0 1 1 10 10 4
1776 1 HV0 1 1 10 10 3
1774 1 HV0 1 1 10 10 2
1771 1 HV0 1 1 10 10 N
1767 1 HV0 1 1 6.9 4.6 N
1764 2 HV0 1 1 6.9 4.6 4
1762 2 HV0 1 1 6.9 4.6 3
1759 2 HV0 1 1 6.9 4.6 2
1757 2 HV0 1 1 6.9 4.6 1
1754 2 HV0 1 1 6.9 4.6 N
1694 1 2950 0 0 N
1690 1 2900 0 0 N
1686 1 HV0 0 0 N
