  Att Meas Cham     L1A     LCT     LSc     LSM      AM     Seg     SSc
  4.6 3384 ME11   15020   10455    9267    8726    7992   13594   12795
  4.6 3384 ME21   15020    6745    6160    5700    5271   12316   11113
   10 3347 ME11   15005   13766   13054   13301   12668   14762   14321
   10 3347 ME21   15005   11682   10970   11077   10458   14259   13721
   15 3339 ME11   10008    9447    8997    9223    8803    9917    9637
   15 3339 ME21   10008    8466    8051    8147    7757    9699    9403
   22 3250 ME11   10009    9815    9368    9683    9243    9951    9653
   22 3250 ME21   10009    9228    8752    9008    8556    9859    9569
   33 3241 ME11   10011    9887    9438    9764    9316    9975    9710
   33 3241 ME21   10011    9471    9010    9270    8815    9881    9601
   46 3232 ME11   10011    9937    9502    9850    9427    9988    9714
   46 3232 ME21   10011    9664    9183    9502    9043    9902    9638
   69 3317 ME11   15013   14952   14274   14808   14151   14975   14523
   69 3317 ME21   15013   14554   13857   14302   13629   14854   14455
  100 3295 ME11   20017   19954   19091   19787   18943   19980   19424
  100 3295 ME21   20017   19661   18760   19345   18457   19802   19275
  330 3308 ME11   15014   14981   14309   14875   14204   14985   14536
  330 3308 ME21   15014   14817   14108   14577   13879   14863   14455
46000 3222 ME11   10010   10001    9561    9932    9494    9992    9693
46000 3222 ME21   10010    9922    9433    9795    9299    9922    9667
  inf 3284 ME11   10008   10000    9576    9938    9509    9994    9700
  inf 3284 ME21   10008    9954    9458    9795    9302    9915    9644

  Att Meas Cham     L1A     LCT     LSc     LSM      AM     Seg     SSc
  4.6 3385 ME11   15052    8928    7991    7640    7016   11254   10810
  4.6 3385 ME21   15052    4916    4414    4254    3859    7369    6885
   10 3348 ME11   15015   12629   11998   12264   11699   14106   13695
   10 3348 ME21   15015    9711    9090    9270    8708   12078   11660
   15 3340 ME11   12191   10782   10262   10536   10061   11724   11409
   15 3340 ME21   12191    8850    8349    8526    8060   10572   10213
   22 3251 ME11   15017   14287   13633   14077   13454   14805   14378
   22 3251 ME21   15017   12592   11922   12330   11653   14054   13647
   33 3242 ME11   10008    9654    9242    9547    9141    9901    9646
   33 3242 ME21   10008    8830    8392    8662    8224    9585    9306
   46 3233 ME11   10005    9800    9396    9698    9315    9951    9692
   46 3233 ME21   10005    9161    8693    8989    8537    9704    9449
   69 3318 ME11   15022   14760   14114   14630   13995   14954   14505
   69 3318 ME21   15022   13847   13156   13611   12937   14623   14236
  100 3296 ME11   20025   19815   18963   19649   18829   19960   19394
  100 3296 ME21   20025   18901   17979   18557   17661   19621   19107
  330 3309 ME11   15021   14922   14292   14793   14182   14978   14574
  330 3309 ME21   15021   14315   13635   14067   13378   14756   14360
46000 3223 ME11   10008    9971    9511    9905    9457    9987    9706
46000 3223 ME21   10008    9732    9242    9578    9084    9871    9597
  inf 3285 ME11   10014    9974    9553    9910    9499    9994    9742
  inf 3285 ME21   10014    9747    9288    9602    9154    9911    9652

  Att Meas Cham     L1A     LCT     LSc     LSM      AM     Seg     SSc
  4.6 3386 ME11   15019    5720    5108    4869    4474   13692   12857
  4.6 3386 ME21   15019    2465    2218    2131    1952   12230   10933
   10 3349 ME11   15011   10427    9848   10084    9582   14776   14292
   10 3349 ME21   15011    6993    6506    6625    6232   14198   13641
   15 3341 ME11   15012   11484   10967   11231   10763   14868   14463
   15 3341 ME21   15012    8289    7748    7977    7486   14454   13968
   22 3252 ME11   10013    8707    8330    8586    8241    9966    9702
   22 3252 ME21   10013    7162    6739    6985    6587    9836    9540
   33 3243 ME11   10009    9079    8689    8976    8601    9981    9696
   33 3243 ME21   10009    7653    7256    7473    7119    9866    9596
   46 3234 ME11   10011    9419    9011    9336    8944    9988    9696
   46 3234 ME21   10011    8294    7865    8144    7737    9895    9616
   69 3319 ME11   15016   14263   13666   14145   13573   14983   14579
   69 3319 ME21   15016   12599   11937   12373   11762   14858   14462
  100 3297 ME11   20025   19401   18571   19239   18438   19976   19406
  100 3297 ME21   20025   17863   16993   17537   16722   19783   19266
  330 3310 ME11   15016   14698   14033   14581   13936   14983   14535
  330 3310 ME21   15016   13615   12905   13382   12701   14877   14430
46000 3224 ME11   10008    9896    9480    9819    9408    9987    9718
46000 3224 ME21   10008    9457    9025    9309    8896    9904    9660
  inf 3286 ME11   10007    9904    9458    9824    9386    9985    9689
  inf 3286 ME21   10007    9466    8988    9304    8839    9898    9619

  Att Meas Cham     L1A     LCT     LSc     LSM      AM     Seg     SSc
  4.6 3387 ME11   15026   10466    9922    8854    8460   13637   12763
  4.6 3387 ME21   15026    6915    6343    5708    5315   12157   10869
   10 3350 ME11   15016   13656   13101   13221   12690   14769   14343
   10 3350 ME21   15016   11765   11131   11179   10606   14240   13727
   15 3342 ME11   15016   14176   13579   13845   13269   14851   14417
   15 3342 ME21   15016   12596   11908   12104   11457   14514   14039
   22 3253 ME11   10019    9815    9365    9650    9231    9960    9645
   22 3253 ME21   10019    9183    8700    8955    8492    9819    9513
   33 3244 ME11   10013    9878    9481    9767    9363    9973    9700
   33 3244 ME21   10013    9458    8989    9249    8793    9846    9570
   46 3235 ME11   10010    9934    9510    9851    9437    9987    9711
   46 3235 ME21   10010    9669    9181    9485    9029    9878    9605
   69 3320 ME11   15021   14944   14283   14814   14173   14988   14558
   69 3320 ME21   15021   14580   13913   14303   13636   14832   14433
  100 3298 ME11   25025   24947   23920   24746   23736   24973   24271
  100 3298 ME21   25025   24562   23439   24141   23067   24750   24110
  330 3311 ME11   15016   14992   14341   14858   14227   14990   14547
  330 3311 ME21   15016   14815   14105   14585   13881   14871   14510
46000 3225 ME11   10013   10001    9575    9928    9506    9990    9714
46000 3225 ME21   10013    9920    9456    9776    9318    9904    9662
  inf 3287 ME11   10006   10000    9566    9917    9493    9991    9713
  inf 3287 ME21   10006    9939    9466    9787    9333    9901    9642

  Att Meas Cham     L1A     LCT     LSc     LSM      AM     Seg     SSc
  4.6 3388 ME11   15027   10565    9368    8894    8124   13610   12912
  4.6 3388 ME21   15027    6643    6036    5801    5338   11926   10981
   10 3351 ME11   15025   13727   12995   13290   12643   14830   14372
   10 3351 ME21   15025   11693   11002   11095   10482   14157   13666
   15 3343 ME11   15015   14128   13430   13796   13152   14847   14440
   15 3343 ME21   15015   12620   11889   12168   11514   14475   14030
   22 3254 ME11   10010    9778    9373    9633    9245    9967    9704
   22 3254 ME21   10010    9227    8733    9004    8523    9797    9519
   33 3245 ME11   10003    9854    9426    9750    9337    9974    9721
   33 3245 ME21   10003    9477    8982    9322    8837    9880    9625
   46 3236 ME11   10013    9947    9521    9851    9440    9988    9717
   46 3236 ME21   10013    9647    9188    9491    9033    9897    9628
   69 3321 ME11   15010   14912   14301   14776   14164   14972   14565
   69 3321 ME21   15010   14538   13803   14297   13585   14861   14483
  100 3299 ME11   27522   27412   26238   27170   26033   27453   26717
  100 3299 ME21   27522   27001   25725   26553   25317   27237   26518
  330 3312 ME11   15023   14972   14313   14863   14228   14980   14553
  330 3312 ME21   15023   14802   14109   14566   13893   14858   14476
46000 3226 ME11   10012   10001    9560    9923    9499    9989    9725
46000 3226 ME21   10012    9919    9446    9764    9293    9912    9650
  inf 3288 ME11   15019   14996   14344   14899   14274   14984   14577
  inf 3288 ME21   15019   14888   14173   14657   13954   14853   14481

  Att Meas Cham     L1A     LCT     LSc     LSM      AM     Seg     SSc
  4.6 3389 ME11   15031   10404    9222    8736    7981   13586   12847
  4.6 3389 ME21   15031    6799    6219    5869    5443   11853   10978
   10 3352 ME11   15018   13665   12988   13208   12605   14783   14365
   10 3352 ME21   15018   11637   10979   11104   10496   14196   13706
   15 3344 ME11   15015   14079   13422   13756   13148   14848   14431
   15 3344 ME21   15015   12465   11799   12030   11419   14453   14027
   22 3255 ME11   10010    9776    9302    9634    9189    9953    9661
   22 3255 ME21   10010    9208    8726    9012    8536    9828    9539
   33 3246 ME11   10007    9867    9455    9779    9363    9972    9699
   33 3246 ME21   10007    9422    8985    9246    8818    9872    9622
   46 3237 ME11   10010    9925    9516    9845    9444    9983    9721
   46 3237 ME21   10010    9662    9216    9507    9067    9899    9623
   69 3323 ME11   15020   14915   14300   14791   14191   14993   14585
   69 3323 ME21   15020   14560   13859   14295   13623   14848   14471
  100 3300 ME11   27531   27432   26203   27198   25997   27466   26678
  100 3300 ME21   27531   26956   25710   26517   25317   27226   26532
  330 3313 ME11   15019   14978   14322   14861   14220   14983   14568
  330 3313 ME21   15019   14798   14075   14556   13839   14826   14445
46000 3227 ME11   10013    9997    9556    9920    9480    9995    9722
46000 3227 ME21   10013    9913    9423    9759    9279    9902    9626
  inf 3289 ME11   10014    9992    9582    9936    9526    9995    9730
  inf 3289 ME21   10014    9923    9461    9781    9314    9902    9657

  Att Meas Cham     L1A     LCT     LSc     LSM      AM     Seg     SSc
  4.6 3390 ME11   15040    8895    8396    7751    7378   11355   10829
  4.6 3390 ME21   15040    5080    4545    4385    3987    7443    6906
   10 3353 ME11   15034   12669   12109   12339   11819   14108   13738
   10 3353 ME21   15034    9730    9116    9310    8740   12034   11560
   15 3345 ME11   15019   13399   12826   13152   12589   14472   14083
   15 3345 ME21   15019   10919   10292   10536    9964   12944   12555
   22 3256 ME11   10010    9534    9160    9425    9050    9886    9615
   22 3256 ME21   10010    8485    8033    8283    7847    9385    9092
   33 3247 ME11   10018    9659    9221    9552    9122    9906    9598
   33 3247 ME21   10018    8811    8339    8595    8146    9556    9261
   46 3239 ME11   10007    9803    9369    9710    9296    9956    9697
   46 3239 ME21   10007    9196    8734    9042    8587    9710    9430
   69 3324 ME11   15014   14780   14114   14656   13997   14952   14534
   69 3324 ME21   15014   13793   13110   13567   12868   14600   14154
  100 3301 ME11   27530   27269   26116   27042   25916   27444   26689
  100 3301 ME21   27530   26073   24793   25651   24402   27013   26291
  330 3314 ME11   15019   14933   14289   14829   14200   14987   14585
  330 3314 ME21   15019   14330   13639   14076   13401   14761   14354
46000 3228 ME11   10016    9977    9531    9889    9461    9990    9719
46000 3228 ME21   10016    9716    9241    9561    9101    9888    9609
  inf 3290 ME11   10008    9973    9536    9896    9472    9986    9720
  inf 3290 ME21   10008    9763    9270    9609    9107    9887    9615

  Att Meas Cham     L1A     LCT     LSc     LSM      AM     Seg     SSc
  4.6 3391 ME11   15044    4931    4646    4309    4120   11210   10709
  4.6 3391 ME21   15044    2061    1824    1847    1683    7420    6911
   10 3354 ME11   15024    9616    9159    9363    8974   14116   13725
   10 3354 ME21   15024    5999    5563    5730    5363   12049   11605
   15 3346 ME11   15019   10767   10244   10573   10102   14458   14032
   15 3346 ME21   15019    7254    6689    7016    6527   12920   12426
   22 3257 ME11   10014    8367    7990    8264    7899    9887    9579
   22 3257 ME21   10014    6388    5992    6215    5864    9398    9114
   33 3249 ME11   10013    8766    8389    8679    8321    9921    9646
   33 3249 ME21   10013    7088    6690    6959    6578    9564    9301
   46 3240 ME11   10013    9187    8770    9100    8712    9965    9688
   46 3240 ME21   10013    7709    7256    7538    7121    9730    9451
   69 3325 ME11   15019   13857   13266   13731   13176   14951   14526
   69 3325 ME21   15019   11776   11083   11547   10889   14591   14167
  100 3303 ME11   10011    9516    9117    9448    9057    9981    9705
  100 3303 ME21   10011    8347    7901    8206    7782    9832    9584
  330 3315 ME11   15016   14463   13873   14357   13790   14977   14564
  330 3315 ME21   15016   12829   12179   12603   11978   14770   14391
46000 3229 ME11   10017    9780    9362    9710    9304    9999    9708
46000 3229 ME21   10017    8999    8545    8870    8438    9907    9653
  inf 3291 ME11   10016    9801    9413    9727    9356    9991    9725
  inf 3291 ME21   10016    9038    8589    8893    8468    9895    9646
