  inf 3284 3285 3286 3287 3288 3289 3290 3291
46000 3222 3223 3224 3225 3226 3227 3228 3229
  330 3308 3309 3310 3311 3312 3313 3314 3315
  100 3295 3296 3297 3298 3299 3300 3301 3303
   69 3317 3318 3319 3320 3321 3323 3324 3325
   46 3232 3233 3234 3235 3236 3237 3239 3240
   33 3241 3242 3243 3244 3245 3246 3247 3249
   22 3250 3251 3252 3253 3254 3255 3256 3257
   15 3339 3340 3341 3342 3343 3344 3345 3346
   10 3347 3348 3349 3350 3351 3352 3353 3354
  4.6 3384 3385 3386 3387 3388 3389 3390 3391
